free
20.0
4.0
false
172.0
474.0
172.0
470.0
170.0
455.0
166.0
433.0
160.0
404.0
154.0
375.0
149.0
354.0
146.0
336.0
143.0
321.0
142.0
309.0
142.0
300.0
142.0
291.0
142.0
283.0
142.0
276.0
143.0
268.0
144.0
261.0
145.0
255.0
146.0
252.0
146.0
249.0
147.0
247.0
147.0
246.0
148.0
245.0
148.0
243.0
149.0
241.0
151.0
239.0
153.0
237.0
157.0
236.0
163.0
235.0
171.0
234.0
179.0
233.0
187.0
233.0
195.0
233.0
201.0
233.0
205.0
236.0
208.0
243.0
209.0
255.0
208.0
269.0
206.0
284.0
200.0
297.0
194.0
307.0
186.0
316.0
178.0
323.0
169.0
328.0
162.0
330.0
156.0
332.0
152.0
333.0
150.0
333.0
149.0
333.0
149.0
333.0
149.0
333.0
152.0
332.0
160.0
330.0
171.0
328.0
184.0
328.0
197.0
328.0
209.0
329.0
220.0
334.0
230.0
340.0
239.0
347.0
245.0
353.0
249.0
359.0
251.0
367.0
252.0
376.0
251.0
385.0
246.0
393.0
239.0
402.0
230.0
411.0
220.0
419.0
207.0
428.0
192.0
436.0
178.0
441.0
167.0
444.0
159.0
446.0
154.0
447.0
152.0
447.0
151.0
447.0
150.0
447.0

free
20.0
4.0
false
275.0
208.0
275.0
209.0
275.0
219.0
275.0
246.0
275.0
289.0
279.0
333.0
286.0
374.0
294.0
412.0
299.0
441.0
303.0
460.0
305.0
474.0
307.0
485.0
308.0
495.0
309.0
502.0
309.0
507.0
309.0
511.0
309.0
514.0
309.0
515.0
309.0
517.0
309.0
517.0
309.0
518.0
309.0
518.0
312.0
517.0
318.0
515.0
328.0
511.0
339.0
506.0
350.0
502.0
360.0
497.0
367.0
492.0
373.0
486.0
377.0
479.0
381.0
473.0
385.0
467.0
389.0
460.0
394.0
454.0
399.0
448.0
404.0
443.0
408.0
440.0
409.0
439.0
410.0
439.0
410.0
438.0

free
20.0
4.0
false
458.0
442.0
458.0
437.0
458.0
426.0
458.0
407.0
458.0
372.0
458.0
334.0
458.0
299.0
460.0
263.0
464.0
237.0
468.0
217.0
472.0
201.0
476.0
191.0
480.0
183.0
483.0
177.0
487.0
172.0
490.0
168.0
493.0
166.0
497.0
165.0
500.0
165.0
504.0
167.0
508.0
174.0
512.0
189.0
514.0
210.0
516.0
238.0
517.0
269.0
519.0
299.0
521.0
320.0
523.0
340.0
525.0
359.0
527.0
371.0
529.0
381.0
531.0
391.0
533.0
399.0
533.0
405.0
534.0
409.0
534.0
410.0
534.0
412.0
534.0
413.0
534.0
414.0
534.0
415.0
535.0
416.0
535.0
417.0
535.0
417.0
535.0
418.0
535.0
418.0
535.0
419.0
536.0
419.0
536.0
419.0
460.0
336.0
460.0
336.0
463.0
336.0
469.0
336.0
477.0
336.0
485.0
336.0
494.0
336.0
503.0
336.0
509.0
336.0
514.0
336.0
517.0
336.0
518.0
336.0
519.0
336.0
520.0
336.0
520.0
336.0
520.0
336.0
520.0
336.0
521.0
336.0
521.0
336.0
522.0
335.0
522.0
335.0
522.0
335.0

free
20.0
4.0
false
580.0
427.0
580.0
425.0
580.0
420.0
580.0
415.0
580.0
406.0
580.0
397.0
578.0
387.0
575.0
374.0
573.0
361.0
571.0
347.0
569.0
334.0
569.0
321.0
568.0
309.0
568.0
300.0
568.0
297.0
568.0
280.0
568.0
273.0
568.0
267.0
568.0
258.0
568.0
251.0
568.0
244.0
568.0
242.0
569.0
229.0
570.0
227.0
571.0
221.0
572.0
216.0
573.0
212.0
575.0
207.0
575.0
203.0
577.0
200.0
577.0
197.0
578.0
194.0
579.0
192.0
579.0
191.0
580.0
190.0
580.0
189.0
580.0
189.0
581.0
189.0
581.0
189.0
581.0
189.0
581.0
189.0
582.0
191.0
582.0
194.0
582.0
200.0
582.0
207.0
582.0
216.0
582.0
236.0
582.0
250.0
582.0
259.0
582.0
276.0
582.0
293.0
582.0
311.0
582.0
325.0
582.0
343.0
584.0
355.0
584.0
361.0
585.0
370.0
586.0
378.0
586.0
385.0
588.0
391.0
589.0
395.0
591.0
400.0
593.0
403.0
595.0
405.0
597.0
408.0
598.0
410.0
599.0
412.0
601.0
414.0
603.0
415.0
604.0
417.0
605.0
417.0
606.0
418.0
606.0
419.0
607.0
419.0
608.0
419.0
608.0
419.0
609.0
419.0
609.0
419.0
610.0
419.0
611.0
419.0
611.0
419.0
612.0
419.0
612.0
419.0
613.0
419.0
613.0
419.0
613.0
419.0
614.0
419.0
615.0
419.0
615.0
419.0
615.0
419.0
616.0
417.0
616.0
415.0
617.0
412.0
618.0
409.0
619.0
403.0
620.0
396.0
621.0
389.0
622.0
380.0
623.0
370.0
624.0
361.0
625.0
352.0
627.0
343.0
628.0
340.0
630.0
328.0
632.0
322.0
633.0
316.0
636.0
311.0
638.0
304.0
639.0
298.0
641.0
291.0
643.0
284.0
644.0
277.0
646.0
268.0
648.0
259.0
650.0
252.0
652.0
243.0
653.0
240.0
654.0
233.0
656.0
227.0
657.0
222.0
658.0
219.0
658.0
215.0
659.0
214.0
659.0
213.0
659.0
212.0
660.0
211.0
660.0
211.0
660.0
211.0

free
20.0
4.0
false
683.0
218.0
683.0
219.0
683.0
223.0
683.0
236.0
679.0
263.0
672.0
295.0
666.0
327.0
658.0
369.0
651.0
407.0
647.0
429.0
645.0
446.0
644.0
459.0
644.0
466.0
644.0
470.0
644.0
473.0
644.0
475.0
644.0
476.0
644.0
476.0
644.0
477.0
662.0
352.0
664.0
347.0
669.0
337.0
678.0
326.0
689.0
314.0
701.0
303.0
715.0
293.0
727.0
285.0
737.0
279.0
746.0
274.0
753.0
270.0
760.0
266.0
767.0
262.0
773.0
260.0
778.0
258.0
782.0
256.0
784.0
256.0
785.0
255.0
785.0
255.0
786.0
255.0
663.0
358.0
665.0
360.0
669.0
364.0
674.0
370.0
681.0
377.0
688.0
388.0
697.0
401.0
704.0
412.0
711.0
421.0
717.0
430.0
724.0
438.0
729.0
445.0
733.0
451.0
736.0
456.0
738.0
459.0
739.0
462.0
739.0
463.0
740.0
464.0
740.0
464.0
740.0
464.0
740.0
464.0
740.0
464.0
740.0
465.0
740.0
465.0

