running
47.0
4.0
false
pt
483.12073
1008.2527
483.12073
1008.2527
483.12073
1008.2527
pt
498.12463
993.24866
498.12463
993.24866
498.12463
993.24866
pt
484.1211
979.2449
484.1211
979.2449
484.1211
979.2449
pt
498.12463
994.2488
498.12463
994.2488
498.12463
994.2488
pt
512.128
1008.2527
512.128
1008.2527
512.128
1008.2527
pt
498.12463
993.24866
498.12463
993.24866
498.12463
993.24866
pt
513.1282
979.2449
513.1282
979.2449
513.1282
979.2449
pt
498.12463
994.2488
498.12463
994.2488
498.12463
994.2488

running
46.0
4.0
false
pt
515.12885
978.2448
515.12885
978.2448
515.12885
978.2448
pt
530.1324
963.2402
530.1324
963.2402
530.1324
963.2402
pt
516.1289
949.23676
516.1289
949.23676
516.1289
949.23676
pt
530.1324
964.2406
530.1324
964.2406
530.1324
964.2406
pt
544.13586
978.2448
544.13586
978.2448
544.13586
978.2448
pt
530.1324
963.2402
530.1324
963.2402
530.1324
963.2402
pt
545.13617
949.23676
545.13617
949.23676
545.13617
949.23676
pt
530.1324
964.2406
530.1324
964.2406
530.1324
964.2406

running
36.0
4.0
false
pt
546.1362
947.23627
546.1362
947.23627
546.1362
947.23627
pt
561.14044
932.23303
561.14044
932.23303
561.14044
932.23303
pt
547.137
918.2296
547.137
918.2296
547.137
918.2296
pt
561.14044
933.2332
561.14044
933.2332
561.14044
933.2332
pt
575.14355
947.23627
575.14355
947.23627
575.14355
947.23627
pt
561.14044
932.23303
561.14044
932.23303
561.14044
932.23303
pt
576.1439
918.2296
576.1439
918.2296
576.1439
918.2296
pt
561.14044
933.2332
561.14044
933.2332
561.14044
933.2332

running
39.0
4.0
false
pt
577.1445
916.22845
577.1445
916.22845
577.1445
916.22845
pt
592.14813
901.2253
592.14813
901.2253
592.14813
901.2253
pt
578.1444
887.2219
578.1444
887.2219
578.1444
887.2219
pt
592.14813
902.2252
592.14813
902.2252
592.14813
902.2252
pt
606.15125
916.22845
606.15125
916.22845
606.15125
916.22845
pt
592.14813
901.2253
592.14813
901.2253
592.14813
901.2253
pt
607.1514
887.2219
607.1514
887.2219
607.1514
887.2219
pt
592.14813
902.2252
592.14813
902.2252
592.14813
902.2252

running
42.0
4.0
false
pt
608.1519
885.2214
608.1519
885.2214
608.1519
885.2214
pt
623.1553
870.21747
623.1553
870.21747
623.1553
870.21747
pt
609.15234
856.21387
609.15234
856.21387
609.15234
856.21387
pt
623.1553
871.21735
623.1553
871.21735
623.1553
871.21735
pt
637.1594
885.2214
637.1594
885.2214
637.1594
885.2214
pt
623.1553
870.21747
623.1553
870.21747
623.1553
870.21747
pt
638.1593
856.21387
638.1593
856.21387
638.1593
856.21387
pt
623.1553
871.21735
623.1553
871.21735
623.1553
871.21735

running
32.0
4.0
false
pt
608.1519
854.2133
608.1519
854.2133
608.1519
854.2133
pt
623.1553
839.2095
623.1553
839.2095
623.1553
839.2095
pt
609.15234
825.2061
609.15234
825.2061
609.15234
825.2061
pt
623.1553
840.2101
623.1553
840.2101
623.1553
840.2101
pt
637.1594
854.2133
637.1594
854.2133
637.1594
854.2133
pt
623.1553
839.2095
623.1553
839.2095
623.1553
839.2095
pt
638.1593
825.2061
638.1593
825.2061
638.1593
825.2061
pt
623.1553
840.2101
623.1553
840.2101
623.1553
840.2101

running
30.0
4.0
false
pt
606.9592
825.8702
606.9592
825.8702
606.9592
825.8702
pt
592.2196
841.1333
592.2196
841.1333
592.2196
841.1333
pt
606.4652
854.8904
606.4652
854.8904
606.4652
854.8904
pt
592.20276
840.1336
592.20276
840.1336
592.20276
840.1336
pt
577.95593
826.3759
577.95593
826.3759
577.95593
826.3759
pt
592.2196
841.1333
592.2196
841.1333
592.2196
841.1333
pt
577.4615
855.3962
577.4615
855.3962
577.4615
855.3962
pt
592.20276
840.1336
592.20276
840.1336
592.20276
840.1336

running
31.0
4.0
false
pt
575.9515
824.87067
575.9515
824.87067
575.9515
824.87067
pt
561.2118
840.1328
561.2118
840.1328
561.2118
840.1328
pt
575.4577
853.8903
575.4577
853.8903
575.4577
853.8903
pt
561.1945
839.1328
561.1945
839.1328
561.1945
839.1328
pt
546.9486
825.37616
546.9486
825.37616
546.9486
825.37616
pt
561.2118
840.1328
561.2118
840.1328
561.2118
840.1328
pt
546.4543
854.3968
546.4543
854.3968
546.4543
854.3968
pt
561.1945
839.1328
561.1945
839.1328
561.1945
839.1328

running
32.0
4.0
false
pt
544.97437
823.4435
544.97437
823.4435
544.97437
823.4435
pt
529.71173
808.70337
529.71173
808.70337
529.71173
808.70337
pt
515.95447
822.95026
515.95447
822.95026
515.95447
822.95026
pt
530.7118
808.6866
530.7118
808.6866
530.7118
808.6866
pt
544.46875
794.44025
544.46875
794.44025
544.46875
794.44025
pt
529.71173
808.70337
529.71173
808.70337
529.71173
808.70337
pt
515.448
793.9461
515.448
793.9461
515.448
793.9461
pt
530.7118
808.6866
530.7118
808.6866
530.7118
808.6866

running
31.0
4.0
false
pt
514.9667
793.43567
514.9667
793.43567
514.9667
793.43567
pt
499.7045
778.6958
499.7045
778.6958
499.7045
778.6958
pt
485.94702
792.94183
485.94702
792.94183
485.94702
792.94183
pt
500.70435
778.67944
500.70435
778.67944
500.70435
778.67944
pt
514.4606
764.4332
514.4606
764.4332
514.4606
764.4332
pt
499.7045
778.6958
499.7045
778.6958
499.7045
778.6958
pt
485.44086
763.9388
485.44086
763.9388
485.44086
763.9388
pt
500.70435
778.67944
500.70435
778.67944
500.70435
778.67944

running
43.0
4.0
false
pt
483.95892
762.4281
483.95892
762.4281
483.95892
762.4281
pt
468.6967
747.6881
468.6967
747.6881
468.6967
747.6881
pt
454.93918
761.93475
454.93918
761.93475
454.93918
761.93475
pt
469.69672
747.6719
469.69672
747.6719
469.69672
747.6719
pt
483.453
733.425
483.453
733.425
483.453
733.425
pt
468.6967
747.6881
468.6967
747.6881
468.6967
747.6881
pt
454.43314
732.9304
454.43314
732.9304
454.43314
732.9304
pt
469.69672
747.6719
469.69672
747.6719
469.69672
747.6719

running
44.0
4.0
false
pt
452.95117
731.4201
452.95117
731.4201
452.95117
731.4201
pt
437.68896
716.68036
437.68896
716.68036
437.68896
716.68036
pt
423.93155
730.9265
423.93155
730.9265
423.93155
730.9265
pt
438.6887
716.66406
438.6887
716.66406
438.6887
716.66406
pt
452.44528
702.41724
452.44528
702.41724
452.44528
702.41724
pt
437.68896
716.68036
437.68896
716.68036
437.68896
716.68036
pt
423.42535
701.9232
423.42535
701.9232
423.42535
701.9232
pt
438.6887
716.66406
438.6887
716.66406
438.6887
716.66406

running
37.0
4.0
false
pt
421.94366
700.41235
421.94366
700.41235
421.94366
700.41235
pt
406.6813
685.6731
406.6813
685.6731
406.6813
685.6731
pt
392.92343
699.9185
392.92343
699.9185
392.92343
699.9185
pt
407.6811
685.6567
407.6811
685.6567
407.6811
685.6567
pt
421.43747
671.40985
421.43747
671.40985
421.43747
671.40985
pt
406.6813
685.6731
406.6813
685.6731
406.6813
685.6731
pt
392.4175
670.9152
392.4175
670.9152
392.4175
670.9152
pt
407.6811
685.6567
407.6811
685.6567
407.6811
685.6567

running
69.0
4.0
false
pt
390.93576
669.4047
390.93576
669.4047
390.93576
669.4047
pt
375.6736
654.6653
375.6736
654.6653
375.6736
654.6653
pt
361.91592
668.911
361.91592
668.911
361.91592
668.911
pt
376.6732
654.64844
376.6732
654.64844
376.6732
654.64844
pt
390.4299
640.40204
390.4299
640.40204
390.4299
640.40204
pt
375.6736
654.6653
375.6736
654.6653
375.6736
654.6653
pt
361.41
639.9074
361.41
639.9074
361.41
639.9074
pt
376.6732
654.64844
376.6732
654.64844
376.6732
654.64844

running
32.0
4.0
false
pt
358.0896
637.1593
358.0896
637.1593
358.0896
637.1593
pt
391.0
637.0
391.0
637.0
391.0
637.0
pt
391.0
669.0
391.0
669.0
391.0
669.0
pt
420.0
669.0
420.0
669.0
420.0
669.0
pt
420.0
698.0
420.0
698.0
420.0
698.0
pt
453.0
698.0
453.0
698.0
453.0
698.0
pt
453.0
731.0
453.0
731.0
453.0
731.0
pt
483.0
731.0
483.0
731.0
483.0
731.0
pt
483.0
761.0
483.0
761.0
483.0
761.0
pt
515.0
761.0
515.0
761.0
515.0
761.0
pt
515.0
791.0
515.0
791.0
515.0
791.0
pt
545.0
791.0
545.0
791.0
545.0
791.0
pt
545.0
823.0
545.0
823.0
545.0
823.0
pt
639.0
823.0
639.0
823.0
639.0
823.0
pt
639.0
854.0
639.0
854.0
639.0
854.0
pt
606.0
854.0
606.0
854.0
606.0
854.0
pt
606.0
885.0
606.0
885.0
606.0
885.0
pt
576.0
885.0
576.0
885.0
576.0
885.0
pt
576.0
915.0
576.0
915.0
576.0
915.0
pt
545.0
915.0
545.0
915.0
545.0
915.0
pt
545.0
946.0
545.0
946.0
545.0
946.0
pt
513.0
946.0
513.0
946.0
513.0
946.0
pt
513.0
978.0
513.0
978.0
513.0
978.0
pt
483.0
978.0
483.0
978.0
483.0
978.0
pt
483.0
1008.0
483.0
1008.0
483.0
1008.0

satin
20.0
19.0
true
true
pt
495.0
604.0
495.0
604.0
495.0
604.0
pt
503.0
604.0
503.0
604.0
503.0
604.0
pt
495.0
1008.0
495.0
1008.0
495.0
1008.0
pt
503.0
1008.0
503.0
1008.0
503.0
1008.0

running
20.0
19.0
false
pt
495.0
604.0
495.0
604.0
495.0
604.0
pt
477.0
604.0
477.0
604.0
477.0
604.0
pt
436.0
625.0
436.0
625.0
436.0
625.0
pt
460.0
625.0
460.0
625.0
460.0
625.0
pt
460.0
639.0
460.0
639.0
460.0
639.0
pt
640.0
638.0
640.0
638.0
640.0
638.0
pt
640.0
653.0
640.0
653.0
640.0
653.0

running
19.0
4.0
false
pt
653.0
653.0
653.0
653.0
653.0
653.0
pt
640.0
653.0
640.0
653.0
640.0
653.0
pt
640.0
638.0
640.0
638.0
640.0
638.0
pt
460.0
638.0
460.0
638.0
460.0
638.0
pt
460.0
625.0
460.0
625.0
460.0
625.0
pt
359.0
625.0
359.0
625.0
359.0
625.0
pt
358.0
863.0
358.0
863.0
358.0
863.0
pt
346.0
863.0
346.0
863.0
346.0
863.0

running
19.0
4.0
false
pt
358.0
959.0
358.0
959.0
358.0
959.0
pt
326.0
959.0
326.0
959.0
326.0
959.0
pt
326.0
969.0
326.0
969.0
326.0
969.0
pt
346.0
969.0
346.0
969.0
346.0
969.0
pt
346.0
999.0
346.0
999.0
346.0
999.0
pt
359.0
999.0
359.0
999.0
359.0
999.0
pt
359.0
959.0
359.0
959.0
359.0
959.0
pt
346.0
959.0
346.0
959.0
346.0
959.0

running
19.0
4.0
false
pt
358.0
863.0
358.0
863.0
358.0
863.0
pt
346.0
863.0
346.0
863.0
346.0
863.0
pt
346.0
559.0
346.0
559.0
346.0
559.0
pt
359.0
559.0
359.0
559.0
359.0
559.0
pt
359.0
625.0
359.0
625.0
359.0
625.0
pt
553.0
625.0
553.0
625.0
553.0
625.0
pt
519.0
604.0
519.0
604.0
519.0
604.0
pt
477.0
604.0
477.0
604.0
477.0
604.0
pt
438.0
625.0
438.0
625.0
438.0
625.0
pt
553.0
625.0
553.0
625.0
553.0
625.0
pt
503.0
604.0
503.0
604.0
503.0
604.0
pt
499.0
500.0
499.0
500.0
499.0
500.0
pt
499.0
471.0
499.0
471.0
499.0
471.0
pt
499.0
500.0
499.0
500.0
499.0
500.0
pt
511.0
500.0
511.0
500.0
511.0
500.0
pt
499.0
513.0
499.0
513.0
499.0
513.0
pt
488.0
500.0
488.0
500.0
488.0
500.0
pt
499.0
500.0
499.0
500.0
499.0
500.0
pt
495.0
604.0
495.0
604.0
495.0
604.0
pt
437.0
625.0
437.0
625.0
437.0
625.0
pt
640.0
625.0
640.0
625.0
640.0
625.0
pt
641.0
559.0
641.0
559.0
641.0
559.0
pt
653.0
559.0
653.0
559.0
653.0
559.0
pt
653.0
653.0
653.0
653.0
653.0
653.0
pt
640.0
653.0
640.0
653.0
640.0
653.0

running
19.0
13.0
false
pt
653.0
749.0
653.0
749.0
653.0
749.0
pt
674.0
749.0
674.0
749.0
674.0
749.0
pt
674.0
760.0
674.0
760.0
674.0
760.0
pt
653.0
760.0
653.0
760.0
653.0
760.0
pt
653.0
998.0
653.0
998.0
653.0
998.0
pt
641.0
998.0
641.0
998.0
641.0
998.0
pt
640.0
749.0
640.0
749.0
640.0
749.0
pt
674.0
749.0
674.0
749.0
674.0
749.0
pt
640.0
749.0
640.0
749.0
640.0
749.0

running
20.0
19.0
false
pt
653.0
653.0
653.0
653.0
653.0
653.0
pt
653.0
559.0
653.0
559.0
653.0
559.0
pt
640.0
559.0
640.0
559.0
640.0
559.0
pt
640.0
625.0
640.0
625.0
640.0
625.0
pt
552.0
625.0
552.0
625.0
552.0
625.0
pt
520.0
604.0
520.0
604.0
520.0
604.0
pt
503.0
604.0
503.0
604.0
503.0
604.0
pt
499.0
500.0
499.0
500.0
499.0
500.0

