running
20.0
4.0
false
pt
232.0
100.0
140.0
108.0
324.0
92.0
pt
395.0
244.0
393.0
161.0
397.0
327.0
pt
254.0
395.0
332.0
394.0
176.0
396.0
pt
106.0
244.0
107.0
335.0
105.0
153.0
pt
235.0
103.0
168.0
106.0
302.0
100.0

running
20.0
4.0
false
pt
234.0
104.0
142.0
112.0
326.0
96.0
pt
397.0
248.0
395.0
165.0
399.0
331.0
pt
256.0
399.0
334.0
398.0
178.0
400.0
pt
108.0
248.0
109.0
339.0
107.0
157.0
pt
237.0
107.0
170.0
110.0
304.0
104.0

satin
20.0
4.0
false
pt
251.0
86.0
251.0
86.0
251.0
86.0
pt
242.0
120.0
242.0
120.0
242.0
120.0
pt
411.0
246.0
405.0
96.0
416.7955
390.88736
pt
380.0
243.0
376.0
107.0
384.0
379.0
pt
259.0
411.0
268.0
409.0
250.0
413.0
pt
260.0
377.0
260.0
377.0
260.0
377.0
pt
89.0
253.0
101.08013
407.35724
80.0
138.0
pt
122.0
253.0
119.0
378.0
125.361176
112.95114
pt
258.0
87.0
185.0
87.0
266.06235
87.0
pt
248.0
118.0
249.0
118.0
248.0
118.0
pt
234.0
96.0
233.0
98.0
235.0
94.0

running
20.0
4.0
false
pt
236.0
11.0
85.0
11.0
387.0
11.0
pt
492.0
258.0
492.0
113.0
492.0
403.0
pt
262.0
494.0
374.92288
489.372
140.0
499.0
pt
9.0
245.0
11.0
416.0
7.0
74.0
pt
234.0
8.0
180.0
5.0
288.0
11.0

running
20.0
4.0
false
pt
234.0
6.0
83.0
6.0
385.0
6.0
pt
490.0
253.0
490.0
108.0
490.0
398.0
pt
260.0
489.0
372.92288
484.372
138.0
494.0
pt
7.0
240.0
9.0
411.0
5.0
69.0
pt
232.0
3.0
178.0
0.0
286.0
6.0

satin
20.0
4.0
false
pt
225.0
-1.0
225.0
-1.0
225.0
-1.0
pt
226.0
19.0
226.0
19.0
226.0
19.0
pt
505.0
248.0
491.0
-11.0
519.0
507.0
pt
478.0
245.0
477.01657
11.925232
479.0
482.0
pt
223.0
505.0
223.0
505.0
223.0
505.0
pt
220.0
479.0
220.0
479.0
220.0
479.0
pt
44.0
409.0
100.0
494.0
-12.0
324.0
pt
69.0
390.0
138.43866
466.3825
29.0
346.0
pt
-4.0
253.0
-4.0
253.0
-4.0
253.0
pt
21.0
253.0
21.0
253.0
21.0
253.0
pt
17.0
135.0
-20.0
203.0
54.0
67.0
pt
43.0
150.0
19.0
199.0
73.29979
88.13793
pt
89.0
52.0
89.0
52.0
89.0
52.0
pt
102.0
71.0
102.0
71.0
102.0
71.0
pt
132.0
26.0
132.0
26.0
132.0
26.0
pt
142.0
46.0
142.0
46.0
142.0
46.0
pt
185.0
4.0
185.0
4.0
185.0
4.0
pt
194.0
26.0
194.0
26.0
194.0
26.0
pt
231.0
-3.0
231.0
-3.0
231.0
-3.0
pt
231.0
19.0
231.0
19.0
231.0
19.0
pt
75.0
148.0
74.0
148.0
76.0
148.0

