running
20.0
4.0
false
pt
361.0
211.0
361.0
211.0
361.0
211.0
pt
337.0
209.0
337.0
209.0
337.0
209.0
pt
363.0
201.0
363.0
201.0
363.0
201.0
pt
328.0
198.0
328.0
198.0
328.0
198.0
pt
364.0
188.0
364.0
188.0
364.0
188.0
pt
322.0
189.0
322.0
189.0
322.0
189.0
pt
365.0
179.0
365.0
179.0
365.0
179.0
pt
320.0
181.0
320.0
181.0
320.0
181.0
pt
359.0
172.0
359.0
172.0
359.0
172.0
pt
307.0
173.0
311.0
172.0
303.0
174.0

satin
20.0
4.0
true
pt
312.0
187.0
312.0
187.0
312.0
187.0
pt
316.0
169.0
316.0
169.0
316.0
169.0
pt
246.0
217.0
246.0
217.0
246.0
217.0
pt
265.0
202.0
265.0
202.0
265.0
202.0

running
20.0
4.0
false
pt
330.0
186.0
330.0
186.0
330.0
186.0
pt
340.0
206.0
340.0
206.0
340.0
206.0
pt
284.0
234.0
284.0
234.0
284.0
234.0

satin
20.0
4.0
true
pt
337.0
204.0
337.0
204.0
337.0
204.0
pt
335.0
217.0
335.0
217.0
335.0
217.0
pt
298.0
226.0
298.0
226.0
298.0
226.0
pt
288.0
234.0
288.0
234.0
288.0
234.0

satin
20.0
4.0
true
pt
296.0
174.0
296.0
174.0
296.0
174.0
pt
311.0
164.0
311.0
164.0
311.0
164.0
pt
303.0
181.0
303.0
181.0
303.0
181.0
pt
328.0
175.0
328.0
175.0
328.0
175.0
pt
306.0
193.0
306.0
193.0
306.0
193.0
pt
327.0
181.0
327.0
181.0
327.0
181.0
pt
324.0
194.0
324.0
194.0
324.0
194.0
pt
336.0
185.0
336.0
185.0
336.0
185.0
pt
322.0
208.0
322.0
208.0
322.0
208.0
pt
336.0
202.0
336.0
202.0
336.0
202.0
pt
334.0
210.0
334.0
210.0
334.0
210.0
pt
346.0
203.0
346.0
203.0
346.0
203.0
pt
327.0
220.0
327.0
220.0
327.0
220.0
pt
347.0
214.0
347.0
214.0
347.0
214.0
pt
333.0
232.0
333.0
232.0
333.0
232.0
pt
351.0
226.0
351.0
226.0
351.0
226.0

running
20.0
4.0
false
pt
297.0
175.0
297.0
175.0
297.0
175.0
pt
242.0
202.0
262.09973
191.95013
238.0
204.0
pt
227.0
223.0
224.0
221.0
227.83203
223.55469
pt
216.0
238.0
216.0
238.0
216.0
238.0
pt
245.0
233.0
245.0
233.0
245.0
233.0
pt
190.0
245.0
190.0
245.0
190.0
245.0
pt
154.0
287.0
154.0
287.0
154.0
287.0
pt
156.0
278.0
156.0
278.0
156.0
278.0
pt
188.0
242.0
188.0
242.0
188.0
242.0
pt
213.0
235.0
213.0
235.0
213.0
235.0
pt
230.0
211.0
230.0
211.0
230.0
211.0
pt
248.0
194.0
238.0
198.0
258.0
190.0
pt
271.0
184.0
271.0
184.0
271.0
184.0
pt
296.0
172.0
296.0
172.0
296.0
172.0
pt
306.0
167.0
306.0
167.0
306.0
167.0
pt
317.0
166.0
317.0
166.0
317.0
166.0
pt
362.0
180.0
362.0
180.0
362.0
180.0
pt
356.0
212.0
356.0
212.0
356.0
212.0
pt
348.0
220.0
348.0
220.0
348.0
220.0
pt
350.0
228.0
350.0
228.0
350.0
228.0
pt
331.0
235.0
331.0
235.0
331.0
235.0
pt
328.0
233.0
328.0
233.0
328.0
233.0
pt
284.0
251.0
284.0
251.0
284.0
251.0
pt
263.0
257.0
263.0
257.0
263.0
257.0
pt
249.0
257.0
249.0
257.0
249.0
257.0
pt
217.0
271.0
217.0
271.0
217.0
271.0
pt
231.0
269.0
231.0
269.0
231.0
269.0
pt
256.0
258.0
256.0
258.0
256.0
258.0
pt
252.0
278.0
252.0
278.0
252.0
278.0
pt
203.0
329.0
203.0
329.0
203.0
329.0
pt
213.0
312.0
213.0
312.0
213.0
312.0
pt
248.0
277.0
248.0
277.0
248.0
277.0
pt
258.0
254.0
258.0
254.0
258.0
254.0
pt
282.0
247.0
282.0
247.0
282.0
247.0
pt
332.0
226.0
332.0
226.0
332.0
226.0
pt
334.0
231.0
334.0
231.0
334.0
231.0
pt
329.0
215.0
329.0
215.0
329.0
215.0
pt
303.0
226.0
303.0
226.0
303.0
226.0
pt
280.0
238.0
280.0
238.0
280.0
238.0
pt
268.0
240.0
268.0
240.0
268.0
240.0
pt
246.0
242.0
246.0
242.0
246.0
242.0
pt
218.0
250.0
218.0
250.0
218.0
250.0
pt
237.0
246.0
237.0
246.0
237.0
246.0
pt
253.0
245.0
253.0
245.0
253.0
245.0
pt
275.0
241.0
275.0
241.0
275.0
241.0
pt
285.0
245.0
285.0
245.0
285.0
245.0
pt
256.0
263.0
256.0
263.0
256.0
263.0
pt
248.0
282.0
248.0
282.0
248.0
282.0

running
20.0
4.0
false
pt
212.0
320.0
212.0
320.0
212.0
320.0
pt
199.0
303.0
199.0
303.0
199.0
303.0
pt
182.0
291.0
182.0
291.0
182.0
291.0
pt
162.0
282.0
162.0
282.0
162.0
282.0
pt
190.0
296.0
190.0
296.0
190.0
296.0
pt
158.0
337.0
158.0
337.0
158.0
337.0

running
20.0
5.0
false
pt
152.0
334.0
152.0
334.0
152.0
334.0
pt
137.0
315.0
137.0
315.0
137.0
315.0
pt
160.0
290.0
160.0
290.0
160.0
290.0
pt
137.0
318.0
137.0
318.0
137.0
318.0
pt
180.0
354.0
180.0
354.0
180.0
354.0
pt
203.0
323.0
203.0
323.0
203.0
323.0
pt
203.0
330.0
203.0
330.0
203.0
330.0
pt
174.0
351.0
174.0
351.0
174.0
351.0
pt
161.0
340.0
161.0
340.0
161.0
340.0

running
20.0
4.0
false
pt
161.0
340.0
161.0
340.0
161.0
340.0
pt
193.0
298.0
193.0
298.0
193.0
298.0
pt
209.0
320.0
209.0
320.0
209.0
320.0

satin
20.0
5.0
false
pt
200.0
323.0
200.0
323.0
200.0
323.0
pt
209.0
315.0
209.0
315.0
209.0
315.0
pt
189.0
307.0
189.0
307.0
189.0
307.0
pt
195.0
297.0
195.0
297.0
195.0
297.0
pt
174.0
297.0
174.0
297.0
174.0
297.0
pt
179.0
287.0
179.0
287.0
179.0
287.0
pt
150.0
289.0
150.0
289.0
150.0
289.0
pt
158.0
280.0
158.0
280.0
158.0
280.0

satin
20.0
5.0
false
pt
160.0
283.0
160.0
283.0
160.0
283.0
pt
139.0
281.0
139.0
281.0
139.0
281.0
pt
164.0
290.0
164.0
290.0
164.0
290.0
pt
142.0
292.0
142.0
292.0
142.0
292.0
pt
144.0
315.0
144.0
315.0
144.0
315.0
pt
122.0
317.0
122.0
317.0
122.0
317.0
pt
168.0
325.0
168.0
325.0
168.0
325.0
pt
142.0
344.0
137.0
337.0
147.0
351.0
pt
160.0
335.0
160.0
335.0
160.0
335.0
pt
146.0
349.0
146.0
349.0
146.0
349.0
pt
180.0
343.0
180.0
343.0
180.0
343.0
pt
183.0
367.0
183.0
367.0
183.0
367.0
pt
203.0
311.0
203.0
311.0
203.0
311.0
pt
204.0
343.0
204.0
343.0
204.0
343.0
pt
209.0
318.0
209.0
318.0
209.0
318.0
pt
217.0
343.0
217.0
343.0
217.0
343.0
pt
244.0
277.0
244.0
277.0
244.0
277.0
pt
265.0
287.0
265.0
287.0
265.0
287.0
pt
250.0
254.0
244.90097
259.09903
255.0
249.0
pt
265.0
268.0
265.0
268.0
265.0
268.0
pt
268.0
250.0
268.0
250.0
268.0
250.0
pt
284.0
268.0
284.0
268.0
284.0
268.0
pt
301.0
237.0
301.0
237.0
301.0
237.0
pt
308.0
257.0
308.0
257.0
308.0
257.0
pt
336.0
223.0
336.0
223.0
336.0
223.0
pt
335.0
242.0
335.0
242.0
335.0
242.0
pt
344.0
225.0
344.0
225.0
344.0
225.0
pt
363.0
243.0
363.0
243.0
363.0
243.0
pt
340.0
217.0
340.0
217.0
340.0
217.0
pt
367.0
224.0
367.0
224.0
367.0
224.0
pt
352.0
210.0
352.0
210.0
352.0
210.0
pt
369.0
216.0
369.0
216.0
369.0
216.0
pt
355.0
180.0
355.0
180.0
355.0
180.0
pt
372.0
169.0
372.0
169.0
372.0
169.0
pt
326.0
172.0
326.0
172.0
326.0
172.0
pt
330.0
154.0
330.0
155.0
330.0
153.0
pt
308.0
175.0
308.0
175.0
308.0
175.0
pt
316.0
150.0
316.0
150.0
316.0
150.0
pt
304.0
168.0
305.0
168.0
303.0
168.0
pt
297.0
141.0
297.0
141.0
297.0
141.0
pt
299.0
174.0
299.0
174.0
299.0
174.0
pt
281.0
158.0
281.0
158.0
281.0
158.0
pt
237.0
206.0
252.0
193.0
233.62048
208.92892
pt
221.0
193.0
239.56073
174.43927
215.0
199.0
pt
219.0
240.0
219.0
240.0
219.0
240.0
pt
204.0
224.0
204.0
224.0
204.0
224.0
pt
191.0
245.0
191.0
245.0
191.0
245.0
pt
175.0
231.0
175.0
231.0
175.0
231.0
pt
160.0
283.0
160.0
283.0
160.0
283.0
pt
142.0
283.0
142.0
283.0
142.0
283.0
pt
161.0
281.0
161.0
280.0
161.0
282.0
pt
142.0
281.0
141.0
282.0
143.0
280.0

