running
20.0
4.0
false
pt
145.52007
238.58527
145.52007
238.58527
145.52007
238.58527
pt
159.05688
221.66428
159.05688
221.66428
159.05688
221.66428
pt
194.59085
248.73787
194.59085
248.73787
194.59085
248.73787
pt
172.59363
282.57968
172.59363
282.57968
172.59363
282.57968
pt
103.217735
223.35637
103.217735
223.35637
103.217735
223.35637
pt
130.29124
189.5146
130.29124
189.5146
130.29124
189.5146

satin
20.0
4.0
false
false
pt
140.44374
199.66713
140.44374
199.66713
140.44374
199.66713
pt
120.13868
181.05411
120.13868
181.05411
120.13868
181.05411
pt
120.13868
226.74062
120.13868
226.74062
120.13868
226.74062
pt
81.22052
228.43274
81.22052
228.43274
81.22052
228.43274
pt
167.51733
263.96674
167.51733
263.96674
167.51733
263.96674
pt
174.28577
299.50064
174.28577
299.50064
174.28577
299.50064
pt
182.74619
250.42993
182.74619
250.42993
182.74619
250.42993
pt
214.89594
247.04584
214.89594
247.04584
214.89594
247.04584
pt
170.9016
230.12485
170.9016
230.12485
170.9016
230.12485
pt
160.74898
203.05133
160.74898
203.05133
160.74898
203.05133
pt
160.74898
243.6616
160.74898
243.6616
160.74898
243.6616
pt
138.75172
226.74062
138.75172
226.74062
138.75172
226.74062

running
20.0
4.0
true
pt
152.2885
147.21228
152.2885
147.21228
152.2885
147.21228
pt
214.89594
219.97221
214.89594
219.97221
214.89594
219.97221
pt
247.04584
197.97507
247.04584
197.97507
247.04584
197.97507
pt
184.43822
120.13868
184.43822
120.13868
184.43822
120.13868
pt
240.27736
203.05133
240.27736
203.05133
240.27736
203.05133
pt
209.81978
214.89594
209.81978
214.89594
209.81978
214.89594
pt
199.66713
243.6616
199.66713
243.6616
199.66713
243.6616
pt
162.44104
209.81978
162.44104
209.81978
162.44104
209.81978

satin
20.0
4.0
false
false
pt
142.13597
153.9806
142.13597
153.9806
142.13597
153.9806
pt
162.44104
138.75172
162.44104
138.75172
162.44104
138.75172
pt
216.58798
240.27736
216.58798
240.27736
216.58798
240.27736
pt
219.97221
211.51186
219.97221
211.51186
219.97221
211.51186
pt
263.96674
203.05133
263.96674
203.05133
263.96674
203.05133
pt
231.81693
197.97507
231.81693
197.97507
231.81693
197.97507
pt
194.59085
115.06242
194.59085
115.06242
194.59085
115.06242
pt
175.97783
128.59924
175.97783
128.59924
175.97783
128.59924

running
20.0
4.0
true
pt
228.43274
87.988914
228.43274
87.988914
228.43274
87.988914
pt
270.73514
177.66983
270.73514
177.66983
270.73514
177.66983
pt
313.0373
157.3648
313.0373
157.3648
313.0373
157.3648
pt
265.65872
182.74619
265.65872
182.74619
265.65872
182.74619
pt
252.12206
196.28294
252.12206
196.28294
252.12206
196.28294
pt
189.5146
116.75448
189.5146
116.75448
189.5146
116.75448

satin
20.0
4.0
false
false
pt
218.2802
93.06522
218.2802
93.06522
218.2802
93.06522
pt
241.96948
82.91263
241.96948
82.91263
241.96948
82.91263
pt
270.73514
194.59085
270.73514
194.59085
270.73514
194.59085
pt
282.57968
159.05688
282.57968
159.05688
282.57968
159.05688
pt
326.57422
167.51733
326.57422
167.51733
326.57422
167.51733
pt
314.7296
143.82806
314.7296
143.82806
314.7296
143.82806

running
20.0
4.0
false
pt
338.41904
147.21228
338.41904
147.21228
338.41904
147.21228
pt
380.72104
137.05957
380.72104
137.05957
380.72104
137.05957
pt
331.6505
140.44374
331.6505
140.44374
331.6505
140.44374
pt
314.7296
50.762833
314.7296
50.762833
314.7296
50.762833

satin
20.0
4.0
false
false
pt
296.11652
57.53121
296.11652
57.53121
296.11652
57.53121
pt
326.57422
49.070736
326.57422
49.070736
326.57422
49.070736
pt
331.6505
162.44104
331.6505
162.44104
331.6505
162.44104
pt
346.87924
131.98337
346.87924
131.98337
346.87924
131.98337
pt
390.8738
150.59642
390.8738
150.59642
390.8738
150.59642
pt
384.10544
123.52292
384.10544
123.52292
384.10544
123.52292

running
20.0
4.0
false
pt
409.48688
145.52007
409.48688
145.52007
409.48688
145.52007
pt
411.17892
79.52844
411.17892
79.52844
411.17892
79.52844
pt
433.17596
35.533993
433.17596
35.533993
433.17596
35.533993
pt
412.87094
86.296814
412.87094
86.296814
412.87094
86.296814
pt
390.8738
35.533993
390.8738
35.533993
390.8738
35.533993
pt
389.1817
38.918167
392.5659
11.844663
385.79742
65.991684

satin
20.0
4.0
false
false
pt
379.0292
35.533993
379.0292
35.533993
379.0292
35.533993
pt
402.71863
35.533993
402.71863
35.533993
402.71863
35.533993
pt
392.5659
72.76003
392.5659
72.76003
392.5659
72.76003
pt
417.9473
72.76003
417.9473
72.76003
417.9473
72.76003
pt
399.33426
91.37309
399.33426
91.37309
399.33426
91.37309
pt
412.87094
91.37309
412.87094
91.37309
412.87094
91.37309

running
20.0
4.0
false
pt
404.4105
94.7573
404.4105
94.7573
404.4105
94.7573
pt
419.63956
69.37586
419.63956
69.37586
419.63956
69.37586
pt
436.5604
35.533993
436.5604
35.533993
436.5604
35.533993

satin
20.0
4.0
false
false
pt
421.33157
35.533993
421.33157
35.533993
421.33157
35.533993
pt
445.021
35.533993
445.021
35.533993
445.021
35.533993
pt
399.33426
93.06522
399.33426
93.06522
399.33426
93.06522
pt
421.33157
93.06522
421.33157
93.06522
421.33157
93.06522
pt
399.33426
147.21228
399.33426
147.21228
399.33426
147.21228
pt
421.33157
147.21228
421.33157
147.21228
421.33157
147.21228

satin
20.0
10.0
false
false
pt
433.17596
145.52007
433.17596
145.52007
433.17596
145.52007
pt
438.25253
118.446594
438.25253
118.446594
438.25253
118.446594
pt
467.0179
147.21228
467.0179
147.21228
467.0179
147.21228
pt
470.40222
123.52292
470.40222
123.52292
470.40222
123.52292

satin
20.0
4.0
false
false
pt
475.47845
148.90428
475.47845
148.90428
475.47845
148.90428
pt
497.47574
155.67267
497.47574
155.67267
497.47574
155.67267
pt
517.78076
42.30238
517.78076
42.30238
517.78076
42.30238
pt
529.6256
76.14425
529.6256
76.14425
529.6256
76.14425
pt
575.31226
65.991684
575.31226
65.991684
575.31226
65.991684
pt
544.85455
81.22052
544.85455
81.22052
544.85455
81.22052
pt
549.93066
131.98337
549.93066
131.98337
549.93066
131.98337
pt
538.08594
98.14147
538.08594
98.14147
538.08594
98.14147
pt
536.39374
125.214966
536.39374
125.214966
536.39374
125.214966
pt
512.70447
103.217735
512.70447
103.217735
512.70447
103.217735
pt
534.7018
145.52007
534.7018
145.52007
534.7018
145.52007
pt
514.397
137.05957
514.397
137.05957
514.397
137.05957
pt
536.39374
170.9016
536.39374
170.9016
536.39374
170.9016
pt
516.08856
162.44104
516.08856
162.44104
516.08856
162.44104

running
20.0
4.0
false
pt
551.62256
169.20952
551.62256
169.20952
551.62256
169.20952
pt
573.6201
177.66983
573.6201
177.66983
573.6201
177.66983
pt
561.77496
157.3648
561.77496
157.3648
561.77496
157.3648
pt
607.46185
93.06522
607.46185
93.06522
607.46185
93.06522
pt
641.3039
116.75448
641.3039
116.75448
641.3039
116.75448
pt
593.9253
181.05411
593.9253
181.05411
593.9253
181.05411
pt
580.3884
182.74619
580.3884
182.74619
580.3884
182.74619
pt
590.54083
194.59085
590.54083
194.59085
590.54083
194.59085

satin
20.0
4.0
false
false
pt
600.6934
186.13045
600.6934
186.13045
600.6934
186.13045
pt
590.54083
204.74344
590.54083
204.74344
590.54083
204.74344
pt
588.8491
174.28577
588.8491
174.28577
588.8491
174.28577
pt
571.9278
192.89871
571.9278
192.89871
571.9278
192.89871
pt
575.31226
164.13306
575.31226
164.13306
575.31226
164.13306
pt
543.162
172.59363
543.162
172.59363
543.162
172.59363
pt
609.154
113.37031
609.154
113.37031
609.154
113.37031
pt
605.76953
77.836334
605.76953
77.836334
605.76953
77.836334
pt
626.0746
123.52292
626.0746
123.52292
626.0746
123.52292
pt
656.5322
115.06242
656.5322
115.06242
656.5322
115.06242
pt
588.8491
174.28577
588.8491
174.28577
588.8491
174.28577
pt
590.54083
206.43547
590.54083
206.43547
590.54083
206.43547

running
20.0
4.0
false
pt
607.46185
211.51186
607.46185
211.51186
607.46185
211.51186
pt
648.0721
175.97783
648.0721
175.97783
648.0721
175.97783
pt
648.0721
175.97783
648.0721
175.97783
648.0721
175.97783

satin
20.0
4.0
true
false
pt
656.5322
209.81978
656.5322
209.81978
656.5322
209.81978
pt
676.8381
191.20665
676.8381
191.20665
676.8381
191.20665
pt
639.6117
189.5146
639.6117
189.5146
639.6117
189.5146
pt
661.60895
172.59363
661.60895
172.59363
661.60895
172.59363

running
20.0
4.0
false
pt
632.84326
241.96948
632.84326
241.96948
632.84326
241.96948
pt
707.2955
175.97783
707.2955
175.97783
707.2955
175.97783
pt
678.5297
142.13597
678.5297
142.13597
678.5297
142.13597
pt
617.6141
201.35931
617.6141
201.35931
617.6141
201.35931

satin
20.0
4.0
false
false
pt
597.3092
208.12758
597.3092
208.12758
597.3092
208.12758
pt
614.23004
223.35637
614.23004
223.35637
614.23004
223.35637
pt
681.914
128.59924
681.914
128.59924
681.914
128.59924
pt
678.5297
165.82526
678.5297
165.82526
678.5297
165.82526
pt
722.5241
181.05411
722.5241
181.05411
722.5241
181.05411
pt
688.6823
175.97783
688.6823
175.97783
688.6823
175.97783
pt
641.3039
250.42993
641.3039
250.42993
641.3039
250.42993
pt
626.0746
233.50896
626.0746
233.50896
626.0746
233.50896
pt
620.9987
260.5825
620.9987
260.5825
620.9987
260.5825

running
20.0
4.0
false
pt
644.68787
255.5062
644.68787
255.5062
644.68787
255.5062
pt
664.99304
269.04297
664.99304
269.04297
664.99304
269.04297
pt
681.914
296.11652
681.914
296.11652
681.914
296.11652

satin
20.0
4.0
false
false
pt
668.37714
291.04013
668.37714
291.04013
668.37714
291.04013
pt
685.2983
291.04013
685.2983
291.04013
685.2983
291.04013
pt
659.9167
280.88748
659.9167
280.88748
659.9167
280.88748
pt
686.0
277.0
686.0
277.0
686.0
277.0
pt
647.0
259.0
647.0
259.0
647.0
259.0
pt
675.14545
260.5825
675.14545
260.5825
675.14545
260.5825
pt
738.0
197.0
738.0
197.0
738.0
197.0
pt
729.29254
228.43274
729.29254
228.43274
729.29254
228.43274
pt
761.0
245.0
761.0
245.0
761.0
245.0
pt
738.0
245.0
738.0
245.0
738.0
245.0
pt
734.3691
280.88748
734.3691
280.88748
734.3691
280.88748
pt
725.0
267.0
725.0
267.0
725.0
267.0
pt
683.6064
297.80856
683.6064
297.80856
683.6064
297.80856
pt
686.0
279.0
686.0
279.0
686.0
279.0
pt
668.37714
291.04013
668.37714
291.04013
668.37714
291.04013
pt
668.37714
269.04297
668.37714
269.04297
668.37714
269.04297

satin
20.0
10.0
false
false
pt
678.5297
313.0373
678.5297
313.0373
678.5297
313.0373
pt
703.9113
306.26898
703.9113
306.26898
703.9113
306.26898
pt
690.3745
358.724
690.3745
358.724
690.3745
358.724
pt
715.7558
360.41608
715.7558
360.41608
715.7558
360.41608

running
20.0
4.0
false
pt
693.7585
379.0292
693.7585
379.0292
693.7585
379.0292
pt
747.90564
395.95013
747.90564
395.95013
747.90564
395.95013

satin
20.0
4.0
false
false
pt
692.06665
365.49237
692.06665
365.49237
692.06665
365.49237
pt
693.7585
390.8738
693.7585
390.8738
693.7585
390.8738
pt
734.3691
379.0292
734.3691
379.0292
734.3691
379.0292
pt
722.5241
397.64215
722.5241
397.64215
722.5241
397.64215
pt
749.5976
385.79742
749.5976
385.79742
749.5976
385.79742
pt
751.28986
402.71863
751.28986
402.71863
751.28986
402.71863

running
20.0
4.0
false
pt
754.674
395.95013
754.674
395.95013
754.674
395.95013
pt
800.3606
392.5659
800.3606
392.5659
800.3606
392.5659

satin
20.0
4.0
false
false
pt
807.12915
384.10544
807.12915
384.10544
807.12915
384.10544
pt
808.821
404.4105
808.821
404.4105
808.821
404.4105
pt
752.98206
385.79742
752.98206
385.79742
752.98206
385.79742
pt
752.98206
407.79477
752.98206
407.79477
752.98206
407.79477
pt
697.14307
411.17892
697.14307
411.17892
697.14307
411.17892
pt
697.14307
438.25253
697.14307
438.25253
697.14307
438.25253

running
20.0
4.0
false
pt
707.2955
448.40497
707.2955
448.40497
707.2955
448.40497
pt
698.8347
509.3205
698.8347
509.3205
698.8347
509.3205
pt
710.6793
475.47845
710.6793
475.47845
710.6793
475.47845
pt
800.3606
490.70728
800.3606
490.70728
800.3606
490.70728

satin
20.0
4.0
false
false
pt
803.74475
478.86267
803.74475
478.86267
803.74475
478.86267
pt
802.0526
502.55197
802.0526
502.55197
802.0526
502.55197
pt
705.6034
465.3261
705.6034
465.3261
705.6034
465.3261
pt
705.6034
490.70728
705.6034
490.70728
705.6034
490.70728

satin
20.0
4.0
false
false
pt
722.5241
448.40497
722.5241
448.40497
722.5241
448.40497
pt
695.45087
446.71274
695.45087
446.71274
695.45087
446.71274
pt
715.7558
512.70447
715.7558
512.70447
715.7558
512.70447
pt
688.6823
509.3205
688.6823
509.3205
688.6823
509.3205

running
20.0
4.0
false
pt
673.45325
531.31744
673.45325
531.31744
673.45325
531.31744
pt
778.3634
570.2358
778.3634
570.2358
778.3634
570.2358

satin
20.0
4.0
false
false
pt
783.4394
558.3913
783.4394
558.3913
783.4394
558.3913
pt
774.97955
580.3884
774.97955
580.3884
774.97955
580.3884
pt
678.5297
519.473
678.5297
519.473
678.5297
519.473
pt
668.37714
543.162
668.37714
543.162
668.37714
543.162

running
20.0
4.0
false
pt
661.60895
561.77496
661.60895
561.77496
661.60895
561.77496
pt
700.52686
592.23303
700.52686
592.23303
700.52686
592.23303
pt
681.914
631.1511
681.914
631.1511
681.914
631.1511
pt
642.9959
609.154
642.9959
609.154
642.9959
609.154
pt
664.99304
570.2358
664.99304
570.2358
664.99304
570.2358
pt
707.2955
595.6171
707.2955
595.6171
707.2955
595.6171
pt
695.45087
614.23004
695.45087
614.23004
695.45087
614.23004
pt
751.28986
620.9987
751.28986
620.9987
751.28986
620.9987

satin
20.0
4.0
false
false
pt
746.2133
632.84326
746.2133
632.84326
746.2133
632.84326
pt
759.75024
609.154
759.75024
609.154
759.75024
609.154
pt
698.8347
627.767
698.8347
627.767
698.8347
627.767
pt
719.14
612.53796
719.14
612.53796
719.14
612.53796
pt
675.14545
614.23004
675.14545
614.23004
675.14545
614.23004
pt
710.6793
605.76953
710.6793
605.76953
710.6793
605.76953
pt
698.8347
600.6934
698.8347
600.6934
698.8347
600.6934
pt
720.83215
590.54083
720.83215
590.54083
720.83215
590.54083
pt
671.7612
588.8491
671.7612
588.8491
671.7612
588.8491
pt
661.60895
555.0069
661.60895
555.0069
661.60895
555.0069
pt
663.301
602.3857
663.301
602.3857
663.301
602.3857
pt
626.0746
610.84595
626.0746
610.84595
626.0746
610.84595

running
20.0
4.0
false
pt
663.301
617.6141
663.301
617.6141
663.301
617.6141
pt
729.29254
658.22455
729.29254
658.22455
729.29254
658.22455

satin
20.0
4.0
false
false
pt
724.21643
668.37714
724.21643
668.37714
724.21643
668.37714
pt
736.06104
648.0721
736.06104
648.0721
736.06104
648.0721
pt
624.3828
610.84595
624.3828
610.84595
624.3828
610.84595
pt
664.99304
604.07764
664.99304
604.07764
664.99304
604.07764
pt
637.9194
582.08026
637.9194
582.08026
637.9194
582.08026
pt
641.3039
600.6934
641.3039
600.6934
641.3039
600.6934

running
20.0
4.0
false
pt
619.30646
624.3828
619.30646
624.3828
619.30646
624.3828
pt
681.914
692.06665
681.914
692.06665
681.914
692.06665
pt
651.45624
717.448
651.45624
717.448
651.45624
717.448
pt
592.23303
653.14844
592.23303
653.14844
592.23303
653.14844

satin
20.0
4.0
false
false
pt
575.31226
653.14844
575.31226
653.14844
575.31226
653.14844
pt
583.7724
666.6853
583.7724
666.6853
583.7724
666.6853
pt
593.9253
634.5356
593.9253
634.5356
593.9253
634.5356
pt
609.154
656.5322
609.154
656.5322
609.154
656.5322
pt
619.30646
610.84595
619.30646
610.84595
619.30646
610.84595
pt
620.9987
646.3802
620.9987
646.3802
620.9987
646.3802
pt
698.8347
692.06665
698.8347
692.06665
698.8347
692.06665
pt
661.60895
688.6823
661.60895
688.6823
661.60895
688.6823
pt
651.45624
737.75287
651.45624
737.75287
651.45624
737.75287
pt
649.76416
702.21924
649.76416
702.21924
649.76416
702.21924
pt
573.6201
653.14844
573.6201
653.14844
573.6201
653.14844
pt
609.154
656.5322
609.154
656.5322
609.154
656.5322
pt
585.4649
639.6117
585.4649
639.6117
585.4649
639.6117
pt
587.1568
649.76416
587.1568
649.76416
587.1568
649.76416

running
20.0
4.0
false
pt
555.0069
659.9167
555.0069
659.9167
555.0069
659.9167
pt
582.08026
708.98755
582.08026
708.98755
582.08026
708.98755
pt
544.85455
730.98474
544.85455
730.98474
544.85455
730.98474

satin
20.0
4.0
false
false
pt
543.162
717.448
543.162
717.448
543.162
717.448
pt
555.0069
739.4451
555.0069
739.4451
555.0069
739.4451
pt
575.31226
702.21924
575.31226
702.21924
575.31226
702.21924
pt
587.1568
724.21643
585.4649
724.21643
588.8491
724.21643

running
20.0
4.0
false
pt
590.54083
724.21643
590.54083
724.21643
590.54083
724.21643
pt
609.154
756.36615
609.154
756.36615
609.154
756.36615

satin
20.0
4.0
false
false
pt
600.6934
764.8266
600.6934
764.8266
600.6934
764.8266
pt
620.9987
754.674
620.9987
754.674
620.9987
754.674
pt
544.85455
666.6853
544.85455
666.6853
544.85455
666.6853
pt
565.15936
656.5322
565.15936
656.5322
565.15936
656.5322

running
20.0
4.0
false
pt
548.2383
664.99304
548.2383
664.99304
548.2383
664.99304
pt
568.5439
700.52686
568.5439
700.52686
568.5439
700.52686
pt
543.162
722.5241
543.162
722.5241
543.162
722.5241
pt
573.6201
778.3634
573.6201
778.3634
573.6201
778.3634

satin
20.0
4.0
false
false
pt
563.4673
786.82416
563.4673
786.82416
563.4673
786.82416
pt
583.7724
773.2872
583.7724
773.2872
583.7724
773.2872
pt
507.6283
686.99005
507.6283
686.99005
507.6283
686.99005
pt
529.6256
673.45325
529.6256
673.45325
529.6256
673.45325

running
20.0
4.0
false
pt
502.55197
697.14307
502.55197
697.14307
502.55197
697.14307
pt
445.021
714.06415
445.021
714.06415
445.021
714.06415
pt
473.78638
705.6034
473.78638
705.6034
473.78638
705.6034
pt
499.16782
796.97656
499.16782
796.97656
499.16782
796.97656
pt
497.47574
791.90027
499.16782
773.2872
495.7836
810.5132

satin
20.0
4.0
false
false
pt
512.70447
798.6685
512.70447
798.6685
512.70447
798.6685
pt
489.01505
803.74475
489.01505
803.74475
489.01505
803.74475
pt
485.63123
702.21924
485.63123
702.21924
485.63123
702.21924
pt
463.63385
707.2955
463.63385
707.2955
463.63385
707.2955

satin
20.0
4.0
false
false
pt
507.6283
712.37177
507.6283
712.37177
507.6283
712.37177
pt
500.85986
686.99005
500.85986
686.99005
500.85986
686.99005
pt
446.71274
725.9087
446.71274
725.9087
446.71274
725.9087
pt
439.94443
698.8347
439.94443
698.8347
439.94443
698.8347

running
20.0
4.0
false
pt
424.7158
697.14307
424.7158
697.14307
424.7158
697.14307
pt
421.33157
796.97656
421.33157
796.97656
421.33157
796.97656
pt
379.0292
796.97656
379.0292
796.97656
379.0292
796.97656
pt
379.0292
697.14307
379.0292
697.14307
379.0292
697.14307
pt
373.95282
800.3606
373.95282
800.3606
373.95282
800.3606
pt
424.7158
790.20807
424.7158
790.20807
424.7158
790.20807
pt
417.9473
698.8347
417.9473
698.8347
417.9473
698.8347

satin
20.0
4.0
false
false
pt
407.79477
695.45087
407.79477
695.45087
407.79477
695.45087
pt
433.17596
695.45087
433.17596
695.45087
433.17596
695.45087
pt
414.0
786.0
414.0
786.0
414.0
786.0
pt
429.79187
810.5132
429.79187
810.5132
429.79187
810.5132
pt
382.0
785.0
382.0
785.0
382.0
785.0
pt
362.10822
808.821
362.10822
808.821
362.10822
808.821
pt
390.8738
693.7585
390.8738
693.7585
390.8738
693.7585
pt
367.18454
692.06665
367.18454
692.06665
367.18454
692.06665

running
20.0
4.0
false
pt
350.26343
692.06665
350.26343
692.06665
350.26343
692.06665
pt
338.41904
742.82947
338.41904
742.82947
338.41904
742.82947
pt
296.11652
730.98474
296.11652
730.98474
296.11652
730.98474

satin
20.0
4.0
false
false
pt
294.42456
741.1374
294.42456
741.1374
294.42456
741.1374
pt
301.19284
715.7558
301.19284
715.7558
301.19284
715.7558
pt
324.88208
749.5976
324.88208
749.5976
324.88208
749.5976
pt
335.03467
725.9087
335.03467
725.9087
335.03467
725.9087

satin
20.0
4.0
false
false
pt
309.65323
790.20807
309.65323
790.20807
309.65323
790.20807
pt
331.6505
798.6685
331.6505
798.6685
331.6505
798.6685
pt
331.6505
705.6034
331.6505
705.6034
331.6505
705.6034
pt
362.10822
688.6823
362.10822
688.6823
362.10822
688.6823
pt
313.0373
700.52686
313.0373
700.52686
313.0373
700.52686
pt
297.80856
670.06934
297.80856
670.06934
297.80856
670.06934
pt
291.04013
783.4394
291.04013
783.4394
291.04013
783.4394
pt
267.3509
774.97955
267.3509
774.97955
267.3509
774.97955

running
20.0
4.0
false
pt
267.3509
774.97955
267.3509
774.97955
267.3509
774.97955
pt
299.50064
673.45325
299.50064
673.45325
299.50064
673.45325

satin
20.0
10.0
false
false
pt
282.57968
663.301
282.57968
663.301
282.57968
663.301
pt
267.3509
688.6823
267.3509
688.6823
267.3509
688.6823
pt
240.27736
634.5356
240.27736
634.5356
240.27736
634.5356
pt
223.35637
664.99304
223.35637
668.37714
223.35637
661.60895

running
20.0
10.0
false
pt
209.81978
612.53796
209.81978
612.53796
209.81978
612.53796
pt
152.2885
685.2983
152.2885
685.2983
152.2885
685.2983
pt
192.89871
717.448
192.89871
717.448
192.89871
717.448

satin
20.0
4.0
false
false
pt
201.35931
707.2955
201.35931
707.2955
201.35931
707.2955
pt
184.43822
727.6004
184.43822
727.6004
184.43822
727.6004
pt
172.59363
680.22205
172.59363
680.22205
172.59363
680.22205
pt
131.98337
685.2983
131.98337
685.2983
131.98337
685.2983
pt
225.04857
614.23004
225.04857
614.23004
225.04857
614.23004
pt
206.43547
597.3092
206.43547
597.3092
206.43547
597.3092

running
20.0
4.0
false
pt
191.20665
578.69604
191.20665
578.69604
191.20665
578.69604
pt
106.60192
644.68787
106.60192
644.68787
106.60192
644.68787

satin
20.0
4.0
false
false
pt
98.14147
636.22754
98.14147
636.22754
98.14147
636.22754
pt
113.37031
654.8404
113.37031
654.8404
113.37031
654.8404
pt
187.82246
566.8515
187.82246
566.8515
187.82246
566.8515
pt
203.05133
585.4649
203.05133
585.4649
203.05133
585.4649

running
20.0
4.0
false
pt
167.51733
546.5465
167.51733
546.5465
167.51733
546.5465
pt
133.67545
568.5439
133.67545
568.5439
133.67545
568.5439
pt
109.98611
534.7018
109.98611
534.7018
109.98611
534.7018

satin
20.0
4.0
false
false
pt
99.833565
541.4703
99.833565
541.4703
99.833565
541.4703
pt
123.52292
527.9335
123.52292
527.9335
123.52292
527.9335
pt
113.37031
573.6201
113.37031
573.6201
113.37031
573.6201
pt
138.75172
563.4673
138.75172
563.4673
138.75172
563.4673

satin
20.0
4.0
false
false
pt
71.067986
582.08026
71.067986
582.08026
71.067986
582.08026
pt
81.22052
607.46185
81.22052
607.46185
81.22052
607.46185
pt
148.90428
544.85455
148.90428
544.85455
148.90428
544.85455
pt
184.43822
555.0069
184.43822
555.0069
184.43822
555.0069
pt
142.13597
529.6256
142.13597
529.6256
142.13597
529.6256
pt
157.0
499.0
157.0
499.0
157.0
499.0
pt
64.29962
568.5439
64.29962
568.5439
64.29962
568.5439
pt
52.454945
546.5465
52.454945
546.5465
52.454945
546.5465

running
20.0
4.0
false
pt
52.454945
546.5465
52.454945
546.5465
52.454945
546.5465
pt
154.0
498.0
154.0
498.0
154.0
498.0
pt
142.13597
480.55472
142.13597
480.55472
142.13597
480.55472
pt
101.525665
489.01505
101.525665
489.01505
101.525665
489.01505
pt
93.06522
470.40222
93.06522
470.40222
93.06522
470.40222
pt
47.37865
500.85986
47.37865
500.85986
47.37865
500.85986

satin
20.0
4.0
false
false
pt
43.994457
489.01505
43.994457
489.01505
43.994457
489.01505
pt
45.686546
516.08856
45.686546
516.08856
45.686546
516.08856
pt
79.52844
460.2497
79.52844
460.2497
79.52844
460.2497
pt
77.836334
492.39948
77.836334
492.39948
77.836334
492.39948
pt
104.90989
455.17337
104.90989
455.17337
104.90989
455.17337
pt
87.988914
480.55472
87.988914
480.55472
87.988914
480.55472
pt
109.98611
475.47845
109.98611
475.47845
109.98611
475.47845
pt
89.681
504.2441
89.681
504.2441
89.681
504.2441
pt
126.907074
470.40222
126.907074
470.40222
126.907074
470.40222
pt
155.67267
489.01505
155.67267
489.01505
155.67267
489.01505
pt
121.8308
453.48123
121.8308
453.48123
121.8308
453.48123
pt
145.52007
424.7158
145.52007
424.7158
145.52007
424.7158

running
20.0
4.0
false
pt
131.98337
434.86813
131.98337
434.86813
131.98337
434.86813
pt
35.533993
461.942
35.533993
461.942
35.533993
461.942

satin
20.0
4.0
false
false
pt
33.841892
446.71274
33.841892
446.71274
33.841892
446.71274
pt
35.533993
472.09427
35.533993
472.09427
35.533993
472.09427
pt
145.52007
421.33157
145.52007
421.33157
145.52007
421.33157
pt
120.13868
453.48123
120.13868
453.48123
120.13868
453.48123
pt
147.21228
446.71274
147.21228
446.71274
147.21228
446.71274
pt
138.75172
441.63654
138.75172
441.63654
138.75172
441.63654

running
20.0
4.0
false
pt
137.05957
417.9473
137.05957
417.9473
137.05957
417.9473
pt
142.13597
351.95566
142.13597
351.95566
142.13597
351.95566
pt
130.29124
384.10544
130.29124
384.10544
130.29124
384.10544
pt
40.61026
380.72104
40.61026
380.72104
40.61026
380.72104

satin
20.0
4.0
false
false
pt
40.61026
368.87643
40.61026
368.87643
40.61026
368.87643
pt
37.22607
394.258
37.22607
394.258
37.22607
394.258
pt
133.67545
373.95282
133.67545
373.95282
133.67545
373.95282
pt
133.67545
399.33426
133.67545
399.33426
133.67545
399.33426

satin
20.0
4.0
false
false
pt
121.8308
417.9473
121.8308
417.9473
121.8308
417.9473
pt
150.59642
417.9473
150.59642
417.9473
150.59642
417.9473
pt
126.907074
350.26343
126.907074
350.26343
126.907074
350.26343
pt
152.2885
351.95566
152.2885
351.95566
152.2885
351.95566

satin
20.0
10.0
false
false
pt
130.29124
335.03467
130.29124
335.03467
130.29124
335.03467
pt
159.05688
338.41904
159.05688
338.41904
159.05688
338.41904
pt
140.44374
301.19284
140.44374
301.19284
140.44374
301.19284
pt
172.59363
309.65323
172.59363
309.65323
172.59363
309.65323

satin
21.0
36.0
false
false
pt
189.0
316.0
189.0
316.0
189.0
316.0
pt
212.0
326.0
212.0
326.0
212.0
326.0
pt
434.0
163.0
274.0
158.0
594.0
168.0
pt
434.0
188.0
297.0
184.0
571.0
192.0
pt
657.0
304.0
657.0
304.0
657.0
304.0
pt
636.0
313.0
636.0
313.0
636.0
313.0
pt
559.0
643.0
756.4197
507.45813
358.0
781.0
pt
547.0
625.0
732.14246
490.82373
369.0
754.0
pt
193.0
547.0
193.0
547.0
193.0
547.0
pt
212.0
530.0
212.0
530.0
212.0
530.0
pt
194.0
307.0
127.0
398.0
258.7969
218.99228
pt
220.0
319.0
158.0
390.0
298.83447
228.72183

running
15.0
36.0
false
pt
228.72066
302.0981
228.72066
302.0981
228.72066
302.0981
pt
240.57903
294.4716
240.57903
294.4716
240.57903
294.4716
pt
254.83887
297.5098
254.83887
297.5098
254.83887
297.5098
pt
267.4617
294.23624
267.4617
294.23624
267.4617
294.23624
pt
280.1919
288.5687
280.1919
288.5687
280.1919
288.5687
pt
272.7939
293.0355
272.7939
293.0355
272.7939
293.0355
pt
259.62775
297.72433
259.62775
297.72433
259.62775
297.72433
pt
248.74174
294.35757
248.74174
294.35757
248.74174
294.35757
pt
232.30916
296.98022
232.30916
296.98022
232.30916
296.98022
pt
222.40929
303.73465
222.40929
303.73465
222.40929
303.73465
pt
232.09448
301.7693
232.09448
301.7693
232.09448
301.7693
pt
242.75908
299.3679
242.75908
299.3679
242.75908
299.3679
pt
250.04962
297.29517
250.04962
297.29517
250.04962
297.29517
pt
255.1673
300.88336
255.1673
300.88336
255.1673
300.88336
pt
260.721
305.4511
260.721
305.4511
260.721
305.4511
pt
266.60336
313.3922
266.60336
313.3922
266.60336
313.3922
pt
260.82834
303.05652
260.82834
303.05652
260.82834
303.05652
pt
244.28156
297.51663
244.28156
297.51663
244.28156
297.51663
pt
227.84875
300.13965
227.84875
300.13965
227.84875
300.13965
pt
250.15686
294.9007
250.15686
294.9007
250.15686
294.9007
pt
263.3302
300.7693
263.3302
300.7693
263.3302
300.7693
pt
284.55154
298.36102
284.55154
298.36102
284.55154
298.36102
pt
265.61713
303.27112
265.61713
303.27112
265.61713
303.27112
pt
254.08087
303.71396
254.08087
303.71396
254.08087
303.71396
pt
256.91837
315.3578
256.91837
315.3578
256.91837
315.3578
pt
259.52026
300.11887
259.52026
300.11887
259.52026
300.11887
pt
245.3886
326.35794
245.3886
326.35794
245.3886
326.35794
pt
246.48215
334.08453
246.48215
334.08453
246.48215
334.08453
pt
254.10156
335.38562
254.10156
335.38562
254.10156
335.38562
pt
268.89786
326.45126
268.89786
326.45126
268.89786
326.45126
pt
287.82535
310.98404
288.2613
311.96313
287.38922
310.00476
pt
295.21616
295.9595
294.237
296.39572
296.1955
295.5236
pt
295.31665
283.00793
295.31665
283.00793
295.31665
283.00793
pt
284.4308
279.6413
284.4308
279.6413
284.4308
279.6413
pt
275.61752
283.5648
275.61752
283.5648
275.61752
283.5648
pt
266.69693
289.8833
266.69693
289.8833
266.69693
289.8833
pt
253.53766
305.12906
253.53766
305.12906
253.53766
305.12906
pt
244.95279
325.37842
244.95279
325.37842
244.95279
325.37842
pt
246.37494
336.47897
246.37494
336.47897
246.37494
336.47897
pt
591.64105
555.88654
591.64105
555.88654
591.64105
555.88654
pt
602.52026
548.696
602.52026
548.696
602.52026
548.696
pt
606.8666
537.3743
606.8666
537.3743
606.8666
537.3743
pt
554.1599
492.78546
554.1599
492.78546
554.1599
492.78546
pt
548.7275
506.93793
548.7275
506.93793
548.7275
506.93793
pt
530.9937
517.18
530.9937
517.18
530.9937
517.18
pt
542.2016
513.3638
542.2016
513.3638
542.2016
513.3638
pt
553.40234
498.98953
553.40234
498.98953
553.40234
498.98953
pt
552.30884
491.26297
552.30884
491.26297
552.30884
491.26297
pt
293.0294
280.5062
293.0294
280.5062
293.0294
280.5062
pt
393.9957
393.95715
348.35162
330.97046
439.63986
456.94403
pt
591.20514
554.907
591.20514
554.907
591.20514
554.907
pt
245.3958
336.91495
245.3958
336.91495
245.3958
336.91495

running
15.0
36.0
false
pt
368.80765
415.56152
368.80765
415.56152
368.80765
415.56152
pt
293.46497
549.55035
293.46497
549.55035
293.46497
549.55035
pt
298.2905
560.779
298.2905
560.779
298.2905
560.779
pt
313.11685
573.8497
313.11685
573.8497
313.11685
573.8497
pt
368.84222
600.65656
368.84222
600.65656
368.84222
600.65656
pt
389.60718
602.0682
389.60718
602.0682
389.60718
602.0682
pt
402.8099
595.8827
402.8099
595.8827
402.8099
595.8827
pt
470.0737
481.43127
470.0737
481.43127
470.0737
481.43127
pt
590.87714
555.3798
590.87714
555.3798
590.87714
555.3798
pt
604.8428
546.92224
604.8428
546.92224
604.8428
546.92224
pt
607.74603
536.7721
607.74603
536.7721
607.74603
536.7721
pt
491.68802
442.67252
491.68802
442.67252
491.68802
442.67252
pt
545.5656
348.50415
545.715
349.56555
545.4165
347.4426
pt
530.70496
350.59265
530.70496
350.59265
530.70496
350.59265
pt
510.70306
346.909
510.70306
346.909
510.70306
346.909
pt
458.31128
320.71603
458.31128
320.71603
458.31128
320.71603
pt
445.6079
307.34705
445.6079
307.34705
445.6079
307.34705
pt
441.99307
297.03052
441.99307
297.03052
441.99307
297.03052
pt
398.7819
366.96835
398.7819
366.96835
398.7819
366.96835
pt
441.84387
295.96896
441.84387
295.96896
441.84387
295.96896
pt
452.0111
291.29272
452.0111
291.29272
452.0111
291.29272
pt
450.93256
299.02148
450.93256
299.02148
450.93256
299.02148
pt
462.7236
313.60117
462.7236
313.60117
462.7236
313.60117
pt
476.65494
320.30295
476.65494
320.30295
476.65494
320.30295
pt
471.03192
326.50552
471.03192
326.50552
471.03192
326.50552
pt
503.55945
288.3779
503.55945
288.3779
503.55945
288.3779
pt
519.48175
286.14014
519.48175
286.14014
519.48175
286.14014
pt
533.2639
291.78046
533.2639
291.78046
533.2639
291.78046
pt
532.8336
281.0163
532.8336
281.0163
532.8336
281.0163
pt
538.4566
274.81384
538.4566
274.81384
538.4566
274.81384
pt
531.4908
271.46298
531.4908
271.46298
531.4908
271.46298
pt
526.2007
264.62924
526.2007
264.62924
526.2007
264.62924
pt
552.25586
272.87442
552.25586
272.87442
552.25586
272.87442
pt
562.3888
283.3574
562.3888
283.3574
562.3888
283.3574
pt
571.31104
292.92792
571.31104
292.92792
571.31104
292.92792
pt
572.189
306.8765
572.189
306.8765
572.189
306.8765
pt
558.5389
309.87738
558.5389
309.87738
558.5389
309.87738
pt
541.7215
305.74612
541.7215
305.74612
541.7215
305.74612
pt
521.8859
295.54437
521.8859
295.54437
521.8859
295.54437
pt
505.6651
295.65918
505.6651
295.65918
505.6651
295.65918
pt
482.70834
324.86447
482.70834
324.86447
482.70834
324.86447
pt
488.44608
334.88266
488.44608
334.88266
488.44608
334.88266
pt
500.4037
342.9442
500.4037
342.9442
500.4037
342.9442
pt
519.64246
348.90015
519.64246
348.90015
519.64246
348.90015
pt
539.3459
350.46066
539.3459
350.46066
539.3459
350.46066
pt
548.6009
346.99503
548.6009
346.99503
548.6009
346.99503
pt
559.86426
327.01038
559.86426
327.01038
559.86426
327.01038
pt
547.2927
322.2825
547.2927
322.2825
547.2927
322.2825
pt
541.05585
331.8186
541.05585
331.8186
541.05585
331.8186
pt
555.7504
336.24817
555.7504
336.24817
555.7504
336.24817
pt
570.9784
305.9642
570.9784
305.9642
570.9784
305.9642
pt
571.4603
293.9894
571.4603
293.9894
571.4603
293.9894
pt
561.792
279.11142
561.792
279.11142
561.792
279.11142
pt
550.28217
274.2343
550.28217
274.2343
550.28217
274.2343
pt
540.7116
283.15656
540.7116
283.15656
540.7116
283.15656
pt
539.01886
294.21902
539.01886
294.21902
539.01886
294.21902
pt
545.37054
300.90347
545.37054
300.90347
545.37054
300.90347
pt
557.793
304.56998
557.793
304.56998
557.793
304.56998
pt
565.07416
302.46414
565.07416
302.46414
565.07416
302.46414
pt
563.7316
292.9108
563.7316
292.9108
563.7316
292.9108
pt
554.66003
282.27866
554.66003
282.27866
554.66003
282.27866
pt
544.5099
279.3754
544.5099
279.3754
544.5099
279.3754
pt
539.03613
286.63934
539.03613
286.63934
539.03613
286.63934
pt
526.2983
288.42953
526.2983
288.42953
526.2983
288.42953
pt
522.38513
275.99005
522.38513
275.99005
522.38513
275.99005
pt
507.6905
271.56046
507.6905
271.56046
507.6905
271.56046
pt
490.2419
278.34253
490.2419
278.34253
490.2419
278.34253
pt
480.20667
291.65997
480.20667
291.65997
480.20667
291.65997
pt
481.54932
301.21332
481.54932
301.21332
481.54932
301.21332
pt
485.9272
309.25763
485.9272
309.25763
485.9272
309.25763
pt
490.63794
304.26584
490.63794
304.26584
490.63794
304.26584
pt
486.72476
291.82626
486.72476
291.82626
486.72476
291.82626
pt
495.383
284.11478
495.383
284.11478
495.383
284.11478
pt
508.88397
280.0524
508.88397
280.0524
508.88397
280.0524
pt
513.876
284.7631
513.876
284.7631
513.876
284.7631

satin
15.0
7.0
false
false
pt
524.9384
286.45575
524.9384
286.45575
524.9384
286.45575
pt
530.74493
266.15555
530.74493
266.15555
530.74493
266.15555
pt
520.2622
276.2884
520.2622
276.2884
520.2622
276.2884
pt
523.9458
256.28656
523.9458
256.28656
523.9458
256.28656
pt
505.5677
271.85886
505.5677
271.85886
505.5677
271.85886
pt
510.7603
254.89224
510.7603
254.89224
510.7603
254.89224
pt
490.2419
278.34253
490.2419
278.34253
490.2419
278.34253
pt
494.5225
262.5866
494.5225
262.5866
494.5225
262.5866
pt
478.996
290.74765
478.996
290.74765
478.996
290.74765
pt
483.72385
278.1762
483.72385
278.1762
483.72385
278.1762
pt
480.33862
300.30096
480.33862
300.30096
480.33862
300.30096
pt
477.17136
293.169
477.17136
293.169
477.17136
293.169

running
15.0
7.0
false
pt
479.14514
291.80917
479.14514
291.80917
479.14514
291.80917
pt
467.33673
284.80902
467.33673
284.80902
467.33673
284.80902
pt
456.57278
285.23944
456.57278
285.23944
456.57278
285.23944
pt
451.86197
290.23132
451.86197
290.23132
451.86197
290.23132
pt
457.1523
297.06494
457.1523
297.06494
457.1523
297.06494
pt
465.01303
306.78473
465.01303
306.78473
465.01303
306.78473
pt
473.18933
311.04794
473.18933
311.04794
473.18933
311.04794
pt
477.88287
313.63568
477.88287
313.63568
477.88287
313.63568
pt
482.14606
305.4593
482.14606
305.4593
482.14606
305.4593
pt
479.0935
314.54794
479.0935
314.54794
479.0935
314.54794
pt
475.5935
320.45215
475.5935
320.45215
475.5935
320.45215
pt
466.3556
316.33807
466.3556
316.33807
466.3556
316.33807
pt
456.52106
307.97815
456.52106
307.97815
456.52106
307.97815
pt
452.44153
302.05685
452.44153
302.05685
452.44153
302.05685
pt
450.48505
295.83713
450.48505
295.83713
450.48505
295.83713
pt
453.53745
286.74838
453.53745
286.74838
453.53745
286.74838

