running
20.0
4.0
true
pt
160.0
280.0
160.0
280.0
160.0
280.0
pt
195.0
240.0
195.0
240.0
195.0
240.0
pt
220.0
236.0
220.0
236.0
220.0
236.0
pt
233.0
211.0
233.0
211.0
233.0
211.0
pt
249.0
195.0
249.0
195.0
249.0
195.0
pt
304.0
171.0
304.0
171.0
304.0
171.0
pt
310.0
167.0
310.0
167.0
310.0
167.0
pt
348.0
227.0
348.0
227.0
348.0
227.0
pt
338.0
228.0
338.0
228.0
338.0
228.0
pt
307.0
241.0
307.0
241.0
307.0
241.0
pt
269.0
254.0
269.0
254.0
269.0
254.0
pt
257.0
254.0
257.0
254.0
257.0
254.0
pt
252.0
266.0
252.0
266.0
252.0
266.0
pt
245.0
280.0
245.0
280.0
245.0
280.0
pt
211.0
322.0
211.0
322.0
211.0
322.0
pt
206.0
310.0
206.0
310.0
206.0
310.0
pt
171.0
284.0
171.0
284.0
171.0
284.0
pt
159.0
283.0
159.0
283.0
159.0
283.0
pt
208.0
243.0
208.0
243.0
208.0
243.0
pt
180.0
292.0
180.0
292.0
180.0
292.0
pt
259.0
193.0
259.0
193.0
259.0
193.0
pt
199.0
302.0
199.0
302.0
199.0
302.0
pt
281.0
181.0
281.0
181.0
281.0
181.0
pt
225.0
300.0
225.0
300.0
225.0
300.0
pt
310.0
170.0
310.0
170.0
310.0
170.0
pt
280.0
250.0
280.0
250.0
280.0
250.0
pt
320.0
186.0
320.0
186.0
320.0
186.0
pt
301.0
243.0
301.0
243.0
301.0
243.0
pt
338.0
212.0
338.0
212.0
338.0
212.0

satin
20.0
7.0
false
pt
166.0
282.0
166.0
282.0
166.0
282.0
pt
213.0
309.0
213.0
309.0
213.0
309.0
pt
204.0
249.0
204.0
249.0
204.0
249.0
pt
237.0
278.0
237.0
278.0
237.0
278.0
pt
231.0
243.0
231.0
243.0
231.0
243.0
pt
245.0
254.0
245.0
254.0
245.0
254.0
pt
247.0
216.0
247.0
216.0
247.0
216.0
pt
274.0
244.0
274.0
244.0
274.0
244.0
pt
314.0
181.0
314.0
181.0
314.0
181.0
pt
337.0
220.0
337.0
220.0
337.0
220.0

satin
20.0
5.0
true
pt
157.0
283.0
157.0
283.0
157.0
283.0
pt
190.0
286.0
190.0
286.0
190.0
286.0
pt
197.0
239.0
197.0
239.0
197.0
239.0
pt
229.0
250.0
229.0
250.0
229.0
250.0
pt
221.0
233.0
221.0
233.0
221.0
233.0
pt
255.0
239.0
255.0
239.0
255.0
239.0
pt
231.0
210.0
231.0
210.0
231.0
210.0
pt
261.0
218.0
261.0
218.0
261.0
218.0
pt
251.0
193.0
251.0
193.0
251.0
193.0
pt
291.0
209.0
291.0
209.0
291.0
209.0
pt
312.0
165.0
312.0
165.0
312.0
165.0
pt
332.0
194.0
332.0
194.0
332.0
194.0

satin
20.0
5.0
false
pt
198.0
295.0
198.0
295.0
198.0
295.0
pt
210.0
323.0
210.0
323.0
210.0
323.0
pt
235.0
256.0
235.0
256.0
235.0
256.0
pt
245.0
277.0
245.0
277.0
245.0
277.0
pt
249.0
240.0
249.0
240.0
249.0
240.0
pt
256.0
255.0
256.0
255.0
256.0
255.0
pt
284.0
220.0
284.0
220.0
284.0
220.0
pt
284.0
249.0
284.0
248.0
284.0
250.0
pt
323.0
209.0
323.0
209.0
323.0
209.0
pt
326.0
231.0
326.0
231.0
326.0
231.0
pt
337.0
205.0
337.0
205.0
337.0
205.0
pt
347.0
227.0
347.0
227.0
347.0
227.0

satin
20.0
6.0
false
pt
322.0
177.0
322.0
177.0
322.0
177.0
pt
345.0
216.0
345.0
216.0
345.0
216.0
pt
251.0
209.0
251.0
209.0
251.0
209.0
pt
268.0
232.0
268.0
232.0
268.0
232.0
pt
236.0
237.0
236.0
237.0
236.0
237.0
pt
249.0
250.0
249.0
250.0
249.0
250.0
pt
205.0
245.0
205.0
245.0
205.0
245.0
pt
238.0
269.0
238.0
269.0
238.0
269.0
pt
171.0
282.0
171.0
282.0
171.0
282.0
pt
206.0
310.0
206.0
310.0
206.0
310.0

