running
20.0
4.0
true
pt
499.0
222.0
499.0
222.0
499.0
222.0
pt
569.0
239.0
569.0
239.0
569.0
239.0
pt
569.0
252.0
569.0
252.0
569.0
252.0
pt
516.0
234.0
516.0
234.0
516.0
234.0
pt
525.0
259.0
525.0
258.0
525.0
260.0
pt
540.0
237.0
540.0
237.0
540.0
237.0
pt
531.0
283.0
531.0
283.0
531.0
283.0
pt
550.0
243.0
550.0
243.0
550.0
243.0
pt
545.0
297.0
545.0
297.0
545.0
297.0
pt
562.0
250.0
562.0
250.0
562.0
250.0
pt
559.0
297.0
559.0
297.0
559.0
297.0
pt
535.0
280.0
535.0
281.0
535.0
279.0
pt
547.0
243.0
543.0
248.0
551.0
238.0

satin
20.0
4.0
true
pt
468.0
211.0
468.0
211.0
468.0
211.0
pt
429.0
225.0
429.0
225.0
429.0
225.0
pt
474.0
227.0
474.0
227.0
474.0
227.0
pt
443.0
242.0
443.0
242.0
443.0
242.0
pt
468.0
258.0
468.0
258.0
468.0
258.0
pt
406.0
268.0
406.0
268.0
406.0
268.0
pt
427.0
280.0
427.0
280.0
427.0
280.0
pt
378.0
291.0
378.0
291.0
378.0
291.0

satin
20.0
4.0
false
pt
484.0
220.0
484.0
220.0
484.0
220.0
pt
456.0
254.0
456.0
254.0
456.0
254.0
pt
512.0
222.0
512.0
222.0
512.0
222.0
pt
501.0
258.0
501.0
258.0
501.0
258.0

satin
20.0
4.0
false
pt
493.0
231.0
493.0
231.0
493.0
231.0
pt
522.0
244.0
522.0
244.0
522.0
244.0
pt
492.0
284.0
492.0
284.0
492.0
284.0
pt
526.0
287.0
526.0
287.0
526.0
287.0
pt
513.0
305.0
513.0
305.0
513.0
305.0

satin
20.0
4.0
false
pt
536.0
274.0
536.0
274.0
536.0
274.0
pt
517.0
275.0
517.0
275.0
517.0
275.0
pt
532.0
286.0
532.0
286.0
532.0
286.0
pt
508.0
301.0
508.0
301.0
508.0
301.0
pt
547.0
304.0
547.0
304.0
547.0
304.0
pt
524.0
312.0
524.0
312.0
524.0
312.0

satin
20.0
4.0
true
pt
534.0
328.0
534.0
328.0
534.0
328.0
pt
549.0
323.0
549.0
323.0
549.0
323.0
pt
525.0
318.0
525.0
318.0
525.0
318.0
pt
543.0
301.0
543.0
301.0
543.0
301.0
pt
500.0
322.0
500.0
322.0
500.0
322.0
pt
514.0
300.0
514.0
300.0
514.0
300.0
pt
434.0
327.0
434.0
327.0
434.0
327.0
pt
443.0
320.0
443.0
320.0
443.0
320.0

running
20.0
4.0
true
pt
453.0
231.0
453.0
231.0
453.0
231.0
pt
415.0
248.0
415.0
248.0
415.0
248.0
pt
358.0
278.0
372.0
264.0
344.0
292.0
pt
331.0
320.0
331.0
320.0
331.0
320.0
pt
315.0
341.0
315.0
341.0
315.0
341.0
pt
360.0
333.0
360.0
333.0
360.0
333.0
pt
272.0
351.0
272.0
351.0
272.0
351.0
pt
204.0
424.0
204.0
424.0
204.0
424.0
pt
214.0
425.0
214.0
425.0
214.0
425.0
pt
267.0
454.0
230.05688
423.93002
310.0
489.0
pt
296.0
499.0
296.0
499.0
296.0
499.0
pt
361.0
419.0
361.0
419.0
361.0
419.0
pt
382.0
374.0
382.0
374.0
382.0
374.0
pt
373.0
375.0
373.0
375.0
373.0
375.0
pt
358.0
392.0
358.0
392.0
358.0
392.0
pt
356.0
369.0
356.0
369.0
356.0
369.0
pt
370.0
359.0
370.0
359.0
370.0
359.0
pt
384.0
358.0
384.0
358.0
384.0
358.0
pt
407.0
342.0
407.0
342.0
407.0
342.0
pt
368.0
344.0
368.0
344.0
368.0
344.0
pt
323.0
360.0
323.0
360.0
323.0
360.0
pt
373.0
350.0
373.0
350.0
373.0
350.0
pt
371.0
368.0
371.0
368.0
371.0
368.0
pt
388.0
364.0
388.0
364.0
388.0
364.0
pt
380.0
375.0
380.0
375.0
380.0
375.0
pt
427.0
365.0
390.0
378.0
464.0
352.0
pt
509.0
333.0
509.0
333.0
509.0
333.0
pt
535.0
323.0
535.0
323.0
535.0
323.0

running
20.0
4.0
false
pt
454.0
228.0
454.0
228.0
454.0
228.0
pt
416.0
245.0
416.0
245.0
416.0
245.0
pt
359.0
275.0
373.0
261.0
345.0
289.0
pt
332.0
317.0
332.0
317.0
332.0
317.0
pt
316.0
338.0
316.0
338.0
316.0
338.0
pt
361.0
330.0
361.0
330.0
361.0
330.0
pt
273.0
348.0
273.0
348.0
273.0
348.0
pt
205.0
421.0
205.0
421.0
205.0
421.0
pt
215.0
422.0
215.0
422.0
215.0
422.0
pt
268.0
451.0
231.05688
420.93002
311.0
486.0
pt
297.0
496.0
297.0
496.0
297.0
496.0
pt
362.0
416.0
362.0
416.0
362.0
416.0
pt
383.0
371.0
383.0
371.0
383.0
371.0
pt
374.0
372.0
374.0
372.0
374.0
372.0
pt
359.0
389.0
359.0
389.0
359.0
389.0
pt
357.0
366.0
357.0
366.0
357.0
366.0
pt
371.0
356.0
371.0
356.0
371.0
356.0
pt
385.0
355.0
385.0
355.0
385.0
355.0
pt
408.0
339.0
408.0
339.0
408.0
339.0
pt
369.0
341.0
369.0
341.0
369.0
341.0
pt
324.0
357.0
324.0
357.0
324.0
357.0
pt
374.0
347.0
374.0
347.0
374.0
347.0
pt
372.0
365.0
372.0
365.0
372.0
365.0
pt
389.0
361.0
389.0
361.0
389.0
361.0
pt
381.0
372.0
381.0
372.0
381.0
372.0
pt
428.0
362.0
391.0
375.0
465.0
349.0
pt
510.0
330.0
510.0
330.0
510.0
330.0
pt
536.0
320.0
536.0
320.0
536.0
320.0

running
20.0
4.0
true
pt
453.0
235.0
453.0
235.0
453.0
235.0
pt
415.0
252.0
415.0
252.0
415.0
252.0
pt
358.0
282.0
372.0
268.0
344.0
296.0
pt
331.0
324.0
331.0
324.0
331.0
324.0
pt
315.0
345.0
315.0
345.0
315.0
345.0
pt
360.0
337.0
360.0
337.0
360.0
337.0
pt
272.0
355.0
272.0
355.0
272.0
355.0
pt
204.0
428.0
204.0
428.0
204.0
428.0
pt
214.0
429.0
214.0
429.0
214.0
429.0
pt
267.0
458.0
230.05688
427.93005
310.0
493.0
pt
296.0
503.0
296.0
503.0
296.0
503.0
pt
361.0
423.0
361.0
423.0
361.0
423.0
pt
382.0
378.0
382.0
378.0
382.0
378.0
pt
373.0
379.0
373.0
379.0
373.0
379.0
pt
358.0
396.0
358.0
396.0
358.0
396.0
pt
356.0
373.0
356.0
373.0
356.0
373.0
pt
370.0
363.0
370.0
363.0
370.0
363.0
pt
384.0
362.0
384.0
362.0
384.0
362.0
pt
407.0
346.0
407.0
346.0
407.0
346.0
pt
368.0
348.0
368.0
348.0
368.0
348.0
pt
323.0
364.0
323.0
364.0
323.0
364.0
pt
373.0
354.0
373.0
354.0
373.0
354.0
pt
371.0
372.0
371.0
372.0
371.0
372.0
pt
388.0
368.0
388.0
368.0
388.0
368.0
pt
380.0
379.0
380.0
379.0
380.0
379.0
pt
427.0
369.0
390.0
382.0
464.0
356.0
pt
509.0
337.0
509.0
337.0
509.0
337.0
pt
535.0
327.0
535.0
327.0
535.0
327.0

running
20.0
4.0
false
pt
446.0
234.0
446.0
234.0
446.0
234.0
pt
389.0
258.0
389.0
258.0
389.0
258.0
pt
356.0
282.0
356.0
282.0
356.0
282.0
pt
325.0
327.0
325.0
326.0
325.0
328.0

satin
20.0
4.0
false
pt
314.0
331.0
314.0
331.0
314.0
331.0
pt
334.0
333.0
334.0
333.0
334.0
333.0
pt
358.0
267.0
332.37634
285.1501
382.0
250.0
pt
366.0
282.0
366.0
283.0
366.0
281.0
pt
435.0
230.0
435.0
230.0
435.0
230.0
pt
465.0
234.0
465.0
234.0
465.0
234.0
pt
429.0
218.0
429.0
218.0
429.0
218.0
pt
459.0
224.0
459.0
224.0
459.0
224.0
pt
496.0
190.0
496.0
190.0
496.0
190.0
pt
480.0
214.0
480.0
214.0
480.0
214.0
pt
502.0
200.0
502.0
200.0
502.0
200.0
pt
499.0
226.0
499.0
226.0
499.0
226.0
pt
518.0
199.0
518.0
199.0
518.0
199.0
pt
521.0
222.0
521.0
222.0
521.0
222.0
pt
540.0
216.0
540.0
216.0
540.0
216.0
pt
541.0
228.0
541.0
228.0
541.0
228.0
pt
556.0
218.0
556.0
218.0
556.0
218.0
pt
557.0
237.0
557.0
237.0
557.0
237.0
pt
577.0
221.0
577.0
221.0
577.0
221.0
pt
565.0
238.0
565.0
238.0
565.0
238.0
pt
584.0
250.0
584.0
250.0
584.0
250.0
pt
565.0
257.0
565.0
257.0
565.0
257.0
pt
568.0
301.0
568.0
301.0
568.0
301.0
pt
557.0
296.0
557.0
296.0
557.0
296.0
pt
559.0
308.0
559.0
308.0
559.0
308.0
pt
544.0
311.0
545.0
311.0
543.0
311.0
pt
553.0
332.0
553.0
332.0
553.0
332.0
pt
548.0
322.0
548.0
322.0
548.0
322.0
pt
544.0
332.0
544.0
332.0
544.0
332.0
pt
535.0
316.0
535.0
316.0
535.0
316.0
pt
498.0
346.0
498.0
346.0
498.0
346.0
pt
483.0
340.0
483.0
340.0
483.0
340.0
pt
429.0
373.0
429.0
373.0
429.0
373.0
pt
425.0
358.0
425.0
358.0
425.0
358.0
pt
394.0
379.0
394.0
379.0
394.0
379.0
pt
393.0
365.0
393.0
365.0
393.0
365.0
pt
383.0
393.0
383.0
393.0
383.0
393.0
pt
365.0
391.0
365.0
391.0
365.0
391.0
pt
367.0
426.0
367.0
426.0
367.0
426.0
pt
353.0
414.0
353.0
414.0
353.0
414.0
pt
307.0
509.0
307.0
509.0
307.0
509.0
pt
305.0
473.0
305.0
473.0
305.0
473.0
pt
297.0
508.0
297.0
508.0
297.0
508.0
pt
293.0
473.0
293.0
474.0
293.0
472.0

running
20.0
4.0
true
pt
294.0
473.0
294.0
473.0
294.0
473.0
pt
262.0
451.0
262.0
451.0
262.0
451.0
pt
218.0
506.0
218.0
506.0
218.0
506.0
pt
264.0
457.0
264.0
457.0
264.0
457.0
pt
215.0
508.0
215.0
508.0
215.0
508.0
pt
257.0
448.0
257.0
448.0
257.0
448.0
pt
291.0
475.0
291.0
475.0
291.0
475.0

satin
20.0
4.0
false
pt
294.0
471.0
294.0
471.0
294.0
471.0
pt
298.0
500.0
298.0
500.0
298.0
500.0
pt
247.0
531.0
247.0
531.0
247.0
531.0
pt
244.0
563.0
244.0
563.0
244.0
563.0
pt
219.0
511.0
219.0
511.0
219.0
511.0
pt
193.0
536.0
193.0
536.0
193.0
536.0
pt
222.0
501.0
222.0
501.0
221.0
500.0
pt
185.0
528.0
185.0
528.0
185.0
528.0
pt
184.0
479.0
198.0
475.0
170.0
483.0
pt
158.0
480.0
158.0
480.0
158.0
480.0
pt
222.0
420.0
222.0
420.0
222.0
420.0
pt
194.0
426.0
194.0
426.0
194.0
426.0
pt
223.0
410.0
223.0
410.0
223.0
410.0
pt
197.0
408.0
197.0
408.0
197.0
408.0
pt
272.0
360.0
272.0
360.0
272.0
360.0
pt
266.0
330.0
266.0
330.0
266.0
330.0
pt
320.0
347.0
320.0
347.0
320.0
347.0
pt
326.0
325.0
326.0
325.0
326.0
325.0
pt
360.0
335.0
360.0
335.0
360.0
335.0
pt
361.0
326.0
361.0
326.0
361.0
326.0

