running
22.0
4.0
false
pt
244.0
221.0
244.0
221.0
244.0
221.0
pt
171.0
373.0
155.0
330.0
187.0
416.0
pt
226.0
404.0
218.0
408.0
234.0
400.0
pt
251.0
363.0
256.0
391.0
246.0
335.0
pt
234.0
308.0
234.0
308.0
234.0
308.0
pt
220.0
286.0
220.0
286.0
220.0
286.0
pt
215.0
295.0
215.0
296.0
215.0
294.0
pt
241.0
381.0
255.0
357.0
227.0
405.0
pt
192.0
395.0
205.0
403.0
179.0
387.0
pt
182.0
333.0
171.0
366.0
193.0
300.0
pt
248.0
224.0
248.0
224.0
248.0
224.0
pt
248.0
220.0
248.0
220.0
248.0
220.0
pt
255.0
209.0
255.0
209.0
255.0
209.0

satin
22.0
4.0
false
pt
250.0
207.0
250.0
207.0
250.0
207.0
pt
259.0
213.0
259.0
213.0
259.0
213.0
pt
260.0
188.0
260.0
188.0
260.0
188.0
pt
270.0
194.0
270.0
194.0
270.0
194.0

running
22.0
4.0
false
pt
264.0
191.0
264.0
191.0
264.0
191.0
pt
270.0
181.0
270.0
181.0
270.0
181.0

satin
22.0
4.0
false
pt
263.0
178.0
263.0
178.0
263.0
178.0
pt
276.0
184.0
276.0
184.0
276.0
184.0
pt
273.0
162.0
273.0
162.0
273.0
162.0
pt
283.0
167.0
283.0
167.0
283.0
167.0

running
22.0
4.0
false
pt
277.0
165.0
277.0
165.0
277.0
165.0
pt
283.0
152.0
283.0
152.0
283.0
152.0

satin
22.0
4.0
false
pt
277.0
152.0
277.0
152.0
277.0
152.0
pt
289.0
155.0
289.0
155.0
289.0
155.0
pt
285.0
133.0
285.0
133.0
285.0
133.0
pt
296.0
137.0
296.0
137.0
296.0
137.0

running
22.0
4.0
false
pt
290.0
135.0
290.0
135.0
290.0
135.0
pt
294.0
122.0
294.0
122.0
294.0
122.0

satin
22.0
4.0
false
pt
290.0
121.0
290.0
121.0
290.0
121.0
pt
302.0
125.0
302.0
125.0
302.0
125.0
pt
295.0
105.0
295.0
105.0
295.0
105.0
pt
306.0
107.0
306.0
107.0
306.0
107.0

running
22.0
4.0
false
pt
298.0
107.0
298.0
107.0
298.0
107.0
pt
302.0
92.0
302.0
92.0
302.0
92.0

satin
22.0
4.0
false
pt
297.0
92.0
297.0
92.0
297.0
92.0
pt
307.0
93.0
307.0
93.0
307.0
93.0
pt
298.0
76.0
298.0
76.0
298.0
76.0
pt
308.0
77.0
308.0
77.0
308.0
77.0

running
22.0
4.0
false
pt
302.0
77.0
302.0
77.0
302.0
77.0
pt
299.0
69.0
299.0
69.0
299.0
69.0
pt
300.0
61.0
300.0
61.0
300.0
61.0
pt
286.0
54.0
286.0
54.0
286.0
54.0
pt
293.0
58.0
293.0
58.0
293.0
58.0
pt
300.0
64.0
300.0
64.0
300.0
64.0
pt
292.0
78.0
292.0
78.0
292.0
78.0
pt
252.0
95.0
252.0
95.0
252.0
95.0
pt
209.0
103.0
209.0
103.0
209.0
103.0
pt
181.0
105.0
181.0
105.0
181.0
105.0
pt
167.0
102.0
167.0
102.0
167.0
102.0
pt
155.0
97.0
155.0
97.0
155.0
97.0
pt
156.0
88.0
156.0
88.0
156.0
88.0
pt
162.0
80.0
162.0
80.0
162.0
80.0
pt
161.0
86.0
161.0
86.0
161.0
86.0
pt
156.0
92.0
156.0
92.0
156.0
92.0
pt
160.0
101.0
160.0
101.0
160.0
101.0
pt
172.0
105.0
172.0
105.0
172.0
105.0
pt
193.0
105.0
193.0
105.0
193.0
105.0
pt
203.0
105.0
203.0
105.0
203.0
105.0
pt
245.0
99.0
245.0
99.0
245.0
99.0
pt
269.0
89.0
269.0
89.0
269.0
89.0
pt
289.0
80.0
289.0
80.0
289.0
80.0
pt
296.0
72.0
296.0
72.0
296.0
72.0
pt
297.0
60.0
297.0
60.0
297.0
60.0

satin
22.0
4.0
false
pt
285.0
48.0
285.0
48.0
285.0
48.0
pt
280.0
57.0
280.0
57.0
280.0
57.0
pt
306.0
64.0
306.0
51.0
306.0
77.0
pt
292.0
67.0
294.0
58.0
290.0
76.0
pt
246.0
103.0
295.0
91.0
197.0
115.0
pt
243.0
89.0
266.0
85.0
220.0
93.0
pt
150.0
101.0
154.0
111.0
146.0
91.0
pt
164.0
94.0
170.0
104.0
158.0
84.0
pt
161.0
74.0
150.0
83.0
172.0
65.0
pt
167.0
83.0
164.0
85.0
170.0
81.0

running
22.0
4.0
false
pt
160.0
74.0
160.0
74.0
160.0
74.0
pt
152.0
83.0
152.0
83.0
152.0
83.0
pt
149.0
94.0
149.0
94.0
149.0
94.0
pt
153.0
103.0
153.0
103.0
153.0
103.0
pt
164.0
108.0
164.0
108.0
164.0
108.0
pt
172.0
109.0
172.0
109.0
172.0
109.0
pt
178.0
116.0
178.0
116.0
178.0
116.0

satin
22.0
4.0
false
pt
182.0
115.0
182.0
115.0
182.0
115.0
pt
173.0
120.0
173.0
120.0
173.0
120.0
pt
192.0
129.0
192.0
129.0
192.0
129.0
pt
181.0
134.0
181.0
134.0
181.0
134.0

running
22.0
4.0
false
pt
186.0
132.0
186.0
132.0
186.0
132.0
pt
192.0
143.0
192.0
143.0
192.0
143.0

satin
22.0
4.0
false
pt
196.0
141.0
196.0
141.0
196.0
141.0
pt
186.0
145.0
186.0
145.0
186.0
145.0
pt
202.0
162.0
202.0
162.0
202.0
162.0
pt
190.0
165.0
190.0
165.0
190.0
165.0

running
22.0
4.0
false
pt
197.0
164.0
197.0
164.0
197.0
164.0
pt
199.0
172.0
199.0
172.0
199.0
172.0
pt
198.0
181.0
198.0
181.0
198.0
181.0
pt
175.0
227.0
175.0
227.0
175.0
227.0
pt
140.0
286.0
140.0
286.0
140.0
286.0
pt
124.0
341.0
124.0
341.0
124.0
341.0
pt
123.0
379.0
123.0
379.0
123.0
379.0
pt
224.0
465.0
134.0
463.0
314.0
467.0
pt
350.0
377.0
350.0
377.0
350.0
377.0
pt
376.0
227.0
376.0
307.0
376.0
147.0
pt
322.0
53.0
354.0
72.0
268.81387
21.420736
pt
211.0
39.0
211.0
39.0
211.0
39.0
pt
129.0
103.0
147.98997
51.615368
112.0
149.0
pt
160.0
212.0
160.0
212.0
160.0
212.0
pt
156.0
221.0
156.0
221.0
156.0
221.0
pt
128.0
86.0
100.69157
161.85675
137.0
61.0
pt
198.0
35.0
182.14825
42.39748
228.0
21.0
pt
270.0
29.0
270.0
29.0
270.0
29.0
pt
312.0
40.0
312.0
40.0
312.0
40.0
pt
340.0
60.0
340.0
60.0
340.0
60.0
pt
375.0
138.0
364.0
93.0
386.0
183.0
pt
382.0
249.0
382.0
249.0
382.0
249.0
pt
374.0
314.0
374.0
314.0
374.0
314.0
pt
361.0
370.0
361.0
370.0
361.0
370.0
pt
329.0
422.0
329.0
422.0
329.0
422.0
pt
226.0
472.0
289.0
472.0
163.0
472.0
pt
115.0
363.0
113.0
420.0
117.0
306.0
pt
167.0
228.0
167.0
228.0
167.0
228.0
pt
183.0
196.0
183.0
196.0
183.0
196.0
pt
195.0
171.0
195.0
171.0
195.0
171.0

satin
22.0
8.0
false
pt
191.0
174.0
191.0
174.0
191.0
174.0
pt
204.0
177.0
204.0
177.0
204.0
177.0
pt
150.0
244.0
150.0
244.0
150.0
244.0
pt
161.0
253.0
161.0
253.0
161.0
253.0
pt
121.0
413.0
91.0
333.0
151.0
493.0
pt
135.0
407.0
105.77808
329.44952
161.0
476.0
pt
250.0
475.0
250.0
475.0
250.0
475.0
pt
249.0
461.0
249.0
461.0
249.0
461.0
pt
372.0
348.0
345.0
460.0
399.0
236.0
pt
358.0
345.0
337.5467
439.90338
383.0
229.0
pt
383.0
156.0
384.0
156.0
382.0
156.0
pt
368.0
159.0
368.0
159.0
368.0
159.0
pt
322.0
39.0
377.0
74.0
267.0
4.0
pt
315.0
52.0
358.0
79.0
272.0
25.0
pt
168.0
43.0
189.0
32.0
147.0
54.0
pt
174.0
55.0
204.0
37.0
144.0
73.0
pt
115.0
118.0
122.0
76.0
108.0
160.0
pt
129.0
119.0
129.29625
103.00276
128.0
173.0
pt
154.0
224.0
154.0
224.0
154.0
224.0
pt
163.0
212.0
163.0
212.0
163.0
212.0

satin
22.0
4.0
true
pt
186.0
172.0
186.0
172.0
186.0
172.0
pt
207.0
171.0
207.0
171.0
207.0
171.0
pt
143.0
242.0
143.0
242.0
143.0
242.0
pt
163.0
255.0
163.0
255.0
163.0
255.0
pt
114.0
412.0
84.0
332.0
144.0
492.0
pt
137.0
403.0
107.778076
325.44952
163.0
472.0
pt
250.0
479.0
250.0
479.0
250.0
479.0
pt
245.0
455.0
245.0
455.0
245.0
455.0
pt
375.0
348.0
348.0
460.0
402.0
236.0
pt
350.0
343.0
329.5467
437.90338
375.0
227.0
pt
386.0
155.0
387.0
155.0
385.0
155.0
pt
362.0
159.0
362.0
159.0
362.0
159.0
pt
322.0
33.0
377.0
68.0
267.0
-2.0
pt
310.0
54.0
353.0
81.0
267.0
27.0
pt
163.0
36.0
184.0
25.0
142.0
47.0
pt
172.0
59.0
202.0
41.0
142.0
77.0
pt
109.0
116.0
116.0
74.0
102.0
158.0
pt
132.0
117.0
132.29625
101.00276
131.0
171.0
pt
149.0
229.0
149.0
229.0
149.0
229.0
pt
162.0
206.0
162.0
206.0
162.0
206.0

satin
22.0
4.0
false
pt
208.0
169.0
208.0
169.0
208.0
169.0
pt
208.0
161.0
208.0
161.0
208.0
161.0
pt
220.0
175.0
220.0
175.0
220.0
175.0
pt
227.0
168.0
227.0
168.0
227.0
168.0
pt
235.0
195.0
235.0
195.0
235.0
195.0
pt
244.0
192.0
244.0
192.0
244.0
192.0
pt
241.0
205.0
241.0
205.0
241.0
205.0
pt
245.0
211.0
245.0
211.0
245.0
211.0

satin
22.0
8.0
false
pt
244.0
219.0
244.0
219.0
244.0
219.0
pt
254.0
227.0
254.0
227.0
254.0
227.0
pt
202.0
279.0
202.0
279.0
202.0
279.0
pt
213.0
286.0
213.0
286.0
213.0
286.0
pt
171.0
371.0
168.0
331.0
174.0
411.0
pt
184.0
373.0
177.75409
344.8933
190.0
400.0
pt
213.0
409.0
206.0
409.0
220.0
409.0
pt
216.0
396.0
216.0
396.0
216.0
396.0
pt
251.0
382.0
247.0
402.0
255.0
362.0
pt
239.0
379.0
236.0
395.0
242.0
363.0
pt
248.0
341.0
248.0
341.0
248.0
341.0
pt
238.0
346.0
238.0
346.0
238.0
346.0
pt
225.0
287.0
225.0
287.0
225.0
287.0
pt
216.0
296.0
216.0
296.0
216.0
296.0

satin
22.0
4.0
true
pt
245.0
215.0
245.0
215.0
245.0
215.0
pt
255.0
223.0
255.0
223.0
255.0
223.0
pt
197.0
272.0
197.0
272.0
197.0
272.0
pt
216.0
285.0
216.0
285.0
216.0
285.0
pt
166.0
367.0
163.0
327.0
169.0
407.0
pt
187.0
367.0
180.75407
338.8933
193.0
394.0
pt
218.0
408.0
211.0
408.0
225.0
408.0
pt
216.0
387.0
216.0
387.0
216.0
387.0
pt
254.0
379.0
250.0
399.0
258.0
359.0
pt
235.0
374.0
232.0
390.0
238.0
358.0
pt
251.0
336.0
251.0
336.0
251.0
336.0
pt
232.0
345.0
232.0
345.0
232.0
345.0
pt
225.0
273.0
225.0
273.0
225.0
273.0
pt
208.0
296.0
208.0
296.0
208.0
296.0
pt
247.0
276.0
248.0
276.0
246.0
276.0

