running
20.0
4.0
false
pt
116.8968
602.65314
116.8968
602.65314
116.8968
602.65314
pt
173.42068
589.9351
146.57184
589.9351
200.26959
589.9351
pt
228.5314
605.4798
228.5314
605.4798
228.5314
605.4798
pt
174.8339
621.0237
241.2493
621.0237
108.41828
621.0237
pt
116.8968
605.4798
116.8968
605.4798
116.8968
605.4798

running
20.0
4.0
false
pt
85.372765
663.6853
85.372765
663.6853
85.372765
663.6853
pt
85.372765
800.2404
85.372765
800.2404
85.372765
800.2404
pt
170.03658
820.724
84.68954
820.04156
255.38583
821.40643
pt
256.06738
802.97064
256.06738
802.97064
256.06738
802.97064
pt
254.01971
656.1734
254.01971
656.1734
254.01971
656.1734
pt
209.99278
589.8297
250.27707
615.77576
176.70912
568.39343
pt
186.42436
556.4877
186.42436
556.4877
186.42436
556.4877
pt
190.52014
555.12244
190.52014
555.12244
190.52014
555.12244
pt
190.52014
531.2249
190.52014
531.2249
190.52014
531.2249
pt
163.89215
527.1291
190.52014
526.44635
137.26418
527.81146
pt
138.62965
533.27295
138.62965
533.27295
138.62965
533.27295
pt
138.62965
555.12244
138.62965
555.12244
138.62965
555.12244
pt
164.57558
559.90283
145.45729
559.90283
183.69315
559.90283
pt
192.56903
550.3427
192.56903
555.12244
192.56903
545.5629
pt
186.42436
529.8595
193.25203
533.9564
179.59586
525.763
pt
147.50626
527.81146
163.89215
522.3491
131.11992
533.27295
pt
165.25803
538.0531
134.53447
538.7363
195.9836
537.37
pt
190.52014
533.27295
189.15518
540.10095
191.88712
526.44635
pt
187.10703
551.0259
193.25203
549.65967
180.96194
552.39197
pt
163.21024
554.4393
178.91368
553.7568
147.50626
555.12244
pt
138.62965
551.0259
138.62965
551.0259
138.62965
551.0259
pt
143.40843
557.85406
143.40843
557.85406
143.40843
557.85406
pt
123.38698
591.2268
158.30876
563.2898
88.466034
619.1638
pt
84.91161
663.8194
84.91161
663.8194
84.91161
663.8194
pt
85.2794
798.9133
85.2794
798.9133
85.2794
798.9133
pt
165.82596
783.3695
76.80081
783.3695
254.85077
783.3695
pt
254.85077
801.7391
254.85077
801.7391
254.85077
801.7391
pt
229.41498
814.4571
229.41498
814.4571
229.41498
814.4571

running
20.0
4.0
false
pt
234.08426
666.494
234.08426
666.494
234.08426
666.494
pt
265.7026
624.33563
277.55902
692.8439
253.84561
555.82965
pt
297.32092
595.3526
284.14767
597.98724
310.49554
592.7176
pt
268.33755
590.082
226.63768
634.2349
290.73395
566.37
pt
294.6863
607.2095
296.00323
599.3049
293.36862
615.114
pt
162.94307
650.6855
269.61737
645.8356
133.95874
652.0022
pt
37.785484
599.3049
32.51578
633.5574
43.055176
565.0517
pt
199.8312
572.9556
199.8312
572.9556
199.8312
572.9556
pt
285.4651
617.7494
339.47958
588.766
231.44965
646.7321

running
20.0
4.0
false
pt
161.13464
539.5596
161.13464
539.5596
161.13464
539.5596
pt
144.5706
518.8546
144.5706
518.8546
144.5706
518.8546
pt
144.5706
487.10635
144.5706
487.10635
144.5706
487.10635
pt
166.65613
484.34607
166.65613
484.34607
166.65613
484.34607
pt
184.60059
488.48672
184.60059
488.48672
184.60059
488.48672
pt
165.27568
495.38843
165.27568
495.38843
165.27568
495.38843
pt
145.95088
488.48672
145.95088
488.48672
145.95088
488.48672
pt
168.03627
481.5853
168.03627
481.5853
168.03627
481.5853
pt
184.60059
491.24744
184.60059
491.24744
184.60059
491.24744
pt
184.60059
520.23413
184.60059
520.23413
184.60059
520.23413
pt
176.3185
538.179
176.3185
538.179
176.3185
538.179
pt
162.51506
531.27716
162.51506
531.27716
162.51506
531.27716
pt
154.2329
534.0381
154.2329
534.0381
154.2329
534.0381
pt
174.93811
532.65765
174.93811
532.65765
174.93811
532.65765

running
20.0
4.0
false
pt
73.7964
845.0344
73.7964
845.0344
73.7964
845.0344
pt
36.249542
769.94116
41.063515
826.7431
31.436342
713.1409
pt
57.83887
558.43726
20.576687
606.05054
75.16894
536.29474
pt
279.59723
551.59247
196.76648
523.2566
331.6148
569.3898
pt
260.4331
583.0779
260.4331
581.70825
260.4331
584.4465
pt
129.02039
598.1349
191.98889
611.82355
66.05167
584.4465
pt
81.1095
546.11847
22.248182
563.9132
139.97131
528.3235
pt
297.39236
580.3401
291.91718
524.2159
302.86774
636.46436
pt
312.4499
680.2688
312.4499
680.2688
312.4499
680.2688
pt
320.66348
704.9081
320.66348
704.9081
320.66348
704.9081
pt
320.66348
748.71246
320.66348
748.71246
320.66348
748.71246
pt
320.66348
792.51587
320.66348
792.51587
320.66348
792.51587
pt
297.39236
819.89404
297.39236
819.89404
297.39236
819.89404
pt
261.80173
848.63934
261.80173
848.63934
261.80173
848.63934
pt
234.42418
848.63934
234.42418
848.63934
234.42418
848.63934
pt
144.07806
847.27203
144.07806
847.27203
144.07806
847.27203
pt
107.11862
808.9427
129.02039
811.68164
85.21631
806.20337
pt
96.16761
845.90186
45.51884
863.699
146.81609
828.1071
pt
139.97131
840.4275
120.076706
806.3207
149.55359
856.8532
pt
187.88284
847.27203
187.88284
847.27203
187.88284
847.27203
pt
228.94885
845.90186
228.94885
845.90186
228.94885
845.90186

running
20.0
4.0
false
pt
500.0482
358.33948
500.0482
358.33948
500.0482
358.33948
pt
483.53177
337.6942
483.53177
337.6942
483.53177
337.6942
pt
483.53177
306.03784
483.53177
306.03784
483.53177
306.03784
pt
505.55383
303.28546
505.55383
303.28546
505.55383
303.28546
pt
523.44586
307.414
523.44586
307.414
523.44586
307.414
pt
504.17737
314.2959
504.17737
314.2959
504.17737
314.2959
pt
484.90826
307.414
484.90826
307.414
484.90826
307.414
pt
506.93002
300.53226
506.93002
300.53226
506.93002
300.53226
pt
523.44586
310.16693
523.44586
310.16693
523.44586
310.16693
pt
523.44586
339.07022
523.44586
339.07022
523.44586
339.07022
pt
515.1875
356.9631
515.1875
356.9631
515.1875
356.9631
pt
501.4247
350.08102
501.4247
350.08102
501.4247
350.08102
pt
493.16638
352.8341
493.16638
352.8341
493.16638
352.8341
pt
513.8115
351.45776
513.8115
351.45776
513.8115
351.45776

running
20.0
4.0
false
pt
422.88434
482.36856
422.88434
482.36856
422.88434
482.36856
pt
422.88434
618.9243
422.88434
618.9243
422.88434
618.9243
pt
507.54825
639.40784
422.20132
638.7241
592.8973
640.0901
pt
593.5789
621.6546
593.5789
621.6546
593.5789
621.6546
pt
591.5309
474.85696
591.5309
474.85696
591.5309
474.85696
pt
547.5042
408.5134
587.7884
434.459
514.2204
387.0766
pt
523.9355
375.17203
523.9355
375.17203
523.9355
375.17203
pt
528.0316
373.8064
528.0316
373.8064
528.0316
373.8064
pt
528.0316
349.90836
528.0316
349.90836
528.0316
349.90836
pt
501.4035
345.81223
528.0316
345.12976
474.7757
346.49478
pt
476.141
351.95688
476.141
351.95688
476.141
351.95688
pt
476.141
373.8064
476.141
373.8064
476.141
373.8064
pt
502.08734
378.58624
482.96896
378.58624
521.2047
378.58624
pt
530.08026
369.02695
530.08026
373.8064
530.08026
364.2473
pt
523.9355
348.54312
530.76355
352.63992
517.10724
344.44623
pt
485.01843
346.49478
501.4035
341.03296
468.63162
351.95688
pt
502.76965
356.73657
472.0459
357.41928
533.495
356.05368
pt
528.0316
351.95688
526.6667
358.78506
529.3985
345.12976
pt
524.6184
369.70935
530.76355
368.3441
518.4736
371.07587
pt
500.72208
373.1237
516.425
372.4406
485.01843
373.8064
pt
476.141
369.70935
476.141
369.70935
476.141
369.70935
pt
480.92047
376.5375
480.92047
376.5375
480.92047
376.5375
pt
460.89822
409.9103
495.82117
381.97324
425.97787
437.8471
pt
422.42313
482.50372
422.42313
482.50372
422.42313
482.50372
pt
422.79065
617.597
422.79065
617.597
422.79065
617.597

running
20.0
4.0
false
pt
574.6102
667.4364
574.6102
667.4364
574.6102
667.4364
pt
606.2283
625.2784
618.0844
693.7863
594.37146
556.7723
pt
637.84674
596.29443
624.67303
598.9298
651.02155
593.66016
pt
608.8629
591.0248
567.16327
635.1775
631.2594
567.3113
pt
635.21185
608.1521
636.5291
600.24744
633.89496
616.056
pt
503.46878
651.6282
610.1434
646.7778
474.48456
652.9444
pt
378.31125
600.24744
368.5534
633.5005
381.73273
588.5879
pt
428.69977
577.5955
423.7033
577.5955
433.69623
577.5955

running
20.0
4.0
false
pt
592.6694
607.3145
592.6694
607.3145
592.6694
607.3145
pt
511.28848
620.8262
597.89874
618.3065
424.67917
623.34576
pt
422.3833
607.26373
422.3833
607.26373
422.3833
607.26373

running
20.0
4.0
false
pt
508.76175
380.8156
508.76175
380.8156
508.76175
380.8156
pt
533.94806
423.1282
514.7423
407.7643
538.98535
427.15817
pt
530.926
410.03143
530.926
410.03143
530.926
410.03143
pt
535.96216
424.13596
535.96216
424.13596
535.96216
424.13596
pt
520.8511
422.12125
520.8511
422.12125
520.8511
422.12125
pt
535.96216
424.13596
535.96216
424.13596
535.96216
424.13596
pt
518.836
403.98685
518.836
403.98685
518.836
403.98685
pt
509.76904
385.85278
509.76904
385.85278
509.76904
385.85278
pt
500.7021
381.82275
500.7021
381.82275
500.7021
381.82275
pt
469.47107
439.2479
499.69464
412.04626
439.2479
466.44864
pt
453.35202
452.34415
453.35202
452.34415
453.35202
452.34415
pt
458.38873
435.21756
458.38873
435.21756
458.38873
435.21756
pt
452.34415
455.36694
452.34415
455.36694
452.34415
455.36694
pt
473.50104
450.32925
473.50104
450.32925
473.50104
450.32925
pt
453.35202
455.36694
453.35202
455.36694
453.35202
455.36694
pt
476.52295
433.20297
476.52295
433.20297
476.52295
433.20297
pt
492.64215
406.00238
492.64215
406.00238
492.64215
406.00238
pt
503.7245
383.8379
503.7245
383.8379
503.7245
383.8379
pt
496.67215
466.44864
497.67972
453.35202
495.4907
481.81427
pt
492.64215
484.58264
492.64215
484.58264
492.64215
484.58264
pt
484.58264
465.44135
484.58264
465.44135
484.58264
465.44135
pt
492.64215
483.57526
492.64215
483.57526
492.64215
483.57526
pt
507.75406
469.47107
507.75406
469.47107
507.75406
469.47107
pt
493.64954
483.57526
493.64954
483.57526
493.64954
483.57526
pt
498.6872
444.28506
498.6872
444.28506
498.6872
444.28506
pt
500.7021
397.94214
500.7021
397.94214
500.7021
397.94214
pt
506.74634
387.86786
506.74634
387.86786
506.74634
387.86786
pt
523.873
446.29987
504.73196
426.1506
543.01495
466.44864
pt
533.94806
454.35925
533.94806
454.35925
533.94806
454.35925
pt
532.9402
438.24002
532.9402
438.24002
532.9402
438.24002
pt
533.94806
455.36694
533.94806
455.36694
533.94806
455.36694
pt
516.8214
454.35925
516.8214
454.35925
516.8214
454.35925
pt
533.94806
454.35925
533.94806
454.35925
533.94806
454.35925

running
20.0
4.0
false
pt
356.6365
520.8511
356.6365
520.8511
356.6365
520.8511
pt
395.9275
520.8511
395.9275
520.8511
395.9275
520.8511
pt
394.9197
424.13596
394.9197
424.13596
394.9197
424.13596
pt
413.05396
424.13596
413.05396
424.13596
413.05396
424.13596
pt
375.7784
374.7705
375.7784
374.7705
375.7784
374.7705
pt
333.4654
422.12125
333.4654
422.12125
333.4654
422.12125
pt
353.61432
423.1282
353.61432
423.1282
353.61432
423.1282
pt
353.61432
519.8436
353.61432
519.8436
353.61432
519.8436
pt
376.7859
521.8585
376.7859
521.8585
376.7859
521.8585

running
20.0
4.0
false
pt
13.068432
342.79514
13.068432
342.79514
13.068432
342.79514
pt
109.57377
408.13712
109.57377
408.13712
109.57377
408.13712
pt
126.66321
367.92654
100.52637
388.03195
152.60504
347.97125
pt
158.8317
353.85284
158.8317
353.85284
158.8317
353.85284
pt
155.81596
348.82657
155.81596
348.82657
155.81596
348.82657
pt
161.84752
341.78973
161.84752
341.78973
161.84752
341.78973
pt
148.77908
336.76337
148.77908
336.76337
148.77908
336.76337
pt
144.758
341.78973
144.758
341.78973
144.758
341.78973
pt
147.77377
347.82138
147.77377
347.82138
147.77377
347.82138
pt
123.64742
358.87936
123.64742
358.87936
123.64742
358.87936
pt
115.605354
367.92654
115.605354
367.92654
115.605354
367.92654
pt
107.563286
362.9003
107.563286
362.9003
107.563286
362.9003
pt
103.54217
374.9634
103.54217
374.9634
103.54217
374.9634
pt
110.579025
371.94788
110.579025
371.94788
110.579025
371.94788
pt
104.547455
391.04767
104.547455
391.04767
104.547455
391.04767
pt
104.547455
404.116
104.547455
404.116
104.547455
404.116
pt
101.531654
412.15814
101.531654
412.15814
101.531654
412.15814
pt
108.568474
418.18982
108.568474
418.18982
108.568474
418.18982
pt
118.621155
408.13712
118.621155
408.13712
118.621155
408.13712
pt
152.80013
393.0582
124.65273
417.18454
180.94748
368.9318
pt
158.8317
346.81592
158.8317
346.81592
158.8317
346.81592
pt
56.294785
278.45807
56.294785
278.45807
56.294785
278.45807
pt
18.09475
298.56332
39.205273
268.4054
-3.015791
328.72147
pt
13.068432
342.79514
13.068432
342.79514
13.068432
342.79514
pt
37.19477
360.88977
37.19477
360.88977
37.19477
360.88977

running
20.0
4.0
false
pt
181.12048
268.6141
181.12048
268.6141
181.12048
268.6141
pt
173.07828
285.70364
173.07828
285.70364
173.07828
285.70364
pt
205.2468
316.86676
169.05722
297.76672
241.4362
335.96686
pt
254.50462
323.90378
254.50462
323.90378
254.50462
323.90378
pt
263.55206
303.79843
263.55206
303.79843
263.55206
303.79843
pt
249.4784
302.79337
249.4784
302.79337
249.4784
302.79337
pt
255.50998
297.76672
255.50998
297.76672
255.50998
297.76672
pt
258.52576
284.69833
258.52576
284.69833
258.52576
284.69833
pt
233.39421
264.59302
264.55722
280.67722
202.23102
248.50883
pt
209.2678
269.61957
177.21642
253.1486
281.647
306.8142
pt
192.17833
259.56668
192.17833
259.56668
192.17833
259.56668
pt
201.22566
255.54575
201.22566
255.54575
201.22566
255.54575
pt
187.1521
271.62997
187.1521
271.62997
187.1521
271.62997
pt
190.16782
262.5826
190.16782
262.5826
190.16782
262.5826
pt
195.19417
283.69315
157.99944
257.5563
232.38882
309.83008
pt
260.53622
296.76166
283.65744
324.90903
237.41516
268.6141

running
20.0
4.0
false
pt
135.7668
416.95892
135.7668
416.95892
135.7668
416.95892
pt
153.85136
411.42993
153.85136
411.42993
153.85136
411.42993
pt
163.46712
442.88162
163.46712
442.88162
163.46712
442.88162
pt
174.71541
440.3021
174.71541
440.3021
174.71541
440.3021
pt
162.20494
472.50006
162.20494
472.50006
162.20494
472.50006
pt
135.40108
452.32175
135.40108
452.32175
135.40108
452.32175
pt
145.62283
449.19662
145.62283
449.19662
145.62283
449.19662
pt
136.55305
416.71863
136.55305
416.71863
136.55305
416.71863
pt
145.20218
414.07428
145.20218
414.07428
145.20218
414.07428

running
20.0
4.0
false
pt
629.2997
176.34674
629.2997
176.34674
629.2997
176.34674
pt
525.96106
230.241
526.45526
230.241
525.46643
230.241
pt
543.761
238.1522
543.761
238.1522
543.761
238.1522
pt
560.07764
260.89655
560.07764
260.89655
560.07764
260.89655
pt
561.5606
278.6965
561.5606
278.6965
561.5606
278.6965
pt
541.7831
288.58533
541.7831
288.58533
541.7831
288.58533
pt
531.89435
281.1687
531.89435
281.1687
531.89435
281.1687
pt
529.91656
264.3576
529.91656
264.3576
529.91656
264.3576
pt
541.7831
273.25763
541.7831
273.25763
541.7831
273.25763
pt
539.80524
285.12427
539.80524
285.12427
539.80524
285.12427
pt
538.3221
289.07977
538.3221
289.07977
538.3221
289.07977
pt
524.972
282.65204
524.972
282.65204
524.972
282.65204
pt
517.5553
268.31317
517.5553
268.31317
517.5553
268.31317
pt
523.4886
251.99654
523.4886
251.99654
523.4886
251.99654
pt
539.80524
244.08548
539.80524
244.08548
539.80524
244.08548
pt
546.2331
241.1188
546.2331
241.1188
546.2331
241.1188
pt
522.5
234.19661
522.5
234.19661
522.5
234.19661
pt
515.57776
240.1299
516.07196
234.69101
515.08307
245.56877
pt
517.5553
252.491
517.5553
251.99654
517.5553
252.98541
pt
521.0164
257.92993
521.0164
257.92993
521.0164
257.92993
pt
519.0387
240.1299
513.10547
242.10764
524.972
238.1522
pt
529.91656
243.09662
529.91656
243.09662
529.91656
243.09662
pt
536.3443
245.07434
536.3443
245.07434
536.3443
245.07434
pt
548.7053
242.60211
548.7053
242.60211
548.7053
242.60211
pt
555.1332
253.47989
555.1332
253.47989
555.1332
253.47989
pt
562.5497
266.33542
562.5497
266.33542
562.5497
266.33542
pt
562.0552
278.20203
562.0552
278.20203
562.0552
278.20203
pt
669.34955
214.41888
669.34955
214.41888
669.34955
214.41888
pt
676.7663
202.0578
676.7663
202.0578
676.7663
202.0578
pt
667.8663
187.71896
667.8663
187.71896
667.8663
187.71896
pt
637.70514
174.36899
637.70514
174.36899
637.70514
174.36899
pt
626.82733
176.84119
626.82733
176.84119
626.82733
176.84119
pt
600.1275
191.18
600.1275
191.18
600.1275
191.18

running
20.0
4.0
false
pt
526.38336
275.77502
526.38336
275.77502
526.38336
275.77502
pt
506.3284
279.3681
515.40234
295.20898
497.25485
263.52716
pt
487.75226
254.58656
498.52158
253.83249
476.98312
255.34064
pt
508.71872
306.55963
475.39984
330.63715
537.1328
286.02676
pt
541.6675
278.71747
541.6675
278.71747
541.6675
278.71747
pt
503.1938
302.3259
516.3483
298.3042
490.03915
306.34763
pt
491.38965
283.08914
488.27463
295.04132
494.50452
271.13705
pt
501.42944
291.01953
488.63937
290.69907
514.2193
291.33987
pt
514.993
291.10333
506.1164
298.04788
523.86957
284.15878

running
20.0
4.0
false
pt
728.06177
845.00165
728.06177
845.00165
728.06177
845.00165
pt
690.51483
769.90765
695.32904
826.7107
685.7016
713.10864
pt
712.1039
558.4048
674.8418
606.01855
729.4344
536.2619
pt
933.8629
551.5603
851.0318
523.22437
985.8802
569.3565
pt
914.6983
583.0448
914.6983
581.67535
914.6983
584.4142
pt
783.2858
598.10236
846.25415
611.79224
720.31696
584.4142
pt
735.37494
546.08624
676.5134
563.8804
794.2366
528.29114
pt
951.65717
580.30695
946.1826
524.18335
957.13354
636.43146
pt
966.7147
680.23596
966.7147
680.23596
966.7147
680.23596
pt
974.9281
704.87634
974.9281
704.87634
974.9281
704.87634
pt
974.9281
748.6807
974.9281
748.6807
974.9281
748.6807
pt
974.9281
792.483
974.9281
792.483
974.9281
792.483
pt
951.65717
819.8614
951.65717
819.8614
951.65717
819.8614
pt
916.0681
848.6072
916.0681
848.6072
916.0681
848.6072
pt
888.68964
848.6072
888.68964
848.6072
888.68964
848.6072
pt
798.3434
847.2387
798.3434
847.2387
798.3434
847.2387
pt
761.3836
808.91
783.2858
811.64874
739.4816
806.17035
pt
750.4328
845.8695
699.7838
863.6652
801.08136
828.07416
pt
794.2366
840.3951
774.34247
806.2878
803.8193
856.82056
pt
842.1482
847.2387
842.1482
847.2387
842.1482
847.2387
pt
883.2143
845.8695
883.2143
845.8695
883.2143
845.8695

running
20.0
4.0
false
pt
891.3885
666.437
891.3885
666.437
891.3885
666.437
pt
923.0064
624.279
934.8627
692.78705
911.14954
555.7731
pt
954.62506
595.2951
941.4513
597.9306
967.79974
592.6608
pt
925.64124
590.02563
883.9415
634.17816
948.0376
566.3119
pt
951.9901
607.1528
953.3072
599.2484
950.6732
615.0568
pt
820.24677
650.6289
926.92163
645.7785
791.2628
651.9452
pt
695.0893
599.2484
689.81946
633.5002
700.359
564.99524
pt
857.1345
572.8984
857.1345
572.8984
857.1345
572.8984
pt
942.76917
617.692
996.78314
588.7091
888.7534
646.6755

running
20.0
4.0
false
pt
746.6576
598.2874
746.6576
598.2874
746.6576
598.2874
pt
746.6576
734.8432
746.6576
734.8432
746.6576
734.8432
pt
831.32153
755.32666
745.9746
754.6428
916.67053
756.009
pt
917.3521
737.5734
917.3521
737.5734
917.3521
737.5734
pt
915.30414
590.77576
915.30414
590.77576
915.30414
590.77576
pt
871.2774
524.4322
911.5616
550.3777
837.99384
502.99542
pt
847.70874
491.0908
847.70874
491.0908
847.70874
491.0908
pt
851.80493
489.72513
851.80493
489.72513
851.80493
489.72513
pt
856.40027
483.66132
856.40027
483.66132
856.40027
483.66132
pt
848.4059
484.66058
848.4059
484.66058
848.4059
484.66058
pt
836.4143
488.65775
836.4143
488.65775
836.4143
488.65775
pt
815.429
487.65848
815.429
487.65848
815.429
487.65848
pt
797.4416
483.66132
797.4416
483.66132
797.4416
483.66132
pt
796.0
489.0
796.0
489.0
796.0
489.0
pt
802.43805
490.65643
802.43805
490.65643
802.43805
490.65643
pt
829.4191
493.65427
829.4191
493.65427
829.4191
493.65427
pt
841.4108
491.65573
841.4108
491.65573
841.4108
491.65573
pt
849.40533
487.65848
849.40533
487.65848
849.40533
487.65848
pt
848.4059
467.67258
848.4059
467.67258
848.4059
467.67258
pt
801.4388
467.67258
819.42615
447.68646
783.4513
487.65848
pt
849.40533
468.67184
848.4059
468.67184
850.4044
468.67184
pt
832.417
472.66898
832.417
472.66898
832.417
472.66898
pt
810.43243
471.66965
810.43243
471.66965
810.43243
471.66965
pt
799.4402
466.6732
799.4402
466.6732
799.4402
466.6732
pt
799.0
475.0
799.0
475.0
799.0
475.0
pt
794.0
473.0
794.0
473.0
794.0
473.0
pt
803.0
478.0
803.0
478.0
803.0
478.0
pt
821.0
482.0
821.0
482.0
821.0
482.0
pt
839.0
480.0
839.0
480.0
839.0
480.0
pt
854.0
475.0
854.0
475.0
854.0
475.0
pt
849.0
474.0
849.0
474.0
849.0
474.0
pt
829.0
482.0
829.0
482.0
829.0
482.0
pt
809.0
480.0
809.0
480.0
809.0
480.0
pt
799.0
478.0
799.0
478.0
799.0
478.0
pt
803.0
491.0
803.0
491.0
803.0
491.0
pt
785.0
520.0
816.0
499.0
746.86176
545.8356
pt
746.0
598.0
746.0
598.0
746.0
598.0
pt
746.0
627.0
746.0
627.0
746.0
627.0

running
20.0
4.0
false
pt
746.0
609.0
746.0
609.0
746.0
609.0
pt
830.0
636.0
745.0
638.0
915.0
634.0
pt
915.0
609.0
915.0
609.0
915.0
609.0
pt
827.0
590.0
918.0
589.0
736.0
591.0
pt
746.0
608.0
746.0
608.0
746.0
608.0
pt
759.0
625.0
759.0
625.0
759.0
625.0

running
20.0
4.0
false
pt
410.2843
850.9973
410.2843
850.9973
410.2843
850.9973
pt
372.73746
775.9035
377.55167
832.70636
367.92404
719.1045
pt
394.32642
564.4006
353.74454
609.21857
407.7145
549.6151
pt
426.70123
547.6165
426.70123
547.6165
426.70123
547.6165
pt
399.7201
579.5941
366.74313
564.6046
432.697
594.5837
pt
502.64804
607.57465
438.69278
606.57526
566.6032
608.5738
pt
624.56256
577.5955
619.5661
581.59265
629.5591
573.5983
pt
624.56256
562.60596
646.54724
575.597
602.578
549.6151
pt
591.5858
549.6151
591.5858
549.6151
591.5858
549.6151
pt
613.57043
555.6109
613.57043
555.6109
613.57043
555.6109
pt
636.55426
589.58716
636.55426
551.6137
636.55426
627.56055
pt
644.54865
661.5367
644.54865
661.5367
644.54865
661.5367
pt
657.5397
707.50464
657.5397
707.50464
657.5397
707.50464
pt
657.5397
797.4416
657.5397
797.4416
657.5397
797.4416
pt
632.5571
825.422
632.5571
825.422
632.5571
825.422
pt
597.5815
854.4018
597.5815
854.4018
597.5815
854.4018
pt
550.6144
850.4044
550.6144
850.4044
550.6144
850.4044
pt
496.65225
854.4018
496.65225
854.4018
496.65225
854.4018
pt
475.66693
844.4086
476.6662
847.4066
474.66757
841.4108
pt
465.67392
829.4191
465.67392
829.4191
465.67392
829.4191
pt
425.70187
821.4246
445.68793
799.4402
405.7159
843.4095
pt
419.7061
854.4018
397.72147
852.4031
441.69067
856.40027
pt
477.66553
810.43243
477.66553
810.43243
477.66553
810.43243

running
20.0
4.0
false
pt
813.0
465.0
813.0
465.0
813.0
465.0
pt
794.4044
428.3663
814.6354
442.35297
789.0986
424.69714
pt
798.3329
441.2204
798.3329
441.2204
798.3329
441.2204
pt
792.32526
427.5014
792.32526
427.5014
792.32526
427.5014
pt
807.54004
428.45703
807.54004
428.45703
807.54004
428.45703
pt
792.32526
427.5014
792.32526
427.5014
792.32526
427.5014
pt
810.81494
446.40665
810.81494
446.40665
810.81494
446.40665
pt
818.0
466.0
818.0
466.0
818.0
466.0
pt
839.0
466.0
839.0
466.0
839.0
466.0
pt
857.6002
407.78815
829.34753
437.03174
885.85205
378.5452
pt
872.7666
393.5989
872.7666
393.5989
872.7666
393.5989
pt
868.93695
411.0354
868.93695
411.0354
868.93695
411.0354
pt
873.561
390.51337
873.561
390.51337
873.561
390.51337
pt
852.807
397.01505
852.807
397.01505
852.807
397.01505
pt
872.5558
390.58414
872.5558
390.58414
872.5558
390.58414
pt
850.9871
414.3102
850.9871
414.3102
850.9871
414.3102
pt
836.8047
442.56885
836.8047
442.56885
836.8047
442.56885
pt
831.0
465.0
831.0
465.0
831.0
465.0
pt
828.56805
382.55072
828.47644
395.68588
828.6744
367.13983
pt
831.3232
364.18005
831.3232
364.18005
831.3232
364.18005
pt
840.69836
382.71252
840.69836
382.71252
840.69836
382.71252
pt
831.39355
365.18478
831.39355
365.18478
831.39355
365.18478
pt
817.3022
380.30884
817.3022
380.30884
817.3022
380.30884
pt
830.38855
365.25507
830.38855
365.25507
830.38855
365.25507
pt
828.10406
404.8013
828.10406
404.8013
828.10406
404.8013
pt
829.32654
451.17157
829.32654
451.17157
829.32654
451.17157
pt
822.0
468.0
822.0
468.0
822.0
468.0
pt
802.8391
404.54834
823.33905
423.31314
782.3381
385.78375
pt
792.2261
397.21155
792.2261
397.21155
792.2261
397.21155
pt
794.35596
413.22073
794.35596
413.22073
794.35596
413.22073
pt
792.15576
396.2057
792.15576
396.2057
792.15576
396.2057
pt
809.31085
396.0165
809.31085
396.0165
809.31085
396.0165
pt
792.2261
397.21155
792.2261
397.21155
792.2261
397.21155

running
20.0
4.0
false
pt
760.2125
374.8557
760.2125
374.8557
760.2125
374.8557
pt
720.9271
374.16968
720.9271
374.16968
720.9271
374.16968
pt
720.24695
470.88794
720.24695
470.88794
720.24695
470.88794
pt
702.1155
470.57147
702.1155
470.57147
702.1155
470.57147
pt
738.5239
520.5798
738.5239
520.5798
738.5239
520.5798
pt
781.6569
473.97495
781.6569
473.97495
781.6569
473.97495
pt
761.5287
472.61633
761.5287
472.61633
761.5287
472.61633
pt
763.2163
375.91553
763.2163
375.91553
763.2163
375.91553
pt
740.0837
373.49652
740.0837
373.49652
740.0837
373.49652

running
20.0
4.0
false
pt
862.9461
251.38684
862.9461
251.38684
862.9461
251.38684
pt
853.18756
226.81465
853.18756
226.81465
853.18756
226.81465
pt
862.4432
196.54143
862.4432
196.54143
862.4432
196.54143
pt
884.3074
200.34802
884.3074
200.34802
884.3074
200.34802
pt
900.2107
209.52728
900.2107
209.52728
900.2107
209.52728
pt
879.7719
210.47491
879.7719
210.47491
879.7719
210.47491
pt
863.35675
198.26007
863.35675
198.26007
863.35675
198.26007
pt
886.4285
198.11739
886.4285
198.11739
886.4285
198.11739
pt
899.406
212.15991
899.406
212.15991
899.406
212.15991
pt
890.95526
239.80037
890.95526
239.80037
890.95526
239.80037
pt
877.8264
254.4969
877.8264
254.4969
877.8264
254.4969
pt
866.677
243.89162
866.677
243.89162
866.677
243.89162
pt
857.9746
244.10995
857.9746
244.10995
857.9746
244.10995
pt
878.12006
248.82979
878.12006
248.82979
878.12006
248.82979
pt
893.35864
258.6884
893.35864
258.6884
893.35864
258.6884
pt
886.91956
264.39267
886.91956
264.39267
886.91956
264.39267
pt
858.1321
258.36877
859.1267
258.26416
857.13745
258.4732
pt
841.5419
244.02432
841.5419
244.02432
841.5419
244.02432
pt
851.2781
240.98994
851.2781
240.98994
851.2781
240.98994
pt
860.43774
242.03824
860.43774
242.03824
860.43774
242.03824
pt
887.6543
252.24933
887.6543
252.24933
887.6543
252.24933
pt
892.7821
262.7709
892.7821
262.7709
892.7821
262.7709
pt
888.5921
280.3051
888.5921
280.3051
888.5921
280.3051
pt
873.4651
279.8838
888.90564
283.28864
858.02466
276.47922
pt
843.4742
271.97552
843.4742
271.97552
843.4742
271.97552
pt
834.3681
261.87198
834.3681
261.87198
834.3681
261.87198
pt
840.54736
244.12883
840.54736
244.12883
840.54736
244.12883
pt
850.17896
240.10002
850.17896
240.10002
850.17896
240.10002

running
20.0
4.0
false
pt
846.73334
344.38705
846.73334
344.38705
846.73334
344.38705
pt
830.4679
339.10214
830.4679
339.10214
830.4679
339.10214
pt
839.6593
310.81378
839.6593
310.81378
839.6593
310.81378
pt
829.988
306.88992
829.988
306.88992
829.988
306.88992
pt
855.95844
289.5264
855.95844
289.5264
855.95844
289.5264
pt
865.3484
318.37885
865.3484
318.37885
865.3484
318.37885
pt
856.15466
315.39188
856.15466
315.39188
856.15466
315.39188
pt
846.0262
344.1573
846.0262
344.1573
846.0262
344.1573
pt
838.24713
341.62988
838.24713
341.62988
838.24713
341.62988

running
20.0
4.0
false
pt
888.0
127.0
893.8879
96.51503
880.74176
164.58084
pt
877.44104
188.8233
877.44104
188.8233
877.44104
188.8233
pt
881.0059
139.45433
874.53906
175.99445
890.5924
85.28697
pt
893.45135
59.39116
895.844
79.27268
887.9693
13.839561
pt
885.0454
10.859299
885.0454
10.859299
885.0454
10.859299
pt
887.0
81.0
893.16675
54.505283
880.83307
107.49472

