running
20.0
4.0
false
pt
589.90173
292.96893
589.90173
292.96893
589.90173
292.96893
pt
562.4135
237.99341
565.93823
279.5777
558.89026
196.40909
pt
583.55804
78.70488
556.27856
113.562485
596.24493
62.49405
pt
648.4011
40.644768
648.4011
40.644768
648.4011
40.644768
pt
647.6963
24.43411
647.6963
24.43411
647.6963
24.43411
pt
668.8412
18.795534
646.992
18.795534
690.69006
18.795534
pt
690.69006
25.138832
690.69006
25.138832
690.69006
25.138832
pt
670.25073
30.777456
694.2148
30.072636
646.28644
31.48235
pt
646.992
25.138832
646.992
25.138832
646.992
25.138832
pt
663.20264
19.500237
663.20264
19.500237
663.20264
19.500237
pt
681.5275
18.795534
681.5275
18.795534
681.5275
18.795534
pt
691.3952
24.43411
691.3952
24.43411
691.3952
24.43411
pt
691.3952
41.349655
691.3952
41.349655
691.3952
41.349655
pt
668.8412
46.988094
694.91925
46.283386
642.7633
47.69287
pt
647.6963
40.644768
647.6963
40.644768
647.6963
40.644768
pt
647.6963
35.00633
647.6963
35.00633
647.6963
35.00633
pt
667.432
42.759293
645.582
43.464092
689.2809
42.05437
pt
690.69006
38.53033
690.69006
38.53033
690.69006
38.53033
pt
692.10004
42.05437
692.10004
42.05437
692.10004
42.05437
pt
741.43677
68.83756
741.43677
68.83756
741.43677
68.83756
pt
754.82855
87.16258
754.12335
86.457825
755.53394
87.86759
pt
766.81116
170.33105
766.81116
170.33105
766.81116
170.33105
pt
772.44946
193.59006
772.44946
193.59006
772.44946
193.59006
pt
773.15405
252.0894
773.85876
252.0894
772.44946
252.0894
pt
746.3712
285.92093
769.6299
268.30063
723.11224
303.54135
pt
720.9976
296.49304
720.9976
296.49304
720.9976
296.49304
pt
644.17285
295.78845
644.17285
295.78845
644.17285
295.78845
pt
616.68396
267.5958
623.7325
264.07202
604.8409
273.518
pt
600.4738
295.78845
570.8612
296.973
618.0942
295.0838
pt
636.4191
283.10156
621.61835
278.1681
651.2208
288.03516

running
20.0
4.0
false
pt
613.9823
126.03574
613.9823
126.03574
613.9823
126.03574
pt
547.7289
53.439648
547.7289
53.439648
547.7289
53.439648
pt
545.6145
43.572132
545.6145
43.572132
545.6145
43.572132
pt
550.5483
35.114452
550.5483
35.114452
550.5483
35.114452
pt
563.23486
33.704853
563.23486
33.704853
563.23486
33.704853
pt
567.46405
40.048107
567.46405
40.048107
567.46405
40.048107
pt
567.46405
45.686565
567.46405
45.686565
567.46405
45.686565
pt
562.5307
51.325188
562.5307
51.325188
562.5307
51.325188
pt
556.18695
57.668465
556.18695
57.668465
556.18695
57.668465
pt
559.00635
63.307087
559.00635
63.307087
559.00635
63.307087
pt
566.75903
59.078114
566.75903
59.078114
566.75903
59.078114
pt
574.5112
51.325188
574.5112
51.325188
574.5112
51.325188
pt
575.2161
34.4096
575.2161
34.4096
575.2161
34.4096
pt
566.75903
25.246994
566.75903
25.246994
566.75903
25.246994
pt
552.66296
23.837328
553.3675
23.837328
551.95807
23.837328
pt
536.4518
27.361364
536.4518
27.361364
536.4518
27.361364
pt
531.51843
42.86741
531.51843
42.86741
531.51843
42.86741
pt
536.4518
59.782955
536.4518
59.782955
536.4518
59.782955
pt
548.43427
71.05999
548.43427
71.05999
548.43427
71.05999
pt
570.283
92.90942
570.283
92.90942
570.283
92.90942
pt
525.1749
100.66212
525.1749
100.66212
525.1749
100.66212
pt
513.19257
111.2347
513.19257
111.2347
513.19257
111.2347
pt
509.6688
123.21642
509.6688
123.21642
509.6688
123.21642
pt
511.78348
137.31279
511.78348
137.31279
511.78348
137.31279
pt
521.65076
145.06581
521.65076
145.06581
521.65076
145.06581
pt
538.567
142.95119
538.567
142.95119
538.567
142.95119
pt
550.5483
133.78871
550.5483
133.78871
550.5483
133.78871
pt
554.7766
118.987404
554.7766
118.987404
554.7766
118.987404
pt
549.84326
110.5297
549.84326
110.5297
549.84326
110.5297
pt
539.2714
114.05385
539.2714
114.05385
539.2714
114.05385
pt
544.9098
123.92115
544.9098
123.92115
544.9098
123.92115
pt
539.9756
134.49338
539.9756
134.49338
539.9756
134.49338
pt
526.5841
135.90317
526.5841
135.90317
526.5841
135.90317
pt
523.0602
126.03574
523.0602
126.03574
523.0602
126.03574
pt
524.4701
116.16828
524.4701
116.16828
524.4701
116.16828
pt
583.6743
106.300804
583.6743
106.300804
583.6743
106.300804
pt
563.23486
86.56611
563.23486
86.56611
563.23486
86.56611
pt
606.2288
128.85503
606.2288
128.85503
606.2288
128.85503
pt
625.96356
136.60768
625.96356
136.60768
625.96356
136.60768
pt
580.85504
92.2045
580.85504
92.2045
580.85504
92.2045
pt
584.3794
91.49966
584.3794
91.49966
584.3794
91.49966
pt
671.07196
121.80675
608.3433
123.21642
733.8004
120.39723
pt
736.6203
108.41522
736.6203
108.41522
736.6203
108.41522
pt
707.7231
118.987404
710.5417
118.987404
704.9029
118.987404
pt
702.08435
109.12011
702.08435
109.12011
702.08435
109.12011
pt
727.4572
96.43327
714.0654
85.15625
740.8487
107.710236
pt
741.5534
131.67409
740.1438
118.987404
742.9634
144.36102
pt
740.8487
179.60179
753.53613
171.14369
728.162
188.05954
pt
723.228
177.4873
730.27637
187.35464
716.1803
167.61964

running
20.0
4.0
false
pt
839.28174
138.19304
839.28174
138.19304
839.28174
138.19304
pt
839.28174
234.82936
839.28174
234.82936
839.28174
234.82936
pt
899.1957
249.32457
838.7989
248.84161
959.59436
249.808
pt
960.0769
236.76195
960.0769
236.76195
960.0769
236.76195
pt
958.6278
132.87827
958.6278
132.87827
958.6278
132.87827
pt
927.4713
85.928825
955.97876
104.28968
903.91766
70.758606
pt
910.79285
62.333908
910.79285
62.333908
910.79285
62.333908
pt
913.69135
61.367603
913.69135
61.367603
913.69135
61.367603
pt
913.69135
44.456154
913.69135
44.456154
913.69135
44.456154
pt
894.8474
41.557045
913.69135
41.073975
876.0037
42.040386
pt
876.9701
45.905632
876.9701
45.905632
876.9701
45.905632
pt
876.9701
61.367603
876.9701
61.367603
876.9701
61.367603
pt
895.331
64.74991
881.8017
64.74991
908.8602
64.74991
pt
915.1413
57.9853
915.1413
61.367603
915.1413
54.602802
pt
910.79285
43.489803
915.62463
46.388947
905.9606
40.59073
pt
883.25134
42.040386
894.8474
38.17485
871.6558
45.905632
pt
895.8139
49.287926
874.0716
49.77121
917.55725
48.804813
pt
913.69135
45.905632
912.72504
50.73747
914.6588
41.073975
pt
911.2757
58.468533
915.62463
57.501938
906.92706
59.4348
pt
894.3652
60.884335
905.47784
60.401127
883.25134
61.367603
pt
876.9701
58.468533
876.9701
58.468533
876.9701
58.468533
pt
880.35175
63.300316
880.35175
63.300316
880.35175
63.300316
pt
866.183
86.917366
890.8965
67.14713
841.4707
106.687485
pt
838.50525
136.34265
838.50525
136.34265
838.50525
136.34265

running
20.0
4.0
false
pt
839.5186
238.20784
839.5186
238.20784
839.5186
238.20784
pt
843.4725
279.72546
843.4725
279.72546
843.4725
279.72546
pt
857.3113
294.5527
857.3113
294.5527
857.3113
294.5527
pt
872.13885
297.51834
872.13885
297.51834
872.13885
297.51834
pt
881.0356
290.5991
881.0356
290.5991
881.0356
290.5991
pt
874.1164
279.72546
874.1164
279.72546
874.1164
279.72546
pt
862.2546
278.73703
862.2546
278.73703
862.2546
278.73703
pt
868.18524
279.72546
868.18524
280.71378
868.18524
278.73703
pt
877.08167
283.67932
877.08167
283.67932
877.08167
283.67932
pt
892.89825
300.48413
892.89825
300.48413
892.89825
300.48413
pt
913.6573
303.4496
912.66766
303.4496
914.6454
303.4496
pt
924.53
289.61038
924.53
289.61038
924.53
289.61038
pt
933.4265
280.71378
933.4265
280.71378
933.4265
280.71378
pt
944.3005
279.72546
944.3005
279.72546
944.3005
279.72546
pt
949.2429
284.66785
949.2429
284.66785
949.2429
284.66785
pt
937.38086
279.72546
937.38086
279.72546
937.38086
279.72546
pt
929.47296
283.67932
929.47296
283.67932
929.47296
283.67932
pt
920.5759
293.5645
920.5759
293.5645
920.5759
293.5645
pt
934.4149
302.4609
934.4149
302.4609
934.4149
302.4609
pt
949.2429
301.4726
949.2429
301.4726
949.2429
301.4726
pt
958.14026
288.6219
958.14026
288.6219
958.14026
288.6219
pt
962.0932
272.8059
962.0932
272.8059
962.0932
272.8059
pt
961.10535
239.19649
960.1167
239.19649
962.0932
239.19649

running
20.0
4.0
false
pt
870.08527
262.0446
870.08527
262.0446
870.08527
262.0446
pt
821.08716
208.35603
821.08716
208.35603
821.08716
208.35603
pt
819.5237
201.0586
819.5237
201.0586
819.5237
201.0586
pt
823.17255
194.80342
823.17255
194.80342
823.17255
194.80342
pt
832.555
193.7613
832.555
193.7613
832.555
193.7613
pt
835.6822
198.45222
835.6822
198.45222
835.6822
198.45222
pt
835.6822
202.62218
835.6822
202.62218
835.6822
202.62218
pt
832.0336
206.79216
832.0336
206.79216
832.0336
206.79216
pt
827.34235
211.48357
827.34235
211.48357
827.34235
211.48357
pt
829.42773
215.65317
829.42773
215.65317
829.42773
215.65317
pt
835.1606
212.52596
835.1606
212.52596
835.1606
212.52596
pt
840.8948
206.79216
840.8948
206.79216
840.8948
206.79216
pt
841.41626
194.28206
841.41626
194.28206
841.41626
194.28206
pt
835.1606
187.50594
835.1606
187.50594
835.1606
187.50594
pt
824.7361
186.46368
825.25806
186.46368
824.2145
186.46368
pt
812.7478
189.06978
812.7478
189.06978
812.7478
189.06978
pt
809.09814
200.53738
809.09814
200.53738
809.09814
200.53738
pt
812.7478
213.04718
812.7478
213.04718
812.7478
213.04718
pt
821.60815
221.38716
821.60815
221.38716
821.60815
221.38716
pt
837.76715
237.54588
837.76715
237.54588
837.76715
237.54588
pt
804.40704
243.27933
804.40704
243.27933
804.40704
243.27933
pt
795.5459
251.09842
795.5459
251.09842
795.5459
251.09842
pt
792.9398
259.95975
792.9398
259.95975
792.9398
259.95975
pt
794.5036
270.38458
794.5036
270.38458
794.5036
270.38458
pt
801.801
276.11835
801.801
276.11835
801.801
276.11835
pt
814.3109
274.5548
814.3109
274.5548
814.3109
274.5548
pt
823.17255
267.77808
823.17255
267.77808
823.17255
267.77808
pt
826.29987
256.832
826.29987
256.832
826.29987
256.832
pt
822.65063
250.57701
822.65063
250.57701
822.65063
250.57701
pt
814.8321
253.18333
814.8321
253.18333
814.8321
253.18333
pt
819.0024
260.4808
819.0024
260.4808
819.0024
260.4808
pt
815.3537
268.2996
815.3537
268.2996
815.3537
268.2996
pt
805.44977
269.34213
805.44977
269.34213
805.44977
269.34213
pt
802.8438
262.0446
802.8438
262.0446
802.8438
262.0446
pt
803.88574
254.74712
803.88574
254.74712
803.88574
254.74712
pt
847.6714
247.4496
847.6714
247.4496
847.6714
247.4496
pt
832.555
232.85475
832.555
232.85475
832.555
232.85475
pt
864.3508
264.1294
864.3508
264.1294
864.3508
264.1294
pt
878.94617
269.86313
878.94617
269.86313
878.94617
269.86313
pt
845.5865
237.02455
845.5865
237.02455
845.5865
237.02455
pt
848.1919
236.50359
848.1919
236.50359
848.1919
236.50359

running
20.0
4.0
false
pt
80.61255
663.4599
80.61255
663.4599
80.61255
663.4599
pt
53.329662
608.89435
56.82769
650.16815
49.832214
567.62134
pt
69.01721
455.20834
41.941223
489.80612
81.60982
439.11862
pt
230.15453
450.2348
169.96709
429.645
267.9524
463.1666
pt
216.22925
473.11255
216.22925
472.11786
216.22925
474.1074
pt
120.74024
484.0542
166.49529
494.00113
74.98496
474.1074
pt
85.926506
446.25735
43.15577
459.18695
128.69763
433.3266
pt
243.08524
471.12332
239.107
430.34198
247.064
511.9055
pt
254.02655
543.7353
254.02655
543.7353
254.02655
543.7353
pt
259.99475
561.639
259.99475
561.639
259.99475
561.639
pt
259.99475
593.46924
259.99475
593.46924
259.99475
593.46924
pt
259.99475
625.298
259.99475
625.298
259.99475
625.298
pt
243.08524
645.1919
243.08524
645.1919
243.08524
645.1919
pt
217.22383
666.07935
217.22383
666.07935
217.22383
666.07935
pt
197.3302
666.07935
197.3302
666.07935
197.3302
666.07935
pt
131.68166
665.0854
131.68166
665.0854
131.68166
665.0854
pt
104.82563
637.23413
120.74024
639.224
88.910675
635.24396
pt
96.86823
664.08997
60.065067
677.02136
133.67122
651.1598
pt
128.69763
660.1122
114.24147
635.3293
135.66028
672.0475
pt
163.51167
665.0854
163.51167
665.0854
163.51167
665.0854
pt
193.35176
664.08997
193.35176
664.08997
193.35176
664.08997

running
20.0
4.0
false
pt
201.28093
533.44574
201.28093
533.44574
201.28093
533.44574
pt
225.2053
501.54617
234.17676
553.3838
216.23354
449.70935
pt
249.13026
479.61502
239.16196
481.60922
259.099
477.62158
pt
227.1989
475.62732
195.6461
509.0365
244.14581
457.6847
pt
247.13646
488.58704
248.1331
482.60605
246.1394
494.56805
pt
147.45024
521.4838
228.16763
517.8139
125.51889
522.48004
pt
52.747547
482.60605
48.76012
508.5238
56.734955
456.6875
pt
175.3624
462.6683
175.3624
462.6683
175.3624
462.6683
pt
240.15898
496.56174
281.03033
474.63116
199.28723
518.49255

running
20.0
4.0
false
pt
146.65245
400.0622
146.65245
400.0622
146.65245
400.0622
pt
144.8888
445.0334
144.8888
445.0334
144.8888
445.0334
pt
127.2531
447.67877
127.2531
447.67877
127.2531
447.67877
pt
152.82495
475.8961
152.82495
475.8961
152.82495
475.8961
pt
178.3968
443.27005
178.3968
443.27005
178.3968
443.27005
pt
165.17001
443.27005
165.17001
443.27005
165.17001
443.27005
pt
167.81528
397.41696
167.81528
397.41696
167.81528
397.41696
pt
145.77074
398.2987
145.77074
398.2987
145.77074
398.2987

running
20.0
4.0
false
pt
284.06616
554.3032
284.06616
554.3032
284.06616
554.3032
pt
284.06616
650.93933
284.06616
650.93933
284.06616
650.93933
pt
343.97974
665.43475
283.5826
664.95154
404.3786
665.9178
pt
404.86115
652.87177
404.86115
652.87177
404.86115
652.87177
pt
403.412
548.9879
403.412
548.9879
403.412
548.9879
pt
372.25543
502.03873
400.76337
520.3997
348.70184
486.86847
pt
355.57697
478.44397
355.57697
478.44397
355.57697
478.44397
pt
358.4754
477.4775
358.4754
477.4775
358.4754
477.4775
pt
358.4754
460.56586
358.4754
460.56586
358.4754
460.56586
pt
339.6315
457.667
358.4754
457.18393
320.78793
458.15024
pt
321.7543
462.01538
321.7543
462.01538
321.7543
462.01538
pt
321.7543
477.4775
321.7543
477.4775
321.7543
477.4775
pt
340.1153
480.85986
326.58585
480.85986
353.6442
480.85986
pt
359.92545
474.09528
359.92545
477.4775
359.92545
470.71277
pt
355.57697
459.59967
360.40872
462.4988
350.7448
456.70065
pt
328.03592
458.15024
339.6315
454.28485
316.43988
462.01538
pt
340.59824
465.39786
318.85614
465.88107
362.34158
464.91476
pt
358.4754
462.01538
357.50946
466.84732
359.44284
457.18393
pt
356.06015
474.57846
360.40872
473.61188
351.7114
475.5449
pt
339.14914
476.99432
350.2619
476.51093
328.03592
477.4775
pt
321.7543
474.57846
321.7543
474.57846
321.7543
474.57846
pt
325.13605
479.41016
325.13605
479.41016
325.13605
479.41016
pt
310.96744
503.02728
335.68063
483.25696
286.25516
522.7973
pt
283.7397
554.39905
283.7397
554.39905
283.7397
554.39905
pt
284.0
650.0
284.0
650.0
284.0
650.0
pt
341.0
639.0
278.0
639.0
404.0
639.0
pt
404.0
652.0
404.0
652.0
404.0
652.0
pt
386.0
661.0
386.0
661.0
386.0
661.0

running
20.0
4.0
true
pt
604.2483
560.02527
604.2483
560.02527
604.2483
560.02527
pt
591.54645
453.79147
591.54645
453.79147
591.54645
453.79147
pt
637.7351
322.15372
637.7351
322.15372
637.7351
322.15372
pt
616.94995
334.85562
616.94995
334.85562
616.94995
334.85562
pt
581.1542
426.07834
581.1542
426.07834
581.1542
426.07834
pt
582.3085
383.35358
574.2254
396.05576
590.3917
370.65186
pt
567.2973
345.24796
590.3917
354.48572
544.203
336.01025
pt
547.6672
383.35358
545.3577
362.56873
549.9766
404.13846
pt
564.9879
413.3763
569.60675
450.32727
560.36914
376.42523
pt
553.44086
374.1159
561.484
317.8126
549.9766
398.36496
pt
562.67883
408.7575
562.67883
408.7575
562.67883
408.7575
pt
566.1426
433.00626
566.1426
433.00626
566.1426
433.00626
pt
574.2254
465.3387
574.2254
465.3387
574.2254
465.3387
pt
588.08215
453.79147
588.08215
453.79147
588.08215
453.79147
pt
582.3085
428.3877
582.3085
428.3877
582.3085
428.3877
pt
588.08215
441.08923
588.08215
441.08923
588.08215
441.08923
pt
582.3085
459.56488
582.3085
459.56488
582.3085
459.56488
pt
567.2973
458.41025
567.2973
458.41025
567.2973
458.41025
pt
566.1426
449.17264
566.1426
449.17264
566.1426
449.17264
pt
567.2973
484.96884
567.2973
484.96884
567.2973
484.96884
pt
560.36914
536.93085
543.04834
512.6817
577.69006
561.1799
pt
569.60675
502.28946
576.5351
513.8368
562.67883
490.74234
pt
574.2254
482.6592
561.52405
479.19507
586.92737
486.1233
pt
589.2368
523.07434
591.54645
497.6705
586.92737
548.47815
pt
549.9766
535.7761
548.8219
563.48975
551.1315
508.063
pt
569.60675
490.74234
569.60675
490.74234
569.60675
490.74234
pt
574.2254
469.95758
574.2254
469.95758
574.2254
469.95758
pt
591.54645
562.3348
591.54645
562.3348
591.54645
562.3348
pt
605.4028
568.10815
586.92737
571.5725
623.8784
564.64404
pt
611.1767
558.8708
636.58057
561.1799
585.7727
556.56134
pt
588.08215
566.9535
560.36914
560.02527
615.7956
573.8821

running
20.0
4.0
true
pt
537.34674
657.2894
472.9883
715.0813
588.9712
610.9333
pt
567.37317
603.5578
568.42676
605.6655
566.3197
601.45087
pt
559.99817
599.8707
559.99817
599.8707
559.99817
599.8707
pt
558.94464
565.62976
558.94464
565.62976
558.94464
565.62976
pt
601.08704
551.9337
565.266
554.041
636.9084
549.8263
pt
644.2835
562.9962
642.1763
559.30853
646.3907
566.6834
pt
604.24817
573.53174
635.3277
573.00507
573.1681
574.0585
pt
567.37317
558.25507
543.14136
568.26373
591.60535
548.2462
pt
637.4347
557.2015
624.7931
549.29974
650.0781
565.1031
pt
644.2835
573.00507
644.2835
573.00507
644.2835
573.00507
pt
644.2835
589.33514
644.2835
589.33514
644.2835
589.33514
pt
644.8102
599.8707
644.8102
599.8707
644.8102
599.8707
pt
605.30133
607.77234
642.7027
605.1382
567.9004
610.4063
pt
558.94464
599.8707
558.94464
599.8707
558.94464
599.8707
pt
560.5254
590.3885
560.5254
590.3885
560.5254
590.3885
pt
602.66736
597.7637
559.99817
600.92444
645.33673
594.6027
pt
644.2835
584.59436
644.2835
584.59436
644.2835
584.59436
pt
644.2835
590.9153
644.2835
590.9153
644.2835
590.9153
pt
636.9084
602.5046
636.9084
602.5046
636.9084
602.5046
pt
635.8553
613.56696
635.8553
613.56696
635.8553
613.56696
pt
657.4807
638.62006
625.87317
607.5403
689.0869
669.7003

running
13.0
4.0
true
pt
537.84924
455.10846
537.84924
455.10846
537.84924
455.10846
pt
551.584
461.97565
551.584
461.97565
551.584
461.97565
pt
588.20874
489.44495
435.98486
504.32413
722.07306
476.36023
pt
622.5452
455.10846
622.5452
455.10846
622.5452
455.10846
pt
622.5452
464.26483
622.5452
464.26483
622.5452
464.26483
pt
603.08765
450.53064
603.08765
450.53064
603.08765
450.53064
pt
628.26776
437.94046
628.26776
437.94046
628.26776
437.94046
pt
625.9787
445.95218
625.9787
445.95218
625.9787
445.95218
pt
672.9051
473.42102
672.9051
456.25302
672.9051
497.4566
pt
493.212
487.15576
497.6222
520.23175
490.92297
469.9877
pt
537.84924
455.10846
536.7047
455.10846
538.99365
455.10846

running
20.0
4.0
true
pt
537.52795
657.5846
473.16937
715.3767
589.1522
611.2285
pt
567.5543
603.85284
568.6078
605.96063
566.50085
601.7465
pt
560.1793
600.1661
560.1793
600.1661
560.1793
600.1661
pt
559.12585
565.9251
559.12585
565.9251
559.12585
565.9251
pt
601.2683
552.2287
565.4471
554.3359
637.0896
550.12177
pt
644.4645
563.2913
642.3573
559.60364
646.57184
566.97864
pt
604.42914
573.82684
635.5088
573.30023
573.3491
574.35394
pt
567.5543
558.5505
543.32245
568.55896
591.7865
548.54156
pt
637.6157
557.49664
624.97406
549.5951
650.2592
565.39874
pt
644.4645
573.30023
644.4645
573.30023
644.4645
573.30023
pt
644.4645
589.63025
644.4645
589.63025
644.4645
589.63025
pt
644.9912
600.1661
644.9912
600.1661
644.9912
600.1661
pt
605.4825
608.06744
642.8837
605.43353
568.0813
610.7018
pt
559.12585
600.1661
559.12585
600.1661
559.12585
600.1661
pt
560.7063
590.68384
560.7063
590.68384
560.7063
590.68384
pt
602.8485
598.05896
560.1793
601.2196
645.5181
594.8981
pt
644.4645
584.8894
644.4645
584.8894
644.4645
584.8894
pt
644.4645
591.21045
644.4645
591.21045
644.4645
591.21045
pt
637.0896
602.8
637.0896
602.8
637.0896
602.8
pt
636.03625
613.862
636.03625
613.862
636.03625
613.862
pt
657.66174
638.91534
626.05414
607.8359
689.2678
669.99567

running
20.0
4.0
false
pt
20.645859
427.9029
-29.082134
478.04596
85.33627
362.67252
pt
129.52502
338.07764
55.3555
327.40115
177.45853
344.97748
pt
142.65245
385.5992
111.789894
386.48093
204.35248
383.8363
pt
148.82495
333.5737
160.28818
334.45547
137.36168
332.6917
pt
156.76111
337.9825
156.76111
337.9825
156.76111
337.9825
pt
159.40648
316.81976
169.10603
319.46494
149.7067
314.17444
pt
145.29788
344.1551
138.24342
341.5098
153.1305
347.09238
pt
146.17952
326.5192
146.17952
326.5192
146.17952
326.5192
pt
159.40648
315.9378
159.40648
315.9378
159.40648
315.9378
pt
136.47989
308.8836
136.47989
308.8836
136.47989
308.8836
pt
123.2531
322.11038
128.5439
308.8836
117.9624
335.33725
pt
125.01669
338.86423
125.01669
338.86423
125.01669
338.86423
pt
134.71638
340.62796
134.71638
340.62796
134.71638
340.62796
pt
131.18918
330.04648
131.18918
330.04648
131.18918
330.04648
pt
134.71638
320.347
134.71638
320.347
134.71638
320.347
pt
139.12523
318.5831
139.12523
318.5831
139.12523
318.5831
pt
134.71638
323.8738
134.71638
323.8738
134.71638
323.8738
pt
133.8346
335.33725
133.8346
335.33725
133.8346
335.33725
pt
129.42561
338.86423
129.42561
338.86423
129.42561
338.86423
pt
124.13487
337.1007
124.13487
337.1007
124.13487
337.1007
pt
124.13487
325.6374
124.13487
325.6374
124.13487
325.6374
pt
128.5439
314.17444
128.5439
314.17444
128.5439
314.17444
pt
135.59807
308.8836
135.59807
308.8836
135.59807
308.8836
pt
69.46411
315.0561
95.91769
300.06573
43.010452
330.04648
pt
19.202194
382.0719
45.655827
352.97278
-7.251441
411.17087

running
13.0
4.0
false
pt
770.97784
347.22406
770.97784
347.22406
770.97784
347.22406
pt
774.8868
390.71136
774.8868
390.71136
774.8868
390.71136
pt
791.52295
405.07007
791.52295
405.07007
791.52295
405.07007
pt
793.4671
426.51526
793.4671
426.51526
793.4671
426.51526
pt
806.78546
431.4287
792.33594
428.34753
821.23535
434.5094
pt
829.938
427.0345
829.938
427.0345
829.938
427.0345
pt
830.3813
405.50586
830.3813
405.50586
830.3813
405.50586
pt
847.1485
389.3832
847.1485
389.3832
847.1485
389.3832
pt
845.00916
345.2364
845.00916
345.2364
845.00916
345.2364
pt
806.0183
323.8899
838.1653
320.37683
773.87134
327.40262
pt
809.5312
356.03668
743.91174
359.22864
853.0809
353.91837
pt
842.4758
341.14185
844.57935
350.03214
840.37256
332.2515
pt
835.1677
337.2139
835.1677
337.2139
835.1677
337.2139
pt
796.0799
330.2127
796.0799
330.2127
796.0799
330.2127
pt
776.24536
344.05215
776.24536
344.05215
776.24536
344.05215
pt
820.7255
351.4627
820.7255
351.4627
820.7255
351.4627
pt
835.76416
337.19308
835.76416
337.19308
835.76416
337.19308
pt
796.6768
330.19193
796.6768
330.19193
796.6768
330.19193
pt
796.6636
346.92462
796.6636
346.92462
796.6636
346.92462
pt
796.10077
330.80966
796.10077
330.80966
796.10077
330.80966
pt
775.64844
344.073
775.64844
344.073
775.64844
344.073
pt
820.1289
351.4836
820.1289
351.4836
820.1289
351.4836
pt
836.8122
332.97348
836.8122
332.97348
836.8122
332.97348
pt
843.156
343.5084
843.156
343.5084
843.156
343.5084
pt
845.2592
352.39874
845.2592
352.39874
845.2592
352.39874
pt
845.61346
362.54535
845.61346
362.54535
845.61346
362.54535
pt
843.62225
373.96896
843.62225
373.96896
843.62225
373.96896
pt
838.3963
378.33456
838.3963
378.33456
838.3963
378.33456
pt
838.63885
368.16714
838.63885
368.16714
838.63885
368.16714
pt
829.0264
366.71014
829.0264
366.71014
829.0264
366.71014
pt
828.72156
375.08688
828.72156
375.08688
828.72156
375.08688
pt
833.4341
373.12958
833.4341
373.12958
833.4341
373.12958
pt
833.68414
380.29193
833.68414
380.29193
833.68414
380.29193
pt
824.93964
386.57318
824.93964
386.57318
824.93964
386.57318
pt
821.726
380.11203
821.726
380.11203
821.726
380.11203
pt
820.77515
369.98618
820.77515
369.98618
820.77515
369.98618
pt
814.23035
370.8124
814.23035
370.8124
814.23035
370.8124
pt
813.3075
378.6133
813.3075
378.6133
813.3075
378.6133
pt
805.83984
387.2402
805.83984
387.2402
805.83984
387.2402
pt
824.9737
370.43726
824.9737
370.43726
824.9737
370.43726
pt
815.04346
394.08978
815.04346
394.08978
815.04346
394.08978
pt
833.5873
394.63727
833.5873
394.63727
833.5873
394.63727
pt
845.9548
389.42484
845.9548
389.42484
845.9548
389.42484
pt
829.78455
405.52667
829.78455
405.52667
829.78455
405.52667
pt
812.64215
410.906
822.7889
410.55164
802.4956
411.26038
pt
828.2649
413.3484
824.7045
414.0703
831.8251
412.6266

running
13.0
4.0
false
pt
797.0
451.0
797.0
451.0
797.0
451.0
pt
833.0
450.0
833.0
450.0
833.0
450.0
pt
833.0
469.0
833.0
469.0
833.0
469.0
pt
845.0
470.0
845.0
470.0
845.0
470.0
pt
817.0
492.0
817.0
492.0
817.0
492.0
pt
786.0
471.0
786.0
471.0
786.0
471.0
pt
796.0
469.0
796.0
469.0
796.0
469.0
pt
796.0
451.0
796.0
451.0
796.0
451.0

running
20.0
4.0
false
pt
727.3552
653.748
634.589
737.0483
801.76654
586.9291
pt
770.63513
576.2988
772.154
579.3359
769.1168
573.26166
pt
760.00507
570.9839
760.00507
570.9839
760.00507
570.9839
pt
758.48645
521.62946
758.48645
521.62946
758.48645
521.62946
pt
819.2306
501.8875
767.59827
504.92493
870.8628
498.8504
pt
881.49286
517.83295
878.456
512.51794
884.5303
523.14813
pt
823.7862
533.0189
868.5848
532.2596
778.98755
533.7783
pt
770.63513
510.99915
735.7077
525.426
805.5626
496.5725
pt
871.62225
509.4807
853.3988
498.09125
889.8455
520.8704
pt
881.49286
532.2596
881.49286
532.2596
881.49286
532.2596
pt
881.49286
555.79816
881.49286
555.79816
881.49286
555.79816
pt
882.2522
570.9839
882.2522
570.9839
882.2522
570.9839
pt
825.3046
582.37366
879.215
578.57684
771.39453
586.1702
pt
758.48645
570.9839
758.48645
570.9839
758.48645
570.9839
pt
760.76434
557.31635
760.76434
557.31635
760.76434
557.31635
pt
821.5084
567.9466
760.00507
572.5025
883.01135
563.391
pt
881.49286
548.96423
881.49286
548.96423
881.49286
548.96423
pt
881.49286
558.0758
881.49286
558.0758
881.49286
558.0758
pt
870.8628
574.7803
870.8628
574.7803
870.8628
574.7803
pt
866.3055
591.621
866.3055
591.621
866.3055
591.621
pt
889.4474
619.794
889.4474
619.794
889.4474
619.794

running
20.0
4.0
true
pt
724.3552
653.7661
631.589
737.06665
798.76654
586.9478
pt
767.63513
576.31714
769.154
579.3546
766.1168
573.28033
pt
757.00507
571.0026
757.00507
571.0026
757.00507
571.0026
pt
755.48645
521.648
755.48645
521.648
755.48645
521.648
pt
816.2306
501.90613
764.59827
504.94336
867.8628
498.86902
pt
878.49286
517.85156
875.456
512.53625
881.5303
523.16675
pt
820.7862
533.03754
865.5848
532.2784
775.98755
533.7969
pt
767.63513
511.01776
732.7077
525.4444
802.5626
496.59106
pt
868.62225
509.49915
850.3988
498.10962
886.8455
520.88873
pt
878.49286
532.2784
878.49286
532.2784
878.49286
532.2784
pt
878.49286
555.8168
878.49286
555.8168
878.49286
555.8168
pt
879.2522
571.0026
879.2522
571.0026
879.2522
571.0026
pt
822.3046
582.3918
876.215
578.5954
768.39453
586.18835
pt
755.48645
571.0026
755.48645
571.0026
755.48645
571.0026
pt
757.76434
557.3351
757.76434
557.3351
757.76434
557.3351
pt
818.5084
567.9655
757.00507
572.521
880.01135
563.40955
pt
878.49286
548.98267
878.49286
548.98267
878.49286
548.98267
pt
878.49286
558.09436
878.49286
558.09436
878.49286
558.09436
pt
867.8628
574.79895
867.8628
574.79895
867.8628
574.79895
pt
866.3445
590.7442
866.3445
590.7442
866.3445
590.7442
pt
896.50916
626.8557
850.9505
582.05676
942.06683
671.65436

running
13.0
4.0
false
pt
791.8644
518.60046
791.8644
518.60046
791.8644
518.60046
pt
815.7997
512.61676
815.7997
512.61676
815.7997
512.61676
pt
827.76746
513.61414
827.76746
513.61414
827.76746
513.61414
pt
843.72394
515.6085
843.72394
515.6085
843.72394
515.6085
pt
847.7132
518.60046
847.7132
518.60046
847.7132
518.60046
pt
840.7324
522.5899
840.7324
522.5899
840.7324
522.5899
pt
815.7997
522.5899
815.7997
522.5899
815.7997
522.5899
pt
798.8455
522.5899
798.8455
522.5899
798.8455
522.5899
pt
790.86725
522.5899
790.86725
522.5899
790.86725
522.5899
pt
796.8508
515.6085
796.8508
515.6085
796.8508
515.6085
pt
806.8237
514.6112
806.8237
514.6112
806.8237
514.6112
pt
824.77545
516.6058
824.77545
516.6058
824.77545
516.6058
pt
838.73773
519.598
838.73773
519.598
838.73773
519.598
pt
799.84283
519.598
799.84283
519.598
799.84283
519.598

running
20.0
4.0
false
pt
162.11246
112.07778
162.11246
112.07778
162.11246
112.07778
pt
157.1089
101.07002
157.1089
101.07002
157.1089
101.07002
pt
171.11865
86.05958
171.11865
86.05958
171.11865
86.05958
pt
184.12762
89.061714
184.12762
89.061714
184.12762
89.061714
pt
193.13399
104.07211
193.13399
104.07211
193.13399
104.07211
pt
201.13959
146.1012
201.13959
146.1012
201.13959
146.1012
pt
201.13959
160.11111
201.13959
160.11111
201.13959
160.11111
pt
195.13516
170.1179
196.13591
170.1179
194.13469
170.1179
pt
177.1227
174.12077
177.1227
174.12077
177.1227
174.12077
pt
174.12077
167.11581
174.12077
167.11581
174.12077
167.11581

running
20.0
4.0
false
pt
61.13894
285.3895
61.13894
285.3895
61.13894
285.3895
pt
34.821102
232.75443
38.19522
272.56854
31.447
192.94025
pt
55.065426
80.246574
28.946857
113.62039
67.21225
64.72583
pt
117.148155
43.806664
117.148155
43.806664
117.148155
43.806664
pt
116.47337
28.286074
116.47337
28.286074
116.47337
28.286074
pt
136.71796
22.887505
115.79863
22.887505
157.63704
22.887505
pt
157.63704
28.9608
157.63704
28.9608
157.63704
28.9608
pt
138.06758
34.35942
161.0112
33.68458
115.12373
35.03429
pt
115.79863
28.9608
115.79863
28.9608
115.79863
28.9608
pt
131.31944
23.562256
131.31944
23.562256
131.31944
23.562256
pt
148.86443
22.887505
148.86443
22.887505
148.86443
22.887505
pt
158.31189
28.286074
158.31189
28.286074
158.31189
28.286074
pt
158.31189
44.481575
158.31189
44.481575
158.31189
44.481575
pt
136.71796
49.879982
161.68611
49.205276
111.74996
50.5547
pt
116.47337
43.806664
116.47337
43.806664
116.47337
43.806664
pt
116.47337
38.408222
116.47337
38.408222
116.47337
38.408222
pt
135.36853
45.831226
114.44914
46.505978
156.2876
45.156273
pt
157.63704
41.782234
157.63704
41.782234
157.63704
41.782234
pt
158.98708
45.156273
158.98708
45.156273
158.98708
45.156273
pt
206.22345
70.79941
206.22345
70.79941
206.22345
70.79941
pt
219.04494
88.34427
218.37035
87.6695
219.71996
89.01916
pt
230.51706
167.97238
230.51706
167.97238
230.51706
167.97238
pt
235.9155
190.24132
235.9155
190.24132
235.9155
190.24132
pt
236.59021
246.25027
237.265
246.25027
235.9155
246.25027
pt
210.94736
278.64157
233.21635
261.77173
188.67851
295.51178
pt
186.6542
288.7641
186.6542
288.7641
186.6542
288.7641
pt
113.099495
288.08954
113.099495
288.08954
113.099495
288.08954
pt
86.78172
261.09668
93.52979
257.72278
75.441696
266.76688
pt
71.26101
288.08954
42.90937
289.22308
88.13137
287.41425
pt
105.67661
275.9427
91.505455
271.219
119.847435
280.666

running
20.0
4.0
false
pt
262.11823
231.203
262.11823
231.203
262.11823
231.203
pt
266.07217
272.7206
266.07217
272.7206
266.07217
272.7206
pt
279.91122
287.54803
279.91122
287.54803
279.91122
287.54803
pt
294.7388
290.51352
294.7388
290.51352
294.7388
290.51352
pt
303.6354
283.59427
303.6354
283.59427
303.6354
283.59427
pt
296.7157
272.7206
296.7157
272.7206
296.7157
272.7206
pt
284.85382
271.732
284.85382
271.732
284.85382
271.732
pt
290.78476
272.7206
290.78476
273.709
290.78476
271.732
pt
299.68155
276.67426
299.68155
276.67426
299.68155
276.67426
pt
315.49756
293.47925
315.49756
293.47925
315.49756
293.47925
pt
336.25635
296.44482
335.26782
296.44482
337.24487
296.44482
pt
347.1299
282.60556
347.1299
282.60556
347.1299
282.60556
pt
356.0263
273.709
356.0263
273.709
356.0263
273.709
pt
366.89996
272.7206
366.89996
272.7206
366.89996
272.7206
pt
371.84262
277.66318
371.84262
277.66318
371.84262
277.66318
pt
359.9807
272.7206
359.9807
272.7206
359.9807
272.7206
pt
352.07254
276.67426
352.07254
276.67426
352.07254
276.67426
pt
343.17596
286.55933
343.17596
286.55933
343.17596
286.55933
pt
357.01547
295.45648
357.01547
295.45648
357.01547
295.45648
pt
371.84262
294.46768
371.84262
294.46768
371.84262
294.46768
pt
380.73898
281.61707
380.73898
281.61707
380.73898
281.61707
pt
384.69333
265.80118
384.69333
265.80118
384.69333
265.80118
pt
383.70514
232.19157
382.71646
232.19157
384.69333
232.19157
pt
381.2643
129.08942
381.2643
129.08942
381.2643
129.08942
pt
357.24762
89.061714
387.26846
111.076965
327.22675
67.04643
pt
333.23105
60.041576
333.23105
60.041576
333.23105
60.041576
pt
339.2353
57.03954
339.2353
57.03954
339.2353
57.03954
pt
337.23386
42.029137
337.23386
42.029137
337.23386
42.029137
pt
315.21872
36.024982
315.21872
36.024982
315.21872
36.024982
pt
299.20752
42.029137
299.20752
42.029137
299.20752
42.029137
pt
300.20816
58.040215
300.20816
58.040215
300.20816
58.040215
pt
317.21985
62.042988
317.21985
62.042988
317.21985
62.042988
pt
335.2322
58.040215
336.2331
58.040215
334.23163
58.040215
pt
335.2322
43.02979
335.2322
43.02979
335.2322
43.02979
pt
318.22073
49.033978
318.22073
49.033978
318.22073
49.033978
pt
301.20874
45.031178
301.20874
45.031178
301.20874
45.031178
pt
303.21033
61.04228
303.21033
61.04228
303.21033
61.04228
pt
297.206
79.05482
297.206
79.05482
297.206
79.05482
pt
282.19553
88.06108
282.19553
88.06108
282.19553
88.06108
pt
267.1853
112.07778
267.1853
112.07778
267.1853
112.07778
pt
260.18048
135.09358
260.18048
135.09358
260.18048
135.09358
pt
262.18176
238.16476
262.18176
238.16476
262.18176
238.16476

running
20.0
4.0
false
pt
489.0
329.0
489.0
329.0
489.0
329.0
pt
430.0
408.0
431.29614
328.93475
429.0
469.0
pt
373.0
467.0
373.0
467.0
373.0
467.0
pt
428.0
557.0
429.0
448.0
427.11853
653.07935
pt
497.0
650.0
497.0
650.0
497.0
650.0

running
20.0
4.0
true
pt
489.0
330.0
489.0
330.0
489.0
330.0
pt
457.0
407.0
458.29614
327.93475
456.0
468.0
pt
416.0
466.0
416.0
466.0
416.0
466.0
pt
455.0
556.0
456.0
447.0
454.11853
652.07935
pt
497.0
650.0
497.0
650.0
497.0
650.0

running
20.0
4.0
true
pt
489.0
329.0
489.0
329.0
489.0
329.0
pt
430.0
408.0
431.29614
328.93475
429.0
469.0
pt
373.0
467.0
373.0
467.0
373.0
467.0
pt
428.0
557.0
429.0
448.0
427.11853
653.07935
pt
497.0
650.0
497.0
650.0
497.0
650.0

running
20.0
4.0
true
pt
489.0
330.0
489.0
330.0
489.0
330.0
pt
457.0
407.0
458.29614
327.93475
456.0
468.0
pt
416.0
466.0
416.0
466.0
416.0
466.0
pt
455.0
556.0
456.0
447.0
454.11853
652.07935
pt
497.0
650.0
497.0
650.0
497.0
650.0

