running
20.0
4.0
false
pt
228.0
830.0
228.0
830.0
228.0
830.0
pt
464.57404
761.76245
175.0
847.0
756.4419
675.84973
pt
970.0553
597.25653
824.4926
623.1787
970.0553
597.25653
pt
858.39087
623.1787
858.39087
623.1787
858.39087
623.1787

running
20.0
4.0
false
pt
85.94043
855.66406
85.94043
855.66406
85.94043
855.66406
pt
103.81868
866.81976
84.28061
867.9247
123.35684
865.715
pt
109.24343
845.94995
109.24343
845.94995
109.24343
845.94995
pt
88.24729
847.75226
95.00389
833.4117
81.490715
862.09265
pt
88.76819
859.3282
80.90681
854.1303
96.629585
864.5256
pt
85.953094
854.94147
85.953094
854.94147
85.953094
854.94147
pt
70.78899
853.95404
71.51173
853.96655
70.06634
853.94116
pt
55.04106
845.00366
54.902267
852.95355
55.179832
837.05396
pt
50.957138
830.47406
50.957138
830.47406
50.957138
830.47406
pt
74.95761
822.21796
66.98268
823.5244
82.93243
820.9116
pt
91.033585
812.37775
91.033585
812.37775
91.033585
812.37775
pt
100.630455
800.97845
100.630455
800.97845
100.630455
800.97845
pt
144.11848
794.5086
144.11848
794.5086
144.11848
794.5086
pt
170.63127
807.98395
170.63127
807.98395
170.63127
807.98395
pt
173.47166
810.92523
173.47166
810.92523
173.47166
810.92523
pt
174.99268
806.61414
174.99268
806.61414
174.99268
806.61414
pt
220.548
805.96344
220.548
805.96344
220.548
805.96344
pt
217.54364
812.4174
217.54364
812.4174
217.54364
812.4174
pt
221.82935
815.3839
221.82935
815.3839
221.82935
815.3839
pt
226.9766
810.4133
226.9766
810.4133
226.9766
810.4133
pt
231.84633
821.34204
231.84633
821.34204
231.84633
821.34204
pt
228.04346
832.1193
228.04346
832.1193
228.04346
832.1193
pt
220.00557
837.0392
220.00557
837.0392
220.00557
837.0392
pt
211.2953
839.05634
211.2953
839.05634
211.2953
839.05634
pt
204.19458
831.70306
204.19458
831.70306
204.19458
831.70306
pt
194.0263
834.4173
194.0263
834.4173
194.0263
834.4173
pt
185.92528
842.9508
185.92528
842.9508
185.92528
842.9508
pt
189.41263
850.24115
189.41263
850.24115
189.41263
850.24115
pt
200.90001
854.7792
200.90001
854.7792
200.90001
854.7792
pt
211.08098
851.3421
211.06827
852.0649
211.09357
850.61957
pt
212.65262
844.1403
212.65262
844.1403
212.65262
844.1403
pt
209.92575
834.69476
209.92575
834.69476
209.92575
834.69476
pt
198.40027
832.3249
198.40027
832.3249
198.40027
832.3249
pt
188.16908
838.65265
188.16908
838.65265
188.16908
838.65265
pt
185.90002
844.39606
185.90002
844.39606
185.90002
844.39606
pt
111.99552
853.9498
111.99552
853.9498
111.99552
853.9498
pt
111.512474
840.20624
111.512474
840.20624
111.512474
840.20624
pt
102.928406
834.996
102.928406
834.996
102.928406
834.996
pt
94.533554
818.945
94.533554
818.945
94.533554
818.945
pt
166.21945
812.24426
166.21945
812.24426
166.21945
812.24426
pt
140.40419
800.22675
140.40419
800.22675
140.40419
800.22675
pt
124.46689
802.11786
124.46689
802.11786
124.46689
802.11786
pt
127.10544
816.6223
127.10544
816.6223
127.10544
816.6223
pt
124.46689
802.11786
124.46689
802.11786
124.46689
802.11786
pt
103.44557
805.36523
103.44557
805.36523
103.44557
805.36523
pt
93.08815
818.92004
93.08815
818.92004
93.08815
818.92004
pt
115.517006
817.86536
115.517006
817.86536
115.517006
817.86536

running
20.0
4.0
false
pt
335.57687
226.4425
335.57687
226.4425
335.57687
226.4425
pt
309.657
257.075
309.657
257.075
309.657
257.075
pt
320.26065
359.57547
320.26065
359.57547
320.26065
359.57547
pt
271.9557
378.42645
271.9557
378.42645
271.9557
378.42645
pt
266.06458
405.5245
266.06458
405.5245
266.06458
405.5245
pt
294.34082
413.77173
294.34082
413.77173
294.34082
413.77173
pt
350.89304
397.27734
350.89304
397.27734
350.89304
397.27734
pt
366.20923
386.67365
366.20923
386.67365
366.20923
386.67365
pt
368.56555
282.9948
368.56555
282.9948
368.56555
282.9948
pt
451.03754
343.08136
451.03754
343.08136
451.03754
343.08136
pt
509.94598
331.29987
509.94598
331.29987
509.94598
331.29987
pt
559.4293
246.47122
559.4293
246.47122
559.4293
246.47122
pt
547.64734
229.97696
547.64734
229.97696
547.64734
229.97696
pt
566.49835
268.8567
566.49835
268.8567
566.49835
268.8567
pt
584.17053
357.2193
584.17053
357.2193
584.17053
357.2193
pt
613.62506
383.1391
613.62506
383.1391
613.62506
383.1391
pt
661.93005
384.31723
661.93005
384.31723
661.93005
384.31723
pt
668.9989
369.00125
668.9989
369.00125
668.9989
369.00125
pt
645.4356
357.2193
645.4356
357.2193
645.4356
357.2193
pt
666.6427
351.32852
666.6427
351.32852
666.6427
351.32852
pt
653.68304
343.08136
653.68304
343.08136
653.68304
343.08136
pt
625.4066
350.15063
625.4066
350.15063
625.4066
350.15063
pt
603.0218
250.00586
603.0218
250.00586
603.0218
250.00586
pt
601.8429
200.52255
601.8429
200.52255
601.8429
200.52255
pt
574.7451
179.31569
574.7451
179.31569
574.7451
179.31569
pt
604.1997
152.2177
597.13043
180.49385
611.26917
123.941666
pt
567.67645
85.061966
615.98145
79.17113
519.3713
90.95282
pt
538.2221
166.35587
517.01495
153.39592
559.4293
179.31569
pt
504.05493
156.93045
521.0277
162.992
487.56042
151.03961
pt
431.00854
123.941666
442.79034
128.65424
419.2269
119.22902
pt
353.24945
120.40709
353.24945
120.40709
353.24945
120.40709
pt
316.72592
112.15987
316.72592
112.15987
316.72592
112.15987
pt
289.62817
118.050674
289.62817
118.050674
289.62817
118.050674
pt
294.34082
139.2577
294.34082
139.2577
294.34082
139.2577
pt
328.50754
139.2577
328.50754
139.2577
328.50754
139.2577
pt
339.11118
138.0797
339.11118
138.0797
339.11118
138.0797
pt
341.4677
148.6832
341.4677
148.6832
341.4677
148.6832
pt
333.22043
153.39592
333.22043
153.39592
333.22043
153.39592
pt
287.27173
155.7521
287.27173
155.7521
287.27173
155.7521
pt
279.02444
136.90152
279.02444
136.90152
279.02444
136.90152
pt
288.44992
121.58528
288.44992
121.58528
288.44992
121.58528
pt
294.34082
128.65424
294.34082
128.65424
294.34082
128.65424
pt
307.30063
139.2577
307.30063
139.2577
307.30063
139.2577
pt
337.93304
139.2577
337.93304
139.2577
337.93304
139.2577
pt
330.86404
162.82132
330.86404
162.82132
330.86404
162.82132
pt
356.7837
163.99934
356.7837
163.99934
356.7837
163.99934
pt
363.85278
147.50494
363.85278
147.50494
363.85278
147.50494
pt
412.15793
154.57405
412.15793
154.57405
412.15793
154.57405
pt
480.49164
196.98828
480.49164
196.98828
480.49164
196.98828
pt
429.83032
253.54047
429.83032
253.54047
429.83032
253.54047
pt
479.31354
288.88553
479.31354
288.88553
479.31354
288.88553
pt
387.41635
228.79877
387.41635
228.79877
387.41635
228.79877
pt
329.686
228.79877
335.57687
218.19531
323.79532
239.40244
pt
309.657
275.9256
309.657
275.9256
309.657
275.9256
pt
231.8977
323.0526
231.8977
323.0526
231.8977
323.0526
pt
188.30539
358.39774
188.30539
358.39774
188.30539
358.39774
pt
203.62164
385.49548
203.62164
385.49548
203.62164
385.49548
pt
248.39209
364.28842
248.39209
364.28842
248.39209
364.28842
pt
283.73727
346.61615
283.73727
346.61615
283.73727
346.61615
pt
294.34082
320.6961
294.34082
320.6961
294.34082
320.6961
pt
313.19144
319.51788
313.19144
319.51788
313.19144
319.51788
pt
320.26065
346.61615
320.26065
346.61615
320.26065
346.61615
pt
309.657
364.28842
309.657
364.28842
309.657
364.28842
pt
270.77744
389.02994
270.77744
389.02994
270.77744
389.02994
pt
281.38083
410.23724
281.38083
410.23724
281.38083
410.23724
pt
319.0823
407.88083
319.0823
407.88083
319.0823
407.88083
pt
360.31827
392.5646
360.31827
392.5646
360.31827
392.5646
pt
367.38733
367.82294
367.38733
367.82294
367.38733
367.82294
pt
367.38733
319.51788
367.38733
319.51788
367.38733
319.51788
pt
420.40512
320.6961
420.40512
320.6961
420.40512
320.6961

running
20.0
4.0
false
pt
110.5461
343.08136
110.5461
343.08136
110.5461
343.08136
pt
352.0711
444.40417
352.0711
444.40417
352.0711
444.40417
pt
376.81268
440.86957
376.81268
440.86957
376.81268
440.86957
pt
402.73236
445.58203
402.73236
445.58203
402.73236
445.58203
pt
376.81268
455.0075
376.81268
455.0075
376.81268
455.0075
pt
354.4275
469.1455
350.89304
453.82947
357.9621
484.4616
pt
365.03088
489.17456
365.03088
489.17456
365.03088
489.17456
pt
389.77255
487.99628
389.77255
487.99628
389.77255
487.99628
pt
399.19803
473.85846
399.19803
473.85846
399.19803
473.85846
pt
379.16904
458.5421
379.16904
458.5421
379.16904
458.5421
pt
388.59427
460.89862
388.59427
460.89862
388.59427
460.89862
pt
420.40512
447.93848
420.40512
447.93848
420.40512
447.93848
pt
418.04874
438.5132
418.04874
438.5132
418.04874
438.5132
pt
443.96844
437.33493
443.96844
437.33493
443.96844
437.33493
pt
455.75006
450.29498
455.75006
450.29498
455.75006
450.29498
pt
449.8592
462.07672
449.8592
460.89862
449.8592
463.25494
pt
433.36487
466.78925
433.36487
466.78925
433.36487
466.78925
pt
419.2269
463.25494
419.2269
463.25494
419.2269
463.25494
pt
418.04874
456.1859
418.04874
456.1859
418.04874
456.1859
pt
416.87048
449.11682
416.87048
449.11682
416.87048
449.11682
pt
398.01984
443.226
398.01984
443.226
398.01984
443.226
pt
431.00854
444.40417
399.19803
456.1859
462.8194
432.6223
pt
432.18677
426.7316
452.2157
431.44415
412.15793
422.019
pt
419.2269
417.306
370.92178
425.55325
467.5318
409.05887
pt
362.67468
392.5646
362.67468
392.5646
362.67468
392.5646
pt
328.50754
403.16818
328.50754
403.16818
328.50754
403.16818
pt
297.8752
409.05887
297.8752
409.05887
297.8752
409.05887
pt
274.3118
407.88083
274.3118
407.88083
274.3118
407.88083
pt
267.2426
394.92093
267.2426
394.92093
267.2426
394.92093
pt
280.20258
374.89215
280.20258
374.89215
280.20258
374.89215
pt
310.83514
363.11038
310.83514
363.11038
310.83514
363.11038
pt
320.26065
347.79404
320.26065
347.79404
320.26065
347.79404
pt
312.01328
311.27078
312.01328
311.27078
312.01328
311.27078
pt
307.30063
273.56924
307.30063
273.56924
307.30063
273.56924
pt
234.25394
320.6961
234.25394
320.6961
234.25394
320.6961
pt
189.48352
358.39774
189.48352
358.39774
189.48352
358.39774
pt
195.3743
372.53568
195.3743
372.53568
195.3743
372.53568
pt
201.26535
380.78275
201.26535
380.78275
201.26535
380.78275
pt
110.5461
343.08136
110.5461
343.08136
110.5461
343.08136
pt
134.10963
337.19043
134.10963
337.19043
134.10963
337.19043
pt
99.94258
323.0526
99.94258
323.0526
99.94258
323.0526
pt
102.29895
330.12152
102.29895
330.12152
102.29895
330.12152
pt
79.91365
339.54688
79.91365
339.54688
79.91365
339.54688
pt
84.62633
354.8632
84.62633
354.8632
84.62633
354.8632
pt
101.120804
361.93225
101.120804
361.93225
101.120804
361.93225
pt
119.97162
354.8632
119.97162
354.8632
119.97162
354.8632
pt
111.724304
337.19043
111.724304
337.19043
111.724304
337.19043
pt
107.01167
327.7651
107.01167
327.7651
107.01167
327.7651
pt
105.833435
317.16168
105.833435
317.16168
105.833435
317.16168
pt
142.35674
318.33984
141.17854
318.33984
143.53491
318.33984
pt
169.45459
326.587
169.45459
326.587
169.45459
326.587
pt
204.79984
323.0526
204.79984
323.0526
204.79984
323.0526
pt
223.65054
328.94333
223.65054
328.94333
223.65054
328.94333
pt
201.26535
350.15063
201.26535
350.15063
201.26535
350.15063
pt
193.01807
367.82294
193.01807
367.82294
193.01807
367.82294
pt
213.04709
377.2483
213.04709
377.2483
213.04709
377.2483
pt
240.14493
369.00125
240.14493
369.00125
240.14493
369.00125
pt
261.35184
357.2193
261.35184
357.2193
261.35184
357.2193
pt
271.9557
352.5068
271.9557
352.5068
271.9557
352.5068
pt
309.657
366.64487
309.657
366.64487
309.657
366.64487
pt
267.2426
354.8632
267.2426
354.8632
267.2426
354.8632

running
20.0
4.0
false
pt
145.89128
317.16168
145.89128
317.16168
145.89128
317.16168
pt
156.49477
306.5583
156.49477
306.5583
156.49477
306.5583
pt
170.63293
308.91452
170.63293
308.91452
170.63293
308.91452
pt
181.23636
317.16168
181.23636
317.16168
181.23636
317.16168
pt
177.70184
326.587
177.70184
326.587
177.70184
326.587

running
20.0
4.0
false
pt
498.38904
731.21204
498.38904
731.21204
498.38904
731.21204
pt
495.60437
736.8615
495.60437
736.8615
495.60437
736.8615
pt
501.11176
752.07
501.11176
752.07
501.11176
752.07
pt
494.47067
756.7755
494.47067
756.7755
494.47067
756.7755
pt
494.60233
761.126
494.60233
761.126
494.60233
761.126
pt
499.22217
761.30865
499.22217
761.30865
499.22217
761.30865
pt
507.20874
756.64923
507.20874
756.64923
507.20874
756.64923
pt
509.13892
754.4522
509.13892
754.4522
509.13892
754.4522
pt
505.5608
738.5721
505.5608
738.5721
505.5608
738.5721
pt
520.403
744.59186
520.403
744.59186
520.403
744.59186
pt
528.92786
740.5607
528.92786
740.5607
528.92786
740.5607
pt
533.2429
725.762
533.2429
725.762
533.2429
725.762
pt
530.822
723.69714
530.822
723.69714
530.822
723.69714
pt
535.16956
728.90326
535.16956
728.90326
535.16956
728.90326
pt
541.21643
741.6896
541.21643
741.6896
541.21643
741.6896
pt
546.68677
744.51874
546.68677
744.51874
546.68677
744.51874
pt
554.0885
742.86395
554.0885
742.86395
554.0885
742.86395
pt
554.5833
740.2631
554.5833
740.2631
554.5833
740.2631
pt
550.54736
739.3632
550.54736
739.3632
550.54736
739.3632
pt
553.5536
737.6606
553.5536
737.6606
553.5536
737.6606
pt
551.26636
736.8965
551.26636
736.8965
551.26636
736.8965
pt
547.2285
739.0472
547.2285
739.0472
547.2285
739.0472
pt
540.01636
724.6448
540.01636
724.6448
540.01636
724.6448
pt
537.95776
717.1533
537.95776
717.1533
537.95776
717.1533
pt
533.0254
714.9526
533.0254
714.9526
533.0254
714.9526
pt
536.48206
709.7068
536.4795
714.2818
536.48517
705.1317
pt
528.36975
700.8657
535.503
698.13416
521.2362
703.59735
pt
526.9708
714.3653
523.24854
713.19696
530.6926
715.53406
pt
521.4091
714.2272
524.2241
714.5059
518.6732
713.95654
pt
509.031
711.97687
511.00458
712.2475
507.05774
711.7065
pt
497.05408
714.39136
497.05408
714.39136
497.05408
714.39136
pt
491.17825
714.522
491.17825
714.522
491.17825
714.522
pt
487.27466
716.4483
487.27466
716.4483
487.27466
716.4483
pt
488.79803
719.49945
488.79803
719.49945
488.79803
719.49945
pt
494.0015
718.20197
494.0015
718.20197
494.0015
718.20197
pt
495.57184
717.61993
495.57184
717.61993
495.57184
717.61993
pt
496.33334
719.1453
496.33334
719.1453
496.33334
719.1453
pt
495.25632
720.1762
495.25632
720.1762
495.25632
720.1762
pt
488.34747
722.2797
488.34747
722.2797
488.34747
722.2797
pt
486.37558
719.7219
486.37558
719.7219
486.37558
719.7219
pt
487.2296
717.0314
487.2296
717.0314
487.2296
717.0314
pt
488.3954
717.8844
488.3954
717.8844
488.3954
717.8844
pt
490.7717
719.0073
490.7717
719.0073
490.7717
719.0073
pt
495.4371
717.8442
495.4371
717.8442
495.4371
717.8442
pt
495.2552
721.70105
495.2552
721.70105
495.2552
721.70105
pt
499.2478
720.89667
499.2478
720.89667
499.2478
720.89667
pt
499.69788
718.11554
499.69788
718.11554
499.69788
718.11554
pt
507.32324
717.358
507.32324
717.358
507.32324
717.358
pt
519.3413
721.2231
519.3413
721.2231
519.3413
721.2231
pt
513.7731
731.75964
513.7731
731.75964
513.7731
731.75964
pt
522.65155
735.2641
522.65155
735.2641
522.65155
735.2641
pt
506.37378
729.60223
506.37378
729.60223
506.37378
729.60223
pt
497.58118
731.79456
498.0758
729.9561
497.08664
733.6331
pt
496.32034
739.7327
496.32034
739.7327
496.32034
739.7327
pt
486.26703
749.86273
486.26703
749.86273
486.26703
749.86273
pt
480.9699
756.90137
480.9699
756.90137
480.9699
756.90137
pt
484.3317
760.4472
484.3317
760.4472
484.3317
760.4472
pt
490.34494
755.5171
490.34494
755.5171
490.34494
755.5171
pt
495.0569
751.48303
495.0569
751.48303
495.0569
751.48303
pt
495.68765
747.13257
495.68765
747.13257
495.68765
747.13257
pt
498.51398
746.2375
498.51398
746.2375
498.51398
746.2375
pt
500.61963
750.09607
500.61963
750.09607
500.61963
750.09607
pt
499.67572
753.19073
499.67572
753.19073
499.67572
753.19073
pt
494.69382
758.4351
494.69382
758.4351
494.69382
758.4351
pt
497.11407
761.2626
497.11407
761.2626
497.11407
761.2626
pt
502.76666
759.47186
502.76666
759.47186
502.76666
759.47186
pt
508.4654
755.57324
508.4654
755.57324
508.4654
755.57324
pt
508.6026
751.5367
508.6026
751.5367
508.6026
751.5367
pt
506.7682
744.1794
506.7682
744.1794
506.7682
744.1794
pt
514.8876
742.34564
514.8876
742.34564
514.8876
742.34564

running
20.0
4.0
false
pt
469.0
761.0
469.0
761.0
469.0
761.0
pt
514.0
766.0
514.0
766.0
514.0
766.0
pt
522.0
762.0
522.0
762.0
522.0
762.0
pt
519.0
756.0
519.0
756.0
519.0
756.0
pt
510.0
756.0
510.0
756.0
510.0
756.0
pt
483.0
753.0
483.0
753.0
483.0
753.0
pt
473.0
753.0
473.0
753.0
473.0
753.0
pt
462.0
758.0
462.0
758.0
462.0
758.0
pt
472.0
762.0
472.0
762.0
472.0
762.0
pt
466.0
766.0
466.0
766.0
466.0
766.0
pt
470.0
771.0
470.0
771.0
470.0
771.0
pt
479.0
770.0
479.0
770.0
479.0
770.0
pt
477.0
763.0
477.0
763.0
477.0
763.0
pt
502.0
766.0
502.0
766.0
502.0
766.0
pt
507.0
771.0
507.0
771.0
507.0
771.0
pt
513.0
770.0
513.0
770.0
513.0
770.0
pt
518.0
764.0
518.0
764.0
518.0
764.0

running
20.0
4.0
false
pt
22.0
389.0
22.0
389.0
22.0
389.0
pt
503.0
565.0
173.44186
618.74335
828.0
512.0
pt
847.0
161.0
847.0
161.0
847.0
161.0
pt
828.0
42.0
851.0
117.0
803.2016
-38.86435

running
20.0
4.0
false
pt
345.0
542.0
345.0
542.0
345.0
542.0
pt
302.0
555.0
302.0
555.0
302.0
555.0
pt
469.0
504.0
469.0
504.0
469.0
504.0
pt
495.0
518.0
495.0
518.0
495.0
518.0
pt
339.0
563.0
339.0
563.0
339.0
563.0
pt
396.0
545.0
396.0
545.0
396.0
545.0

running
20.0
4.0
false
pt
749.0
411.0
749.0
411.0
749.0
411.0
pt
647.0
445.0
647.0
445.0
647.0
445.0
pt
669.0
455.0
669.0
455.0
669.0
455.0
pt
726.0
437.0
726.0
437.0
726.0
437.0

running
20.0
4.0
false
pt
339.0
101.0
339.0
101.0
339.0
101.0
pt
450.0
73.0
450.0
73.0
450.0
73.0
pt
402.0
100.0
402.0
100.0
402.0
100.0
pt
506.0
79.0
506.0
79.0
506.0
79.0
pt
478.0
121.0
478.0
121.0
478.0
121.0
pt
518.0
111.0
518.0
111.0
518.0
111.0
pt
489.0
119.0
489.0
119.0
489.0
119.0

running
20.0
4.0
false
pt
581.0
74.0
581.0
74.0
581.0
74.0
pt
754.0
35.0
754.0
35.0
754.0
35.0
pt
625.0
87.0
625.0
87.0
625.0
87.0
pt
733.0
87.0
733.0
87.0
733.0
87.0
pt
636.0
115.0
636.0
115.0
636.0
115.0
pt
820.0
104.0
820.0
104.0
820.0
104.0
pt
658.0
148.0
658.0
148.0
658.0
148.0
pt
727.0
143.0
727.0
143.0
727.0
143.0
pt
623.0
180.0
623.0
180.0
623.0
180.0
pt
729.0
196.0
729.0
196.0
729.0
196.0
pt
632.0
226.0
632.0
226.0
632.0
226.0
pt
717.0
235.0
717.0
235.0
717.0
235.0
pt
637.0
281.0
637.0
281.0
637.0
281.0
pt
679.0
281.0
679.0
281.0
679.0
281.0
pt
663.0
296.0
663.0
296.0
663.0
296.0
pt
732.0
299.0
732.0
299.0
732.0
299.0
pt
663.0
322.0
663.0
322.0
663.0
322.0
pt
721.0
329.0
721.0
329.0
721.0
329.0
pt
685.0
353.0
685.0
353.0
685.0
353.0
pt
715.0
362.0
715.0
362.0
715.0
362.0
pt
673.0
385.0
673.0
385.0
673.0
385.0

running
20.0
4.0
false
pt
845.0
639.0
845.0
639.0
845.0
639.0
pt
656.0
712.0
634.0
785.0
678.0
639.0

running
20.0
4.0
false
pt
586.0
743.0
597.0
719.0
575.0
767.0
pt
524.0
779.0
524.0
779.0
524.0
779.0

running
20.0
4.0
false
pt
340.0
814.0
340.0
814.0
340.0
814.0
pt
281.0
837.0
181.0
834.0
381.0
840.0

running
20.0
4.0
false
pt
427.0
822.0
427.0
822.0
427.0
822.0
pt
356.0
817.0
334.7979
855.16376
361.0
808.0
pt
358.0
829.0
358.0
829.0
358.0
829.0
pt
346.0
819.0
346.0
819.0
346.0
819.0
pt
407.0
819.0
340.0
871.0
474.0
767.0

running
20.0
4.0
false
pt
463.0
768.0
463.0
768.0
463.0
768.0
pt
448.0
798.0
368.0
805.0
528.0
791.0

running
20.0
4.0
false
pt
499.0
780.0
417.0
821.0
581.0
739.0
pt
628.0
753.0
556.0
788.0
700.0
718.0

running
20.0
4.0
false
pt
753.0
674.0
753.0
674.0
753.0
674.0
pt
884.0
680.0
809.0
649.0
959.0
711.0

running
20.0
4.0
false
pt
835.0
654.0
835.0
654.0
835.0
654.0
pt
738.0
724.0
822.0
706.0
654.0
742.0

running
20.0
4.0
false
pt
521.0
756.0
521.0
756.0
521.0
756.0
pt
691.0
740.0
617.0
719.0
765.0
761.0

running
20.0
4.0
false
pt
555.0
731.0
484.0
756.0
626.0
706.0
pt
718.0
695.0
625.0
760.0
811.0
630.0

running
20.0
4.0
false
pt
738.0
400.0
738.0
400.0
738.0
400.0
pt
457.0
461.0
618.213
396.5148
437.0
469.0
pt
455.0
452.0
455.0
452.0
455.0
452.0
pt
585.0
412.0
498.0
432.0
672.0
392.0

running
20.0
4.0
false
pt
249.0
300.0
344.19202
287.213
182.0
309.0
pt
175.0
315.0
175.0
315.0
175.0
315.0
pt
181.0
322.0
181.0
322.0
181.0
322.0
pt
230.0
311.0
173.0
317.0
290.67303
304.61337

running
20.0
4.0
false
pt
518.66876
316.0546
518.66876
316.0546
518.66876
316.0546
pt
579.52966
327.88474
579.52966
327.88474
579.52966
327.88474

running
20.0
4.0
false
pt
579.6137
337.40704
579.6137
337.40704
579.6137
337.40704
pt
541.37976
329.64993
541.37976
329.64993
541.37976
329.64993

running
20.0
4.0
false
pt
712.6619
351.45685
712.6619
351.45685
712.6619
351.45685
pt
779.1802
367.6844
741.81146
352.0134
816.54895
383.35532

running
20.0
4.0
false
pt
721.0
362.0
721.0
362.0
721.0
362.0
pt
755.0
372.0
755.0
372.0
755.0
372.0

running
20.0
4.0
false
pt
586.0
360.0
586.0
360.0
586.0
360.0
pt
583.0
374.0
583.0
374.0
583.0
374.0
pt
599.0
387.0
599.0
387.0
599.0
387.0
pt
604.0
374.0
604.0
374.0
604.0
374.0
pt
608.0
379.0
608.0
379.0
608.0
379.0
pt
606.0
388.0
606.0
388.0
606.0
388.0
pt
598.0
387.0
598.0
387.0
598.0
387.0
pt
608.0
394.0
608.0
394.0
608.0
394.0
pt
664.0
391.0
664.0
391.0
664.0
391.0
pt
667.0
380.0
667.0
380.0
667.0
380.0
pt
667.0
373.0
667.0
373.0
667.0
373.0
pt
657.0
362.0
657.0
362.0
657.0
362.0
pt
666.0
360.0
666.0
360.0
666.0
360.0
pt
661.0
352.0
661.0
352.0
661.0
352.0
pt
650.0
360.0
650.0
360.0
650.0
360.0
pt
665.0
370.0
665.0
370.0
665.0
370.0

running
20.0
4.0
false
pt
330.0
161.0
330.0
161.0
330.0
161.0
pt
329.0
173.0
329.0
173.0
329.0
173.0
pt
352.0
173.0
352.0
173.0
352.0
173.0
pt
367.0
168.0
367.0
168.0
367.0
168.0
pt
367.0
158.0
367.0
158.0
367.0
158.0
pt
362.0
150.0
362.0
150.0
362.0
150.0

running
20.0
4.0
false
pt
70.0
811.0
70.0
811.0
70.0
811.0
pt
15.0
828.0
15.0
828.0
15.0
828.0

running
20.0
4.0
false
pt
36.0
841.0
36.0
841.0
36.0
841.0
pt
17.0
847.0
17.0
847.0
17.0
847.0

running
20.0
4.0
false
pt
56.0
856.0
56.0
856.0
56.0
856.0
pt
13.0
866.0
13.0
866.0
13.0
866.0

running
20.0
4.0
false
pt
585.0
359.0
585.0
359.0
585.0
359.0
pt
576.0
337.0
576.0
337.0
576.0
337.0
pt
629.0
322.0
629.0
322.0
629.0
322.0
pt
626.0
349.0
626.0
349.0
626.0
349.0
pt
650.0
344.0
650.0
344.0
650.0
344.0
pt
663.0
348.0
663.0
348.0
663.0
348.0

running
20.0
4.0
false
pt
345.0
117.0
345.0
117.0
345.0
117.0
pt
375.0
114.0
375.0
114.0
375.0
114.0
pt
388.0
159.0
388.0
159.0
388.0
159.0
pt
362.0
149.0
362.0
149.0
362.0
149.0
pt
358.0
161.0
358.0
161.0
358.0
161.0
pt
337.0
164.0
337.0
164.0
337.0
164.0
pt
331.0
154.0
331.0
154.0
331.0
154.0

running
20.0
4.0
false
pt
238.0
579.0
238.0
579.0
238.0
579.0
pt
510.0
698.0
510.0
698.0
510.0
698.0
pt
737.0
489.0
737.0
489.0
737.0
489.0
pt
510.0
698.0
510.0
698.0
510.0
698.0
pt
237.0
579.0
237.0
579.0
237.0
579.0
pt
376.0
639.0
376.0
639.0
376.0
639.0

running
20.0
4.0
false
pt
524.0
699.0
524.0
699.0
524.0
699.0
pt
562.0
688.0
562.0
688.0
562.0
688.0
pt
534.0
706.0
534.0
706.0
534.0
706.0
pt
580.0
693.0
580.0
693.0
580.0
693.0
pt
534.0
717.0
534.0
717.0
534.0
717.0
pt
571.0
707.0
571.0
707.0
571.0
707.0
pt
537.0
727.0
537.0
727.0
537.0
727.0
pt
588.0
713.0
588.0
713.0
588.0
713.0

running
20.0
4.0
false
pt
4.0
253.0
4.0
253.0
4.0
253.0
pt
428.0
167.0
428.0
167.0
428.0
167.0
pt
366.0
179.0
366.0
179.0
366.0
179.0

running
20.0
4.0
false
pt
826.0
83.0
826.0
83.0
826.0
83.0
pt
687.0
111.0
687.0
111.0
687.0
111.0
pt
750.0
98.0
750.0
98.0
750.0
98.0

running
20.0
4.0
false
pt
329.0
819.0
329.0
819.0
329.0
819.0
pt
296.0
831.0
238.0
822.0
354.0
840.0

