running
17.0
4.0
false
pt
45.626892
122.10849
45.626892
122.10849
45.626892
122.10849
pt
45.491234
84.18902
45.43406
84.48299
45.548344
83.895065
pt
52.53353
77.7787
47.715878
77.45238
57.35121
78.10504
pt
59.9889
82.58357
59.9889
82.58357
59.9889
82.58357
pt
60.362694
119.11194
60.362694
119.11194
60.362694
119.11194
pt
61.101776
120.0182
61.101776
120.0182
61.101776
120.0182
pt
60.899345
82.60806
60.899345
82.60806
60.899345
82.60806
pt
69.52167
75.13197
63.0872
74.49141
75.95607
75.7726
pt
77.07517
81.786446
77.07517
81.786446
77.07517
81.786446
pt
77.726685
120.809074
77.726685
120.809074
77.726685
120.809074
pt
77.27928
81.521
77.27928
81.521
77.27928
81.521
pt
85.374916
74.40022
79.03443
74.84563
91.7153
73.95479
pt
93.28363
81.5813
93.28363
81.5813
93.28363
81.5813
pt
93.12697
123.19266
93.12697
123.19266
93.12697
123.19266
pt
93.90242
119.98755
93.90242
119.98755
93.90242
119.98755
pt
93.896324
86.276375
93.896324
86.276375
93.896324
86.276375
pt
101.95919
78.53914
94.14484
77.93532
109.77359
79.14288
pt
109.90476
87.1001
109.90476
87.1001
109.90476
87.1001
pt
109.16879
135.61539
109.16879
135.61539
109.16879
135.61539
pt
98.700554
132.97035
98.700554
132.97035
98.700554
132.97035
pt
109.40571
135.96652
109.40571
135.96652
109.40571
135.96652
pt
128.36777
130.4636
128.36777
130.4636
128.36777
130.4636
pt
141.81918
134.1516
138.14125
126.567184
145.4969
141.73595
pt
136.71176
144.96579
136.71176
144.96579
136.71176
144.96579
pt
107.43476
163.11404
107.43476
163.11404
107.43476
163.11404
pt
103.826355
168.42418
103.826355
168.42418
103.826355
168.42418
pt
107.98066
164.72328
107.98066
164.72328
107.98066
164.72328
pt
109.08585
193.27719
109.08585
193.27719
109.08585
193.27719
pt
57.586304
193.14224
57.586304
193.14224
57.586304
193.14224
pt
41.426422
177.97852
40.071278
194.89043
42.781506
161.06659
pt
42.925377
164.74437
42.925377
164.74437
42.925377
164.74437
pt
59.91766
165.68588
59.91766
165.68588
59.91766
165.68588
pt
43.379326
164.61797
43.379326
164.61797
43.379326
164.61797
pt
45.502426
113.934204
45.502426
113.934204
45.502426
113.934204

running
16.0
4.0
false
pt
214.75252
85.087715
214.75252
85.087715
214.75252
85.087715
pt
214.88829
47.16822
214.94518
47.46217
214.83124
46.874275
pt
207.84589
40.757904
212.66353
40.43154
203.02829
41.084217
pt
200.39049
45.562786
200.39049
45.562786
200.39049
45.562786
pt
200.01665
82.0911
200.01665
82.0911
200.01665
82.0911
pt
199.27765
82.9974
199.27765
82.9974
199.27765
82.9974
pt
199.47995
45.58721
199.47995
45.58721
199.47995
45.58721
pt
190.85771
38.111214
197.29227
37.47061
184.42345
38.751785
pt
183.30426
44.765614
183.30426
44.765614
183.30426
44.765614
pt
182.6528
83.78839
182.6528
83.78839
182.6528
83.78839
pt
183.10013
44.500225
183.10013
44.500225
183.10013
44.500225
pt
175.00456
37.379406
181.3451
37.824856
168.66406
36.933994
pt
167.09572
44.56048
167.09572
44.56048
167.09572
44.56048
pt
167.25237
86.17186
167.25237
86.17186
167.25237
86.17186
pt
166.47694
82.96675
166.47694
82.96675
166.47694
82.96675
pt
166.48303
49.255608
166.48303
49.255608
166.48303
49.255608
pt
158.42023
41.518314
166.23456
40.91456
150.60583
42.122036
pt
150.47456
50.079315
150.47456
50.079315
150.47456
50.079315
pt
151.21048
98.59452
151.21048
98.59452
151.21048
98.59452
pt
161.67879
95.94956
161.67879
95.94956
161.67879
95.94956
pt
150.97379
98.945694
150.97379
98.945694
150.97379
98.945694
pt
132.01163
93.44278
132.01163
93.44278
132.01163
93.44278
pt
118.56021
97.13084
122.23808
89.546486
114.88243
104.7151
pt
123.66768
107.94488
123.66768
107.94488
123.66768
107.94488
pt
152.94458
126.093414
152.94458
126.093414
152.94458
126.093414
pt
156.5531
131.40332
156.5531
131.40332
156.5531
131.40332
pt
152.39865
127.70239
152.39865
127.70239
152.39865
127.70239
pt
151.29346
156.25647
151.29346
156.25647
151.29346
156.25647
pt
202.79315
156.12166
202.79315
156.12166
202.79315
156.12166
pt
218.95285
140.95782
220.30801
157.86964
217.59785
124.04599
pt
217.45392
127.723785
217.45392
127.723785
217.45392
127.723785
pt
200.4617
128.66498
200.4617
128.66498
200.4617
128.66498
pt
216.99998
127.59718
216.99998
127.59718
216.99998
127.59718
pt
214.87698
76.91356
214.87698
76.91356
214.87698
76.91356

running
17.0
4.0
false
pt
244.9916
205.056
244.9916
205.056
244.9916
205.056
pt
244.7073
56.3217
244.7073
56.3217
244.7073
56.3217
pt
270.87082
31.864128
244.13849
32.148552
297.60327
31.579987
pt
453.44806
31.29522
453.44806
31.29522
453.44806
31.29522
pt
488.4275
66.8439
488.14252
26.745605
488.71164
106.94261
pt
488.42676
203.63417
488.42676
203.63417
488.42676
203.63417
pt
465.10782
228.94473
489.5645
228.94473
440.65024
228.94467
pt
270.5866
229.79776
270.5866
229.79776
270.5866
229.79776
pt
244.99162
204.48746
245.27592
228.37595
244.70737
180.59866
pt
244.99162
161.26051
244.99162
161.26051
244.99162
161.26051
pt
262.33945
166.6639
262.33945
166.6639
262.33945
166.6639
pt
266.8896
185.14899
256.6515
177.75519
277.12744
192.54323
pt
286.22778
179.17694
286.22778
179.17694
286.22778
179.17694
pt
295.0438
131.6841
294.75928
171.78279
295.32852
91.58576
pt
283.6682
85.89783
283.6682
85.89783
283.6682
85.89783
pt
266.88953
84.760345
273.14627
77.93498
260.63306
91.58555
pt
266.88953
98.4107
266.88953
98.4107
266.88953
98.4107
pt
268.59564
110.63925
273.99908
104.0986
263.19257
117.1803
pt
269.44916
125.99625
276.27417
118.318085
266.08505
129.7808
pt
269.73337
142.49083
275.99017
137.65631
262.61737
147.98949
pt
265.18323
158.98549
278.83423
152.7288
259.85355
161.42807
pt
261.48608
176.33315
261.48608
176.33315
261.48608
176.33315

running
17.0
4.0
false
pt
601.1409
23.725817
601.1409
23.725817
601.1409
23.725817
pt
930.9783
23.095413
930.9783
23.095413
930.9783
23.095413
pt
985.2162
81.11638
984.5854
21.834515
985.8461
140.39937
pt
986.47845
486.00494
986.47845
486.00494
986.47845
486.00494
pt
907.6445
563.57605
996.5674
562.9439
818.7205
564.20685
pt
604.2944
563.5751
604.2944
563.5751
604.2944
563.5751
pt
548.1649
511.8615
548.16425
566.09717
548.1654
457.62387
pt
546.2737
80.48689
546.2737
80.48689
546.2737
80.48689
pt
602.4022
23.72679
549.4261
24.357124
655.3784
23.096079
pt
698.263
23.726593
698.263
23.726593
698.263
23.726593
pt
686.28094
62.197117
686.28094
62.197117
686.28094
62.197117
pt
645.2877
72.287865
661.6846
49.583904
628.88995
94.99161
pt
658.5314
115.17314
658.5314
115.17314
658.5314
115.17314
pt
763.8524
134.72375
674.9287
134.0927
852.7764
135.35558
pt
865.3893
109.49643
865.3893
109.49643
865.3893
109.49643
pt
867.9119
72.28762
883.0477
86.163086
852.7763
58.413555
pt
837.64056
72.28764
837.64056
72.28764
837.64056
72.28764
pt
810.5223
76.071526
825.0269
88.053764
796.01715
64.089645
pt
776.4663
77.964
793.49384
93.10021
768.07324
70.504105
pt
739.88824
78.594406
750.60864
92.46986
727.6929
62.813496
pt
703.30786
68.50382
717.18353
98.77708
697.8914
56.68443
pt
664.8381
60.30526
664.8381
60.30526
664.8381
60.30526

running
17.0
4.0
false
pt
67.23906
494.01257
67.23906
494.01257
67.23906
494.01257
pt
66.58956
312.45425
66.31582
313.8625
66.862946
311.0474
pt
100.30806
281.76233
77.24105
280.19977
123.374954
283.32516
pt
136.0041
304.76767
136.0041
304.76767
136.0041
304.76767
pt
137.79381
479.66516
137.79381
479.66516
137.79381
479.66516
pt
141.33244
484.0036
141.33244
484.0036
141.33244
484.0036
pt
140.36327
304.88565
140.36327
304.88565
140.36327
304.88565
pt
181.64673
269.0897
150.83875
266.02356
212.45465
272.15668
pt
217.8128
300.95114
217.8128
300.95114
217.8128
300.95114
pt
220.93239
487.79156
220.93239
487.79156
220.93239
487.79156
pt
218.79025
299.6807
218.79025
299.6807
218.79025
299.6807
pt
257.5517
265.58606
227.19386
267.71896
287.9096
263.4538
pt
295.41864
299.96863
295.41864
299.96863
295.41864
299.96863
pt
294.6686
499.20386
294.6686
499.20386
294.6686
499.20386
pt
298.38144
483.85736
298.38144
483.85736
298.38144
483.85736
pt
298.3522
322.44934
298.3522
322.44934
298.3522
322.44934
pt
336.95715
285.4033
299.54214
282.51224
374.3723
288.29395
pt
375.00064
326.39258
375.00064
326.39258
375.00064
326.39258
pt
371.47656
558.683
371.47656
558.683
371.47656
558.683
pt
321.35498
546.0192
321.35498
546.0192
321.35498
546.0192
pt
372.61087
560.36444
372.61087
560.36444
372.61087
560.36444
pt
463.40076
534.01624
463.40076
534.01624
463.40076
534.01624
pt
527.806
551.6748
510.19635
515.36127
545.4148
587.9883
pt
503.35187
603.45374
503.35187
603.45374
503.35187
603.45374
pt
363.17377
690.34717
363.17377
690.34717
363.17377
690.34717
pt
345.89728
715.77136
345.89728
715.77136
345.89728
715.77136
pt
365.78787
698.05096
365.78787
698.05096
365.78787
698.05096
pt
371.07953
834.76685
371.07953
834.76685
371.07953
834.76685
pt
124.50064
834.12115
124.50064
834.12115
124.50064
834.12115
pt
47.127327
761.5171
40.63887
842.4918
53.615456
680.5429
pt
54.304375
698.1519
54.304375
698.1519
54.304375
698.1519
pt
135.66301
702.66034
135.66301
702.66034
135.66301
702.66034
pt
56.47782
697.5468
56.47782
697.5468
56.47782
697.5468
pt
66.643135
454.8744
66.643135
454.8744
66.643135
454.8744

running
17.0
4.0
false
pt
68.60585
326.4544
68.60585
326.4544
68.60585
326.4544
pt
375.52838
309.50775
375.52838
309.50775
375.52838
309.50775
pt
384.94318
326.4544
384.94318
326.4544
384.94318
326.4544
pt
384.00174
397.0654
384.00174
397.0654
384.00174
397.0654
pt
375.52838
402.7143
375.52838
402.7143
375.52838
402.7143
pt
68.60585
422.48538
68.60585
422.48538
68.60585
422.48538
pt
56.36661
410.24612
56.36661
410.24612
56.36661
410.24612
pt
54.483646
334.92773
54.483646
334.92773
54.483646
334.92773
pt
72.371765
325.5129
72.371765
325.5129
72.371765
325.5129
pt
190.05681
319.864
190.05681
319.864
190.05681
319.864

running
17.0
4.0
false
pt
475.0
635.0
475.0
635.0
475.0
635.0
pt
439.0
654.0
439.0
654.0
439.0
654.0
pt
389.0
621.0
389.0
621.0
389.0
621.0
pt
421.0
558.0
421.0
558.0
421.0
558.0
pt
508.0
519.0
508.0
519.0
508.0
519.0
pt
547.0
580.0
547.0
580.0
547.0
580.0
pt
475.0
636.0
475.0
636.0
475.0
636.0

running
17.0
4.0
false
pt
60.0
518.0
60.0
518.0
60.0
518.0
pt
156.0
486.0
156.0
486.0
156.0
486.0
pt
326.0
505.0
326.0
505.0
326.0
505.0
pt
352.0
575.0
352.0
575.0
352.0
575.0
pt
334.0
629.0
334.0
629.0
334.0
629.0
pt
344.0
685.0
344.0
685.0
344.0
685.0
pt
251.0
737.0
251.0
737.0
251.0
737.0
pt
97.0
724.0
97.0
724.0
97.0
724.0
pt
48.0
601.0
48.0
601.0
48.0
601.0
pt
59.0
518.0
59.0
518.0
59.0
518.0
pt
133.0
492.0
133.0
492.0
133.0
492.0

running
17.0
4.0
false
pt
581.11395
391.54163
581.11395
391.54163
581.11395
391.54163
pt
648.4698
369.0898
648.4698
369.0898
648.4698
369.0898
pt
767.7454
382.4206
767.7454
382.4206
767.7454
382.4206
pt
785.9875
431.53406
785.9875
431.53406
785.9875
431.53406
pt
773.3583
469.42154
773.3583
469.42154
773.3583
469.42154
pt
780.37463
508.7124
780.37463
508.7124
780.37463
508.7124
pt
715.1238
545.1968
715.1238
545.1968
715.1238
545.1968
pt
607.07385
536.0757
607.07385
536.0757
607.07385
536.0757
pt
572.6947
449.7762
572.6947
449.7762
572.6947
449.7762
pt
580.4128
391.54163
580.4128
391.54163
580.4128
391.54163
pt
632.3323
373.2995
632.3323
373.2995
632.3323
373.2995

running
17.0
4.0
false
pt
857.4866
458.53766
857.4866
458.53766
857.4866
458.53766
pt
832.2278
471.86838
832.2278
471.86838
832.2278
471.86838
pt
797.1469
448.715
797.1469
448.715
797.1469
448.715
pt
819.5988
404.51285
819.5988
404.51285
819.5988
404.51285
pt
880.6402
377.1496
880.6402
377.1496
880.6402
377.1496
pt
908.00305
419.94836
908.00305
419.94836
908.00305
419.94836
pt
857.4866
459.23923
857.4866
459.23923
857.4866
459.23923

running
17.0
4.0
false
pt
571.33923
279.80478
571.33923
279.80478
571.33923
279.80478
pt
787.0104
279.20108
787.0104
279.20108
787.0104
279.20108
pt
792.9843
291.42065
792.9843
291.42065
792.9843
291.42065
pt
789.732
340.86035
789.732
340.86035
789.732
340.86035
pt
783.58765
344.50708
783.58765
344.50708
783.58765
344.50708
pt
567.813
347.08966
567.813
347.08966
567.813
347.08966
pt
559.68713
338.06482
559.68713
338.06482
559.68713
338.06482
pt
561.1335
285.22305
561.1335
285.22305
561.1335
285.22305
pt
574.01263
279.2834
574.01263
279.2834
574.01263
279.2834
pt
656.67725
279.64676
656.67725
279.64676
656.67725
279.64676

running
17.0
4.0
false
pt
569.01117
154.76566
569.01117
154.76566
569.01117
154.76566
pt
784.6598
157.92618
784.6598
157.92618
784.6598
157.92618
pt
790.4198
170.24818
790.4198
170.24818
790.4198
170.24818
pt
786.3052
219.62357
786.3052
219.62357
786.3052
219.62357
pt
780.09827
223.16245
780.09827
223.16245
780.09827
223.16245
pt
564.3112
221.97894
564.3112
221.97894
564.3112
221.97894
pt
556.34375
212.81357
556.34375
212.81357
556.34375
212.81357
pt
558.71234
160.0051
558.71234
160.0051
558.71234
160.0051
pt
571.6931
154.29114
571.6931
154.29114
571.6931
154.29114
pt
654.3389
156.09705
654.3389
156.09705
654.3389
156.09705

running
17.0
4.0
false
pt
813.3409
162.1163
813.3409
162.1163
813.3409
162.1163
pt
794.44476
230.5547
794.44476
230.5547
794.44476
230.5547
pt
814.0001
348.9694
814.0001
348.9694
814.0001
348.9694
pt
864.00116
364.61597
864.00116
364.61597
864.00116
364.61597
pt
901.17523
350.02148
901.17523
350.02148
901.17523
350.02148
pt
940.7798
354.97183
940.7798
354.97183
940.7798
354.97183
pt
973.79926
287.90097
973.79926
287.90097
973.79926
287.90097
pt
959.0357
180.4766
959.0357
180.4766
959.0357
180.4766
pt
871.0551
150.66061
871.0551
150.66061
871.0551
150.66061
pt
813.30444
161.41565
813.30444
161.41565
813.30444
161.41565
pt
797.80426
214.21913
797.80426
214.21913
797.80426
214.21913

running
17.0
4.0
false
pt
877.45874
472.50757
877.45874
472.50757
877.45874
472.50757
pt
856.975
492.41046
856.975
492.41046
856.975
492.41046
pt
868.15454
532.92926
868.15454
532.92926
868.15454
532.92926
pt
917.13135
525.23566
917.13135
525.23566
917.13135
525.23566
pt
962.0184
475.63757
962.0184
475.63757
962.0184
475.63757
pt
929.76996
436.3881
929.76996
436.3881
929.76996
436.3881
pt
876.7915
472.29086
876.7915
472.29086
876.7915
472.29086

running
20.0
4.0
false
pt
369.0
521.0
369.0
521.0
369.0
521.0
pt
285.0
554.0
285.0
554.0
285.0
554.0
pt
627.0
422.0
627.0
422.0
627.0
422.0
pt
314.0
543.0
314.0
543.0
314.0
543.0

running
20.0
4.0
false
pt
849.0
507.0
849.0
507.0
849.0
507.0
pt
495.0
568.0
495.0
568.0
495.0
568.0
pt
897.0
499.0
897.0
499.0
897.0
499.0
pt
820.0
512.0
820.0
512.0
820.0
512.0

running
20.0
4.0
false
pt
460.0
340.0
460.0
340.0
460.0
340.0
pt
344.0
364.0
344.0
364.0
344.0
364.0
pt
607.0
311.0
607.0
311.0
607.0
311.0
pt
394.0
354.0
394.0
354.0
394.0
354.0

running
20.0
4.0
false
pt
590.12726
716.6648
590.12726
716.6648
590.12726
716.6648
pt
521.0503
742.2201
522.3127
738.4388
519.7877
746.00183
pt
561.1846
748.57697
524.8578
760.0758
561.1846
748.57697
pt
566.01746
759.9594
566.01746
759.9594
566.01746
759.9594
pt
558.9872
783.3979
549.01404
762.5748
568.96045
804.221
pt
580.70306
830.6327
572.65955
835.3309
588.74634
825.93475
pt
590.0913
792.3057
603.87225
830.9845
576.31036
753.62665
pt
565.4728
759.20966
565.4728
759.20966
565.4728
759.20966
pt
557.84534
748.7115
557.84534
748.7115
557.84534
748.7115
pt
534.1637
751.5965
534.1637
751.5965
534.1637
751.5965
pt
523.5691
747.26416
523.5691
747.26416
523.5691
747.26416
pt
550.31067
829.8005
550.31067
829.8005
550.31067
829.8005
pt
567.6097
850.4567
551.5613
851.2325
583.65814
849.68066
pt
622.6125
829.97144
614.53687
830.6831
630.6881
829.25964
pt
600.5568
780.6919
615.7731
810.30817
585.3408
751.0756
pt
608.18225
724.16943
608.18225
724.16943
608.18225
724.16943
pt
590.8771
716.1198
590.8771
716.1198
590.8771
716.1198
pt
582.3915
719.42096
582.3915
719.42096
582.3915
719.42096
pt
597.1454
718.44
597.1454
718.44
597.1454
718.44
pt
864.34717
636.00977
864.34717
636.00977
864.34717
636.00977
pt
880.09216
676.2099
880.09216
676.2099
880.09216
676.2099

satin
20.0
17.0
false
false
pt
867.0
672.0
867.0
672.0
867.0
672.0
pt
873.0
680.0
873.0
680.0
873.0
680.0
pt
617.0
816.0
617.0
816.0
617.0
816.0
pt
623.0
828.0
623.0
828.0
623.0
828.0

running
20.0
17.0
false
pt
692.0
650.0
692.0
650.0
692.0
650.0
pt
728.0
650.0
728.0
650.0
728.0
650.0
pt
729.0
610.0
729.0
610.0
729.0
610.0
pt
742.0
609.0
742.0
609.0
742.0
609.0
pt
712.0
581.0
712.0
581.0
712.0
581.0
pt
678.0
608.0
678.0
608.0
678.0
608.0
pt
691.0
609.0
691.0
609.0
691.0
609.0
pt
692.0
650.0
692.0
650.0
692.0
650.0
pt
711.0
650.0
711.0
650.0
711.0
650.0

