running
20.0
4.0
false
pt
50.329052
36.32805
50.329052
36.32805
50.329052
36.32805
pt
252.44156
36.32805
252.44156
36.32805
252.44156
36.32805
pt
253.2565
62.40699
253.2565
62.40699
253.2565
62.40699
pt
49.51372
62.40699
49.51372
62.40699
49.51372
62.40699
pt
51.14372
36.32805
51.14372
36.32805
51.14372
36.32805
pt
174.20438
50.9979
174.20438
33.883465
174.20438
68.11222
pt
158.72018
51.81273
157.09023
53.442734
160.3499
50.18285
pt
182.35422
95.00611
191.31885
49.36811
173.38924
140.64487
pt
205.05656
119.38546
205.05656
119.38546
205.05656
119.38546
pt
195.10582
96.16695
193.47607
130.39552
196.73561
61.93802
pt
164.42484
52.627724
195.39389
53.442734
133.45587
51.81273
pt
148.66922
111.09332
149.48355
83.384285
147.85379
138.80205
pt
132.08418
154.21364
132.08418
154.21364
132.08418
154.21364
pt
140.37648
108.605515
141.19142
112.68033
139.5614
104.530396
pt
148.12552
59.147247
136.71588
70.55682
159.53503
47.738163
pt
199.46875
66.482254
199.46875
66.482254
199.46875
66.482254
pt
253.2565
62.40699
253.2565
62.40699
253.2565
62.40699
pt
263.0364
403.88077
263.0364
403.88077
263.0364
403.88077
pt
169.31512
406.32553
169.31512
407.13995
169.31512
405.50995
pt
158.72018
158.57353
158.72018
158.57353
158.72018
158.57353
pt
164.15315
154.99957
164.15315
154.99957
164.15315
154.99957
pt
157.09023
176.50327
157.09023
176.50327
157.09023
176.50327
pt
149.75508
404.69452
149.75508
404.69452
149.75508
404.69452
pt
52.77345
403.88077
52.77345
403.88077
52.77345
403.88077
pt
48.698563
62.40699
48.698563
62.40699
48.698563
62.40699

running
20.0
4.0
false
pt
109.1393
447.18857
128.9302
449.36453
89.34867
445.01297
pt
82.04242
485.08582
79.677574
468.47202
85.67376
510.59064
pt
85.952484
545.15295
91.184685
518.1754
80.7209
572.1306
pt
107.57948
620.49066
74.54542
617.17633
140.61331
623.80524
pt
140.89911
543.3084
152.14044
585.0216
129.93076
502.61075
pt
129.60709
475.36038
125.60703
500.61496
133.60725
450.1049
pt
95.30336
449.79153
117.31625
437.93652
73.29011
461.6464
pt
85.72909
498.13458
81.59779
487.8916
89.85968
508.3769
pt
107.74207
486.27975
77.21808
485.2806
138.2667
487.2789
pt
137.21281
530.25964
137.42436
498.6514
137.00029
561.8676
pt
119.02478
572.44415
137.834
568.7117
100.21571
576.177
pt
97.07558
553.62634
79.350136
556.57214
114.801414
550.68085
pt
134.1013
549.9023
134.1013
549.9023
134.1013
549.9023
pt
91.51852
540.2815
91.51852
540.2815
91.51852
540.2815
pt
134.74902
533.7046
134.74902
533.7046
134.74902
533.7046
pt
90.146996
524.723
90.146996
524.723
90.146996
524.723
pt
133.18307
513.3212
133.18307
513.3212
133.18307
513.3212
pt
83.16408
508.2755
83.16408
508.2755
83.16408
508.2755
pt
130.92346
503.37466
130.92346
503.37466
130.92346
503.37466
pt
118.63293
607.3794
167.93488
602.244
69.32951
612.5151
pt
82.68276
566.29407
83.70985
569.3751
81.65543
563.2123
pt
82.68276
492.3395
96.03546
531.3708
69.32951
453.30835
pt
93.98119
491.3123
93.98119
491.3123
93.98119
491.3123
pt
103.2253
480.0141
93.98119
484.12244
112.46963
475.90527
pt
120.68708
487.20374
120.68708
487.20374
120.68708
487.20374
pt
130.95811
501.58362
130.95811
501.58362
130.95811
501.58362
pt
83.70985
508.77365
83.70985
508.77365
83.70985
508.77365
pt
51.86831
591.97205
40.845375
539.2186
80.628365
729.60895
pt
61.112236
694.687
80.628365
681.3338
41.59647
708.0391

running
20.0
4.0
false
pt
210.05954
439.7337
229.5861
443.6261
190.5344
435.84116
pt
179.7632
475.125
178.85474
458.3679
181.1573
500.84903
pt
178.42267
535.30414
185.9862
508.88522
170.86024
561.72314
pt
193.40201
612.2407
160.7814
606.05975
226.0216
618.4212
pt
233.32098
538.25525
241.07608
580.75525
225.4845
495.30832
pt
227.99426
469.5817
221.80876
494.39194
234.18065
444.77133
pt
196.0495
441.1203
219.01242
431.22925
173.0868
451.01166
pt
182.29787
488.4451
179.07605
477.8814
185.52054
499.00888
pt
205.26103
478.55377
174.93999
474.89804
235.58199
482.2097
pt
230.78554
524.93506
233.75171
493.46576
227.81924
556.4043
pt
208.99063
565.37366
228.05377
563.29517
189.92781
567.4536
pt
188.7653
544.715
170.85013
546.1043
206.67952
543.3256
pt
225.97455
544.23206
225.97455
544.23206
225.97455
544.23206
pt
184.39217
530.9362
184.39217
530.9362
184.39217
530.9362
pt
228.03165
528.1526
228.03165
528.1526
228.03165
528.1526
pt
184.38278
515.3174
184.38278
515.3174
184.38278
515.3174
pt
228.24817
507.71002
228.24817
507.71002
228.24817
507.71002
pt
178.85931
498.32394
178.85931
498.32394
178.85931
498.32394
pt
226.86383
497.60443
226.86383
497.60443
226.86383
497.60443
pt
205.55565
600.1423
255.11763
599.3226
155.99239
600.9611
pt
173.32245
556.0796
174.07782
559.2387
172.56845
552.9201
pt
179.76843
482.4066
189.6685
522.45325
169.86801
442.36017
pt
191.11337
482.36804
191.11337
482.36804
191.11337
482.36804
pt
201.3069
471.91818
191.74043
475.20535
210.87486
468.6312
pt
218.07544
480.60294
218.07544
480.60294
218.07544
480.60294
pt
253.44656
523.6775
247.28394
485.67276
259.6093
561.6815
pt
310.96625
576.06146
292.4771
582.22424
329.45514
569.89886
pt
353.079
596.604
353.079
596.604
353.079
596.604
pt
333.56393
579.14307
333.56393
579.14307
333.56393
579.14307

running
20.0
4.0
false
pt
525.40955
176.93764
525.40955
176.93764
525.40955
176.93764
pt
528.17737
216.30145
528.17737
216.30145
528.17737
216.30145
pt
537.4032
226.14226
537.4032
226.14226
537.4032
226.14226
pt
553.0872
235.06061
552.77966
235.06061
553.39453
235.06061
pt
567.5411
236.59825
567.5411
236.59825
567.5411
236.59825
pt
580.76465
243.97885
580.76465
243.97885
580.76465
243.97885
pt
601.67676
251.05208
601.67676
251.05208
601.67676
251.05208
pt
635.50476
251.35966
635.50476
251.35966
635.50476
251.35966
pt
645.9605
246.13165
645.9605
246.13165
645.9605
246.13165
pt
649.0359
237.52065
649.0359
237.52065
649.0359
237.52065
pt
645.0381
224.91225
645.0381
224.91225
645.0381
224.91225
pt
637.04205
215.9938
637.04205
216.30145
637.04205
215.68631
pt
627.81665
210.76593
627.81665
210.76593
627.81665
210.76593
pt
614.90015
205.23033
614.90015
205.23033
614.90015
205.23033
pt
600.13904
196.31207
600.13904
196.31207
600.13904
196.31207
pt
589.37524
188.93126
589.37524
188.93126
589.37524
188.93126
pt
587.53015
179.7056
587.53015
179.7056
587.53015
179.7056
pt
579.84216
165.55927
579.84216
165.55927
579.84216
165.55927
pt
558.6226
164.9441
571.23114
155.7183
546.0138
174.16998
pt
557.08496
178.78293
554.0097
173.8624
560.1603
183.70343
pt
562.92786
195.38954
562.92786
195.38954
562.92786
195.38954
pt
573.6918
203.0776
573.6918
203.0776
573.6918
203.0776
pt
606.2895
218.45403
606.2895
218.45403
606.2895
218.45403
pt
621.6655
215.68631
619.2055
219.37679
624.1263
211.99619
pt
621.3584
208.30571
621.3584
208.30571
621.3584
208.30571
pt
616.13007
205.53795
616.13007
205.53795
616.13007
205.53795
pt
604.444
217.839
604.444
217.839
604.444
217.839
pt
601.06177
223.68217
601.06177
223.68217
601.06177
223.68217
pt
592.4506
220.60667
592.4506
220.60667
592.4506
220.60667
pt
609.36505
201.23253
609.36505
201.23253
609.36505
201.23253
pt
601.67676
197.23459
601.67676
197.23459
601.67676
197.23459
pt
584.14734
216.30145
584.14734
216.30145
584.14734
216.30145
pt
575.229
212.91867
575.229
212.91867
575.229
212.91867
pt
586.91504
200.00232
586.91504
200.00232
586.91504
200.00232
pt
594.6032
193.54427
594.6032
193.54427
594.6032
193.54427
pt
589.0681
188.00867
589.0681
188.31633
589.0681
187.70125
pt
575.8443
196.0045
575.8443
196.0045
575.8443
196.0045
pt
567.5411
202.77013
567.5411
202.77013
567.5411
202.77013
pt
565.0808
207.383
565.0808
207.383
565.0808
207.383
pt
558.00757
202.46263
558.00757
202.46263
558.00757
202.46263
pt
567.23334
193.85182
567.23334
193.85182
567.23334
193.85182
pt
580.1497
187.39374
580.1497
187.39374
580.1497
187.39374
pt
588.4524
184.62593
588.4524
184.62593
588.4524
184.62593
pt
574.614
189.239
574.614
189.239
574.614
189.239
pt
570.30865
192.00673
570.30865
192.00673
570.30865
192.00673
pt
564.1581
196.61964
564.1581
196.61964
564.1581
196.61964
pt
561.3902
190.77654
561.3902
190.77654
561.3902
190.77654
pt
556.77747
181.24313
556.77747
181.24313
556.77747
181.24313
pt
546.9365
182.4733
546.9365
182.4733
546.9365
182.4733
pt
546.32153
193.54427
546.32153
193.54427
546.32153
193.54427
pt
547.8591
203.38522
547.8591
203.38522
547.8591
203.38522
pt
557.08496
212.30368
557.08496
212.30368
557.08496
212.30368
pt
571.8464
218.14651
571.8464
218.14651
571.8464
218.14651
pt
583.5323
223.37459
583.5323
223.37459
583.5323
223.37459
pt
603.8293
229.52512
603.8293
229.52512
603.8293
229.52512
pt
615.8228
229.52512
615.8228
229.52512
615.8228
229.52512
pt
628.4315
227.6798
628.12396
227.6798
628.7391
227.6798
pt
631.5069
219.99185
631.5069
219.99185
631.5069
219.99185
pt
630.58405
214.1486
630.58405
214.1486
630.58405
214.1486
pt
629.3543
212.6111
629.3543
212.6111
629.3543
212.6111
pt
634.27435
214.1486
634.27435
214.1486
634.27435
214.1486
pt
641.9628
220.60667
641.9628
220.60667
641.9628
220.60667
pt
645.0381
228.60263
645.0381
228.60263
645.0381
228.60263
pt
642.88544
240.59625
652.72614
236.59825
633.0443
244.59398
pt
603.21423
244.90143
634.96216
249.48744
575.53644
240.90353
pt
564.1581
228.91005
575.229
232.60027
553.0872
225.2197
pt
541.09344
217.839
546.9365
223.37459
535.25024
212.30368
pt
527.8698
202.77013
527.8698
203.0776
527.8698
202.46263
pt
525.717
173.55487
524.7947
176.93764
526.6395
170.17206
pt
536.4804
164.32916
536.4804
165.55927
536.4804
163.0989
pt
546.9365
161.25381
546.9365
161.25381
546.9365
161.25381
pt
551.24176
164.02159
551.24176
164.02159
551.24176
164.02159
pt
562.6205
163.40651
562.6205
163.40651
562.6205
163.40651
pt
553.0872
168.94191
553.0872
168.94191
553.0872
168.94191
pt
554.3172
176.01523
554.3172
176.01523
554.3172
176.01523
pt
549.0893
181.55078
549.0893
181.55078
549.0893
181.55078
pt
545.3985
186.16356
545.3985
186.16356
545.3985
186.16356
pt
534.6353
184.9335
534.9428
184.9335
534.32776
184.9335
pt
529.4075
175.70761
528.79236
179.7056
530.0223
171.70978
pt
538.32587
185.85608
526.947
184.9335
549.70447
186.77878

running
20.0
4.0
false
pt
327.3762
249.70335
327.3762
249.70335
327.3762
249.70335
pt
330.14392
289.0672
330.14392
289.0672
330.14392
289.0672
pt
339.36984
298.908
339.36984
298.908
339.36984
298.908
pt
355.05383
307.8264
354.74625
307.8264
355.36118
307.8264
pt
369.50766
309.364
369.50766
309.364
369.50766
309.364
pt
382.73123
316.7446
382.73123
316.7446
382.73123
316.7446
pt
403.6431
323.8178
403.6431
323.8178
403.6431
323.8178
pt
437.47144
324.12537
437.47144
324.12537
437.47144
324.12537
pt
447.92725
318.8973
447.92725
318.8973
447.92725
318.8973
pt
451.00256
310.28625
451.00256
310.28625
451.00256
310.28625
pt
447.0048
297.67795
447.0048
297.67795
447.0048
297.67795
pt
439.0088
288.7596
439.0088
289.0672
439.0088
288.45197
pt
429.78317
283.53174
429.78317
283.53174
429.78317
283.53174
pt
416.86688
277.99615
416.86688
277.99615
416.86688
277.99615
pt
402.10577
269.07788
402.10577
269.07788
402.10577
269.07788
pt
391.34195
261.69705
391.34195
261.69705
391.34195
261.69705
pt
389.4969
252.47128
389.4969
252.47128
389.4969
252.47128
pt
381.80875
238.32498
381.80875
238.32498
381.80875
238.32498
pt
360.5891
237.70981
373.19785
228.48409
347.98053
246.93571
pt
359.05154
251.54865
355.97632
246.62814
362.12695
256.46915
pt
364.8946
268.1552
364.8946
268.1552
364.8946
268.1552
pt
375.65833
275.84338
375.65833
275.84338
375.65833
275.84338
pt
408.256
291.21988
408.256
291.21988
408.256
291.21988
pt
423.6324
288.45197
421.1722
292.14243
426.09302
284.76178
pt
423.32513
281.07147
423.32513
281.07147
423.32513
281.07147
pt
418.09692
278.30368
418.09692
278.30368
418.09692
278.30368
pt
406.411
290.6047
406.411
290.6047
406.411
290.6047
pt
403.02823
296.44788
403.02823
296.44788
403.02823
296.44788
pt
394.4173
293.3724
394.4173
293.3724
394.4173
293.3724
pt
411.33163
273.99832
411.33163
273.99832
411.33163
273.99832
pt
403.6431
270.0003
403.6431
270.0003
403.6431
270.0003
pt
386.11417
289.0672
386.11417
289.0672
386.11417
289.0672
pt
377.1957
285.68442
377.1957
285.68442
377.1957
285.68442
pt
388.8819
272.7681
388.8819
272.7681
388.8819
272.7681
pt
396.56992
266.30997
396.56992
266.30997
396.56992
266.30997
pt
391.0345
260.77444
391.0345
261.08194
391.0345
260.46707
pt
377.81085
268.77032
377.81085
268.77032
377.81085
268.77032
pt
369.50766
275.53586
369.50766
275.53586
369.50766
275.53586
pt
367.0474
280.1487
367.0474
280.1487
367.0474
280.1487
pt
359.97418
275.22827
359.97418
275.22827
359.97418
275.22827
pt
369.19998
266.61755
369.19998
266.61755
369.19998
266.61755
pt
382.11652
260.1595
382.11652
260.1595
382.11652
260.1595
pt
390.41922
257.39172
390.41922
257.39172
390.41922
257.39172
pt
376.58072
262.00473
376.58072
262.00473
376.58072
262.00473
pt
372.2752
264.7724
372.2752
264.7724
372.2752
264.7724
pt
366.1248
269.38538
366.1248
269.38538
366.1248
269.38538
pt
363.35715
263.54224
363.35715
263.54224
363.35715
263.54224
pt
358.7442
254.00885
358.7442
254.00885
358.7442
254.00885
pt
348.90308
255.23915
348.90308
255.23915
348.90308
255.23915
pt
348.28818
266.30997
348.28818
266.30997
348.28818
266.30997
pt
349.82584
276.15106
349.82584
276.15106
349.82584
276.15106
pt
359.05154
285.06934
359.05154
285.06934
359.05154
285.06934
pt
373.81302
290.91223
373.81302
290.91223
373.81302
290.91223
pt
385.49893
296.1404
385.49893
296.1404
385.49893
296.1404
pt
405.79602
302.29083
405.79602
302.29083
405.79602
302.29083
pt
417.7895
302.29083
417.7895
302.29083
417.7895
302.29083
pt
430.39807
300.44553
430.09076
300.44553
430.7056
300.44553
pt
433.47348
292.75772
433.47348
292.75772
433.47348
292.75772
pt
432.55096
286.91434
432.55096
286.91434
432.55096
286.91434
pt
431.3208
285.37674
431.3208
285.37674
431.3208
285.37674
pt
436.2411
286.91434
436.2411
286.91434
436.2411
286.91434
pt
443.92938
293.3724
443.92938
293.3724
443.92938
293.3724
pt
447.0048
301.36844
447.0048
301.36844
447.0048
301.36844
pt
444.85205
313.36197
454.69284
309.364
435.01096
317.3598
pt
405.18063
317.66718
436.92874
322.25323
377.5033
313.66925
pt
366.1248
301.67578
377.1957
305.36603
355.05383
297.98547
pt
343.05997
290.6047
348.90308
296.1404
337.2171
285.06934
pt
329.83652
275.53586
329.83652
275.84338
329.83652
275.22827
pt
327.68378
246.32059
326.7612
249.70335
328.6064
242.93782
pt
338.4472
237.09482
338.4472
238.32498
338.4472
235.86467
pt
348.90308
234.01956
348.90308
234.01956
348.90308
234.01956
pt
353.20853
236.78737
353.20853
236.78737
353.20853
236.78737
pt
364.58716
236.17224
364.58716
236.17224
364.58716
236.17224
pt
355.05383
241.70767
355.05383
241.70767
355.05383
241.70767
pt
356.2837
248.78098
356.2837
248.78098
356.2837
248.78098
pt
351.05585
254.31657
351.05585
254.31657
351.05585
254.31657
pt
347.36545
258.9293
347.36545
258.9293
347.36545
258.9293
pt
336.6021
257.69925
336.90958
257.69925
336.29456
257.69925
pt
331.3741
248.47331
330.75906
252.47128
331.98898
244.47552
pt
340.2925
258.62177
328.91364
257.69925
351.6709
259.54453

running
20.0
4.0
false
pt
558.04865
246.39102
558.04865
246.39102
558.04865
246.39102
pt
538.7056
239.02245
538.7056
239.02245
538.7056
239.02245
pt
506.46716
246.39114
506.46716
246.39114
506.46716
246.39114
pt
488.04584
235.33783
488.04584
235.33783
488.04584
235.33783
pt
487.1245
256.5228
487.1245
256.5228
487.1245
256.5228
pt
543.3107
266.65488
543.3107
266.65488
543.3107
266.65488
pt
522.1263
255.60182
522.1263
255.60182
522.1263
255.60182
pt
558.04865
246.39102
558.04865
246.39102
558.04865
246.39102

running
20.0
4.0
false
pt
416.74152
265.85352
416.74152
265.85352
416.74152
265.85352
pt
436.08426
273.22223
436.08426
273.22223
436.08426
273.22223
pt
468.32227
265.85352
468.32227
265.85352
468.32227
265.85352
pt
486.74393
276.9066
486.74393
276.9066
486.74393
276.9066
pt
487.66495
255.72154
487.66495
255.72154
487.66495
255.72154
pt
431.47885
245.58965
431.47885
245.58965
431.47885
245.58965
pt
452.66376
256.6427
452.66376
256.6427
452.66376
256.6427
pt
416.74152
265.85352
416.74152
265.85352
416.74152
265.85352

running
20.0
4.0
false
pt
784.63104
495.49982
784.63104
495.49982
784.63104
495.49982
pt
759.9596
546.1327
759.9596
546.1327
759.9596
546.1327
pt
764.3405
564.88153
764.3405
564.88153
764.3405
564.88153
pt
777.3629
587.0988
776.9828
586.8795
777.7429
587.3185
pt
794.13257
599.3147
794.13257
599.3147
794.13257
599.3147
pt
805.2109
617.8754
805.2109
617.8754
805.2109
617.8754
pt
826.0122
641.5426
826.0122
641.5426
826.0122
641.5426
pt
867.6085
666.0653
867.6085
666.0653
867.6085
666.0653
pt
884.26434
667.0648
884.26434
667.0648
884.26434
667.0648
pt
894.2109
658.6153
894.2109
658.6153
894.2109
658.6153
pt
898.2676
640.1766
898.2676
640.1766
898.2676
640.1766
pt
894.7482
623.44617
894.5289
623.82605
894.9678
623.06604
pt
887.0753
610.39996
887.0753
610.39996
887.0753
610.39996
pt
875.06024
594.33905
875.06024
594.33905
875.06024
594.33905
pt
863.17816
572.78076
863.17816
572.78076
863.17816
572.78076
pt
855.14075
555.9754
855.14075
555.9754
855.14075
555.9754
pt
859.44354
543.2546
859.44354
543.2546
859.44354
543.2546
pt
860.03674
520.2815
860.03674
520.2815
860.03674
520.2815
pt
834.2455
504.37714
856.41547
501.9714
812.07574
506.78296
pt
822.46844
520.38635
822.1788
512.1092
822.7583
528.6636
pt
817.83954
545.0839
817.83954
545.0839
817.83954
545.0839
pt
825.6581
562.269
825.6581
562.269
825.6581
562.269
pt
854.97876
604.53973
854.97876
604.53973
854.97876
604.53973
pt
875.96094
612.09265
870.28625
614.89874
881.6358
609.287
pt
880.8483
602.75
880.8483
602.75
880.8483
602.75
pt
876.36084
595.59753
876.36084
595.59753
876.36084
595.59753
pt
853.137
602.463
853.137
602.463
853.137
602.463
pt
844.78516
607.27155
844.78516
607.27155
844.78516
607.27155
pt
836.3366
597.32495
836.3366
597.32495
836.3366
597.32495
pt
871.07104
585.4473
871.07104
585.4473
871.07104
585.4473
pt
864.4202
575.01825
864.4202
575.01825
864.4202
575.01825
pt
829.1451
586.07684
829.1451
586.07684
829.1451
586.07684
pt
820.535
575.5307
820.535
575.5307
820.535
575.5307
pt
844.1986
567.90497
844.1986
567.90497
844.1986
567.90497
pt
858.3106
565.4087
858.3106
565.4087
858.3106
565.4087
pt
855.4192
554.61554
855.19965
554.9957
855.63837
554.2356
pt
833.3664
555.0621
833.3664
555.0621
833.3664
555.0621
pt
818.2747
557.49976
818.2747
557.49976
818.2747
557.49976
pt
811.9414
561.4455
811.9414
561.4455
811.9414
561.4455
pt
806.7092
550.3156
806.7092
550.3156
806.7092
550.3156
pt
824.2587
546.2556
824.2587
546.2556
824.2587
546.2556
pt
844.8341
547.49115
844.8341
547.49115
844.8341
547.49115
pt
857.0729
549.99524
857.0729
549.99524
857.0729
549.99524
pt
836.6746
545.8213
836.6746
545.8213
836.6746
545.8213
pt
829.3772
546.16956
829.3772
546.16956
829.3772
546.16956
pt
818.4822
547.48224
818.4822
547.48224
818.4822
547.48224
pt
819.2311
538.2847
819.2311
538.2847
819.2311
538.2847
pt
820.3328
523.2079
820.3328
523.2079
820.3328
523.2079
pt
807.29034
517.7052
807.29034
517.7052
807.29034
517.7052
pt
798.6292
530.9515
798.6292
530.9515
798.6292
530.9515
pt
793.50665
544.2133
793.50665
544.2133
793.50665
544.2133
pt
798.54584
561.82153
798.54584
561.82153
798.54584
561.82153
pt
812.6224
579.57904
812.6224
579.57904
812.6224
579.57904
pt
823.33673
594.38165
823.33673
594.38165
823.33673
594.38165
pt
844.0369
616.4691
844.0369
616.4691
844.0369
616.4691
pt
858.8625
625.02905
858.8625
625.02905
858.8625
625.02905
pt
875.7648
631.7457
875.3848
631.52655
876.14484
631.96533
pt
885.05304
624.43774
885.05304
624.43774
885.05304
624.43774
pt
888.0824
616.55615
888.0824
616.55615
888.0824
616.55615
pt
887.6595
613.77814
887.6595
613.77814
887.6595
613.77814
pt
892.64435
619.1903
892.64435
619.1903
892.64435
619.1903
pt
897.53876
632.66016
897.53876
632.66016
897.53876
632.66016
pt
895.6334
644.7385
895.6334
644.7385
895.6334
644.7385
pt
884.4134
658.0279
899.43085
660.1087
869.3959
655.9462
pt
832.30273
635.0375
868.27356
663.3639
800.9432
610.34314
pt
795.4373
587.3972
806.4889
599.8592
784.3864
574.93463
pt
774.828
557.25146
778.1001
568.264
771.556
546.239
pt
769.2363
529.18726
769.0173
529.56744
769.4563
528.8071
pt
787.4254
491.5376
783.87067
495.0611
790.9798
488.01416
pt
807.3146
487.8152
806.4367
489.33557
808.19226
486.2945
pt
822.4343
491.47583
822.4343
491.47583
822.4343
491.47583
pt
825.78046
497.96976
825.78046
497.96976
825.78046
497.96976
pt
840.2847
505.32983
840.2847
505.32983
840.2847
505.32983
pt
824.5501
505.36853
824.5501
505.36853
824.5501
505.36853
pt
821.02234
514.98975
821.02234
514.98975
821.02234
514.98975
pt
810.6103
518.10144
810.6103
518.10144
810.6103
518.10144
pt
802.7561
521.1695
802.7561
521.1695
802.7561
521.1695
pt
790.3291
511.96783
790.70874
512.1871
789.94867
511.74805
pt
790.4508
496.83215
786.8374
501.33527
794.0643
492.3297
pt
794.2323
515.74194
780.82544
506.48083
807.6389
525.0032

running
20.0
4.0
false
pt
413.97815
416.9116
413.97815
416.9116
413.97815
416.9116
pt
382.66135
380.0682
382.66135
380.0682
382.66135
380.0682
pt
422.268
377.3048
422.268
377.3048
422.268
377.3048
pt
418.58368
319.27655
418.58368
319.27655
418.58368
319.27655
pt
458.1903
341.3826
458.1903
341.3826
458.1903
341.3826
pt
476.61203
309.14444
476.61203
309.14444
476.61203
309.14444
pt
508.85007
346.90912
508.85007
346.90912
508.85007
346.90912
pt
555.8254
322.96088
555.8254
322.96088
555.8254
322.96088
pt
553.9831
370.85724
553.9831
370.85724
553.9831
370.85724
pt
602.80096
369.01508
602.80096
369.01508
602.80096
369.01508
pt
596.353
417.83258
596.353
417.83258
596.353
417.83258
pt
630.43317
451.91272
630.43317
451.91272
630.43317
451.91272
pt
596.353
467.5712
596.353
467.5712
596.353
467.5712
pt
596.353
509.94113
596.353
509.94113
596.353
509.94113
pt
543.8514
497.96698
543.8514
497.96698
543.8514
497.96698
pt
527.27167
532.0472
527.27167
532.0472
527.27167
532.0472
pt
488.5861
497.96698
488.5861
497.96698
488.5861
497.96698
pt
430.55777
509.0201
430.55777
509.0201
430.55777
509.0201
pt
429.63663
465.72894
429.63663
465.72894
429.63663
465.72894
pt
378.97702
449.1495
378.97702
449.1495
378.97702
449.1495
pt
413.97815
416.9116
413.97815
416.9116
413.97815
416.9116

running
20.0
4.0
false
pt
434.22208
400.76138
434.22208
400.76138
434.22208
400.76138
pt
436.98978
440.12515
436.98978
440.12515
436.98978
440.12515
pt
446.21564
449.96603
446.21564
449.96603
446.21564
449.96603
pt
461.89978
458.88434
461.59216
458.88434
462.20703
458.88434
pt
476.3537
460.42194
476.3537
460.42194
476.3537
460.42194
pt
489.57703
467.8027
489.57703
467.8027
489.57703
467.8027
pt
510.4889
474.87576
510.4889
474.87576
510.4889
474.87576
pt
544.31726
475.18338
544.31726
475.18338
544.31726
475.18338
pt
554.7732
469.95526
554.7732
469.95526
554.7732
469.95526
pt
557.8485
461.34448
557.8485
461.34448
557.8485
461.34448
pt
553.85065
448.73587
553.85065
448.73587
553.85065
448.73587
pt
545.8547
439.8175
545.8547
440.12515
545.8547
439.50992
pt
536.6292
434.58957
536.6292
434.58957
536.6292
434.58957
pt
523.71277
429.0541
523.71277
429.0541
523.71277
429.0541
pt
508.95157
420.13586
508.95157
420.13586
508.95157
420.13586
pt
498.18808
412.75497
498.18808
412.75497
498.18808
412.75497
pt
496.34274
403.5293
496.34274
403.5293
496.34274
403.5293
pt
488.65475
389.38293
488.65475
389.38293
488.65475
389.38293
pt
467.43518
388.76782
480.0436
379.54202
454.82645
397.99365
pt
465.8974
402.6067
462.82217
397.6861
468.97287
407.52707
pt
471.74057
419.2132
471.74057
419.2132
471.74057
419.2132
pt
482.5041
426.90143
482.5041
426.90143
482.5041
426.90143
pt
515.102
442.27774
515.102
442.27774
515.102
442.27774
pt
530.4783
439.50992
528.0181
443.20047
532.939
435.81985
pt
530.171
432.12946
530.171
432.12946
530.171
432.12946
pt
524.94293
429.3618
524.94293
429.3618
524.94293
429.3618
pt
513.25684
441.66278
513.25684
441.66278
513.25684
441.66278
pt
509.8741
447.50586
509.8741
447.50586
509.8741
447.50586
pt
501.26328
444.43048
501.26328
444.43048
501.26328
444.43048
pt
518.1774
425.05624
518.1774
425.05624
518.1774
425.05624
pt
510.4889
421.05826
510.4889
421.05826
510.4889
421.05826
pt
492.96005
440.12515
492.96005
440.12515
492.96005
440.12515
pt
484.0417
436.74237
484.0417
436.74237
484.0417
436.74237
pt
495.7278
423.826
495.7278
423.826
495.7278
423.826
pt
503.41592
417.36798
503.41592
417.36798
503.41592
417.36798
pt
497.88043
411.83246
497.88043
412.13995
497.88043
411.52496
pt
484.65677
419.82822
484.65677
419.82822
484.65677
419.82822
pt
476.3537
426.59396
476.3537
426.59396
476.3537
426.59396
pt
473.89343
431.20682
473.89343
431.20682
473.89343
431.20682
pt
466.8201
426.2863
466.8201
426.2863
466.8201
426.2863
pt
476.0458
417.6756
476.0458
417.6756
476.0458
417.6756
pt
488.96222
411.21744
488.96222
411.21744
488.96222
411.21744
pt
497.26523
408.44977
497.26523
408.44977
497.26523
408.44977
pt
483.4267
413.06262
483.4267
413.06262
483.4267
413.06262
pt
479.12115
415.83032
479.12115
415.83032
479.12115
415.83032
pt
472.97073
420.44333
472.97073
420.44333
472.97073
420.44333
pt
470.20297
414.60022
470.20297
414.60022
470.20297
414.60022
pt
465.59003
405.06674
465.59003
405.06674
465.59003
405.06674
pt
455.749
406.29694
455.749
406.29694
455.749
406.29694
pt
455.13403
417.36798
455.13403
417.36798
455.13403
417.36798
pt
456.67166
427.20892
456.67166
427.20892
456.67166
427.20892
pt
465.8974
436.12756
465.8974
436.12756
465.8974
436.12756
pt
480.65897
441.97025
480.65897
441.97025
480.65897
441.97025
pt
492.345
447.19843
492.345
447.19843
492.345
447.19843
pt
512.6418
453.3488
512.6418
453.3488
512.6418
453.3488
pt
524.63544
453.3488
524.63544
453.3488
524.63544
453.3488
pt
537.24396
451.50354
536.9367
451.50354
537.5516
451.50354
pt
540.3194
443.81552
540.3194
443.81552
540.3194
443.81552
pt
539.39667
437.97226
539.39667
437.97226
539.39667
437.97226
pt
538.16693
436.43475
538.16693
436.43475
538.16693
436.43475
pt
543.087
437.97226
543.087
437.97226
543.087
437.97226
pt
550.7752
444.43048
550.7752
444.43048
550.7752
444.43048
pt
553.85065
452.42627
553.85065
452.42627
553.85065
452.42627
pt
551.6979
464.41995
561.53876
460.42194
541.8571
468.41763
pt
512.0267
468.7251
543.7745
473.31122
484.34918
464.7273
pt
472.97073
452.73373
484.0417
456.42404
461.89978
449.04333
pt
449.90607
441.66278
455.749
447.19843
444.06293
436.12756
pt
436.6823
426.59396
436.6823
426.90143
436.6823
426.2863
pt
434.52966
397.37857
433.60703
400.76138
435.45215
393.99582
pt
445.29306
388.15298
445.29306
389.38293
445.29306
386.9226
pt
455.749
385.07745
455.749
385.07745
455.749
385.07745
pt
460.05435
387.84534
460.05435
387.84534
460.05435
387.84534
pt
471.4331
387.23022
471.4331
387.23022
471.4331
387.23022
pt
461.89978
392.76566
461.89978
392.76566
461.89978
392.76566
pt
463.12967
399.83893
463.12967
399.83893
463.12967
399.83893
pt
457.90186
405.37442
457.90186
405.37442
457.90186
405.37442
pt
454.2114
409.9872
454.2114
409.9872
454.2114
409.9872
pt
443.448
408.75723
443.75552
408.75723
443.1403
408.75723
pt
438.22006
399.5313
437.60486
403.5293
438.83493
395.53354
pt
447.13843
409.6798
435.75955
408.75723
458.5169
410.60245

running
20.0
4.0
false
pt
460.0324
403.09528
460.0324
403.09528
460.0324
403.09528
pt
469.24332
386.51575
469.24332
386.51575
469.24332
386.51575
pt
479.37527
374.5416
479.37527
374.5416
479.37527
374.5416
pt
495.95474
371.77835
495.95474
371.77835
495.95474
371.77835
pt
506.08664
380.0682
506.08664
380.0682
506.08664
380.0682
pt
495.95474
380.98907
495.95474
380.98907
495.95474
380.98907
pt
493.1916
389.2788
493.1916
389.2788
493.1916
389.2788
pt
501.48126
378.22595
501.48126
378.22595
501.48126
378.22595
pt
516.2186
380.0682
516.2186
380.0682
516.2186
380.0682
pt
525.42957
381.91028
525.42957
381.91028
525.42957
381.91028
pt
526.35034
393.88443
526.35034
393.88443
526.35034
393.88443
pt
523.58746
398.48978
523.58746
398.48978
523.58746
398.48978
pt
551.2198
410.46387
551.2198
410.46387
551.2198
410.46387
pt
576.0893
428.88565
576.0893
428.88565
576.0893
428.88565
pt
579.7737
443.62302
579.7737
443.62302
579.7737
443.62302
pt
577.9313
457.43933
577.9313
457.43933
577.9313
457.43933
pt
558.5886
459.2814
574.2471
464.80786
542.93005
453.75488
pt
556.7462
449.1495
556.7462
449.1495
556.7462
449.1495
pt
570.56274
451.91272
570.56274
451.91272
570.56274
451.91272
pt
578.85254
439.93866
580.6945
445.4652
577.0102
434.4122
pt
571.4839
422.43808
571.4839
422.43808
571.4839
422.43808
pt
560.43066
415.06934
560.43066
415.06934
560.43066
415.06934
pt
561.35175
424.28012
561.35175
424.28012
561.35175
424.28012
pt
553.9831
431.64886
553.9831
431.64886
553.9831
431.64886
pt
528.19275
423.3591
528.19275
423.3591
528.19275
423.3591
pt
504.2445
407.70056
504.2445
407.70056
504.2445
407.70056

running
20.0
4.0
false
pt
600.9587
182.95586
600.9587
182.95586
600.9587
182.95586
pt
615.69586
191.24562
615.69586
191.24562
615.69586
191.24562
pt
614.77484
163.61307
614.77484
163.61307
614.77484
163.61307
pt
630.43317
169.13959
630.43317
169.13959
630.43317
169.13959
pt
611.09045
133.21724
611.09045
133.21724
611.09045
133.21724
pt
589.9056
155.32327
589.9056
155.32327
589.9056
155.32327
pt
600.03735
159.00763
600.03735
159.00763
600.03735
159.00763
pt
600.03735
182.03473
600.03735
182.03473
600.03735
182.03473

running
20.0
4.0
false
pt
655.6414
118.28332
655.6414
118.28332
655.6414
118.28332
pt
675.3906
119.22375
675.3906
119.22375
675.3906
119.22375
pt
654.7009
119.22375
654.7009
119.22375
654.7009
119.22375
pt
649.9986
109.81928
657.5222
112.64063
642.47516
106.997955
pt
580.40564
107.93841
632.1302
103.23617
528.68115
112.64063
pt
453.44565
132.38997
525.8599
135.21132
381.0313
129.56863
pt
368.8055
115.46198
384.2641
112.37024
364.10336
116.40243
pt
351.8776
108.87887
351.8776
108.87887
351.8776
108.87887
pt
368.8055
117.34288
368.8055
117.34288
368.8055
117.34288
pt
372.56738
125.80686
372.56738
125.80686
372.56738
125.80686
pt
451.5647
143.67534
396.07852
141.79443
507.05087
145.55623
pt
580.40564
117.34288
506.11044
131.44955
654.7009
103.23617
pt
655.6414
120.164185
605.7977
110.75975
705.4848
129.56863

running
20.0
4.0
false
pt
888.3572
70.201836
806.8984
73.82684
969.81635
66.57695
pt
777.08075
54.30086
916.19147
40.67433
637.9705
67.92775
pt
785.5062
77.701126
767.94226
78.29746
812.3407
76.78981
pt
889.28076
70.23425
889.28076
70.23425
889.28076
70.23425
pt
924.64886
63.151146
924.61664
64.07405
924.68146
62.227924
pt
928.8983
100.26893
928.8983
100.26893
928.8983
100.26893
pt
935.3272
392.55014
935.3272
392.55014
935.3272
392.55014
pt
907.3118
400.81393
935.993
399.96753
878.6305
401.6615
pt
835.5031
392.76114
846.23047
404.2651
828.3765
385.11774
pt
852.4738
383.18683
853.0949
418.32956
851.85284
348.0448
pt
852.16003
153.96704
848.5772
181.08502
855.92883
125.44762
pt
849.5935
201.01271
849.5935
201.01271
849.5935
201.01271
pt
895.19995
218.31769
895.19995
218.31769
895.19995
218.31769
pt
896.997
113.94222
896.997
113.94222
896.997
113.94222
pt
882.0
273.0
881.0
216.0
883.0
330.0
pt
901.0
377.0
901.0
377.0
901.0
377.0
pt
896.0
114.0
896.0
114.0
896.0
114.0
pt
899.0
344.0
899.0
345.0
899.0
343.0
pt
910.0
355.0
910.0
355.0
910.0
355.0
pt
906.0
266.0
906.0
266.0
906.0
266.0
pt
918.0
281.0
918.0
281.0
918.0
281.0
pt
924.0
361.0
924.0
361.0
924.0
361.0
pt
923.0
381.0
923.0
381.0
923.0
381.0
pt
924.0
415.0
924.0
415.0
924.0
415.0
pt
915.0
429.0
915.0
429.0
915.0
429.0
pt
898.0
427.0
898.0
427.0
898.0
427.0
pt
890.0
414.0
890.0
414.0
890.0
414.0
pt
895.0
396.0
895.0
396.0
895.0
396.0
pt
904.0
387.0
904.0
387.0
904.0
387.0
pt
908.0
378.0
908.0
378.0
908.0
378.0
pt
914.0
403.0
914.0
403.0
914.0
403.0
pt
913.0
416.0
913.0
416.0
913.0
416.0
pt
903.0
417.0
903.0
417.0
903.0
417.0
pt
900.0
406.0
900.0
406.0
900.0
406.0
pt
905.0
394.0
905.0
394.0
905.0
394.0
pt
914.0
389.0
914.0
389.0
914.0
389.0
pt
906.0
375.0
906.0
375.0
906.0
375.0
pt
908.0
362.0
908.0
362.0
908.0
362.0
pt
915.0
356.0
915.0
356.0
915.0
356.0
pt
924.0
364.0
924.0
364.0
924.0
364.0
pt
928.0
381.0
928.0
381.0
928.0
381.0
pt
953.0
389.0
953.0
389.0
953.0
389.0
pt
969.0
387.0
969.0
387.0
969.0
387.0
pt
979.0
373.0
979.0
373.0
979.0
373.0
pt
974.0
362.0
974.0
362.0
974.0
362.0
pt
958.0
352.0
958.0
352.0
958.0
352.0
pt
942.0
354.0
942.0
354.0
942.0
354.0
pt
936.0
361.0
936.0
361.0
936.0
361.0
pt
926.0
368.0
926.0
368.0
926.0
368.0
pt
939.0
378.0
939.0
378.0
939.0
378.0
pt
954.0
382.0
954.0
382.0
954.0
382.0
pt
966.0
374.0
966.0
374.0
966.0
374.0
pt
964.0
366.0
964.0
366.0
964.0
366.0
pt
950.0
362.0
950.0
362.0
950.0
362.0
pt
941.0
369.0
941.0
369.0
941.0
369.0
pt
931.0
373.0
931.0
373.0
931.0
373.0
pt
938.0
386.0
938.0
386.0
938.0
386.0
pt
929.0
396.0
929.0
396.0
929.0
396.0
pt
908.0
430.0
929.0
432.0
887.0
428.0
pt
888.0
413.0
892.0
422.0
884.0
404.0
pt
892.0
399.0
892.0
399.0
892.0
399.0
pt
857.0
400.0
857.0
400.0
857.0
400.0
pt
839.0
397.0
839.0
397.0
839.0
397.0
pt
775.0
405.0
834.0
406.0
716.0
404.0
pt
724.0
388.0
724.0
388.0
724.0
388.0
pt
716.0
64.0
716.0
64.0
716.0
64.0
pt
760.0
56.0
760.0
56.0
760.0
56.0

running
20.0
4.0
false
pt
893.23083
483.62347
893.23083
483.62347
893.23083
483.62347
pt
860.6035
482.66382
860.6035
482.66382
860.6035
482.66382
pt
860.6035
454.83435
860.6035
454.83435
860.6035
454.83435
pt
845.2492
453.8747
845.2492
453.8747
845.2492
453.8747
pt
875.9576
435.64166
875.9576
435.64166
875.9576
435.64166
pt
911.4641
453.8747
911.4641
453.8747
911.4641
453.8747
pt
894.19055
455.79404
894.19055
455.79404
894.19055
455.79404
pt
893.23083
482.66382
893.23083
482.66382
893.23083
482.66382

running
20.0
4.0
false
pt
814.3833
518.29517
814.3833
518.29517
814.3833
518.29517
pt
837.601
504.375
837.601
504.375
837.601
504.375
pt
858.6706
496.80408
858.6706
496.80408
858.6706
496.80408
pt
881.137
505.22095
881.137
505.22095
881.137
505.22095
pt
887.74524
522.69867
887.74524
522.69867
887.74524
522.69867
pt
874.5637
516.60657
874.5637
516.60657
874.5637
516.60657
pt
865.23193
524.8815
865.23193
524.8815
865.23193
524.8815
pt
883.3668
517.1349
883.3668
517.1349
883.3668
517.1349
pt
900.2694
529.9297
900.2694
529.9297
900.2694
529.9297
pt
910.34033
538.7805
910.34033
538.7805
910.34033
538.7805
pt
902.93335
554.23865
902.93335
554.23865
902.93335
554.23865
pt
896.2311
557.9596
896.2311
557.9596
896.2311
557.9596
pt
921.8425
592.48193
921.8425
592.48193
921.8425
592.48193
pt
939.4367
633.00146
939.4367
633.00146
939.4367
633.00146
pt
933.4732
653.8475
933.4732
653.8475
933.4732
653.8475
pt
921.33575
669.6114
921.33575
669.6114
921.33575
669.6114
pt
896.111
658.0842
911.52277
676.0905
880.6999
640.07794
pt
901.06464
644.24524
901.06464
644.24524
901.06464
644.24524
pt
916.1713
657.5212
916.1713
657.5212
916.1713
657.5212
pt
934.96387
648.63586
933.2971
656.7825
936.6301
640.4901
pt
938.3453
621.74426
938.3453
621.74426
938.3453
621.74426
pt
929.9411
604.74786
929.9411
604.74786
929.9411
604.74786
pt
924.5065
616.7905
924.5065
616.7905
924.5065
616.7905
pt
910.13837
620.64044
910.13837
620.64044
910.13837
620.64044
pt
884.17535
591.988
884.17535
591.988
884.17535
591.988
pt
865.7477
555.54095
865.7477
555.54095
865.7477
555.54095

running
20.0
4.0
false
pt
909.0
244.0
909.0
244.0
909.0
244.0
pt
921.0
255.0
921.0
255.0
921.0
255.0
pt
922.0
178.0
922.0
178.0
922.0
178.0
pt
941.0
192.0
941.0
192.0
941.0
192.0
pt
908.0
116.0
908.0
116.0
908.0
116.0
pt
910.0
244.0
910.0
244.0
910.0
244.0

