running
20.0
4.0
false
pt
444.58023
456.06113
444.58023
456.06113
444.58023
456.06113
pt
443.57443
468.13052
443.57443
468.13052
443.57443
468.13052
pt
562.25476
381.63452
563.2605
484.2227
562.25476
381.63452
pt
575.3298
381.63452
575.3298
381.63452
575.3298
381.63452
pt
554.20874
360.51324
554.20874
360.51324
554.20874
360.51324
pt
540.1281
380.62863
540.1281
380.62863
540.1281
380.62863
pt
549.1797
381.63452
549.1797
381.63452
549.1797
381.63452
pt
443.57443
456.06113
559.2374
465.11298
327.91125
447.00922

running
20.0
4.0
false
pt
428.67667
431.81866
428.67667
431.81866
428.67667
431.81866
pt
482.97644
431.07443
482.97644
431.07443
482.97644
431.07443
pt
472.5627
417.68512
473.15292
417.68512
471.9726
417.68512
pt
455.4546
416.198
455.4546
416.198
455.4546
416.198
pt
455.94272
406.5835
455.94272
406.5835
455.94272
406.5835
pt
462.89294
333.63223
462.89294
333.63223
462.89294
333.63223
pt
461.4053
298.67255
461.4053
298.67255
461.4053
298.67255
pt
465.12433
279.33182
465.12433
279.33182
465.12433
279.33182
pt
458.42984
162.55078
477.5892
192.4399
447.39413
145.33553
pt
468.84348
161.80728
468.84348
161.80728
468.84348
161.80728
pt
475.53802
135.029
475.53802
135.029
475.53802
135.029
pt
442.0656
103.78899
469.5873
97.093994
414.8588
110.40615
pt
430.47952
161.7614
429.71304
155.63115
431.2458
167.8925
pt
415.91418
181.97961
415.91418
181.97961
415.91418
181.97961
pt
419.24982
207.55336
419.24982
207.55336
419.24982
207.55336
pt
403.68314
226.45583
403.68314
226.45583
403.68314
226.45583
pt
404.79514
234.23921
404.79514
234.23921
404.79514
234.23921
pt
416.68472
240.69757
416.68472
240.69757
416.68472
240.69757
pt
432.77847
235.33319
432.77847
235.33319
432.77847
235.33319
pt
434.3112
215.40749
434.3112
215.40749
434.3112
215.40749
pt
435.07748
221.53795
435.07748
221.53795
435.07748
221.53795
pt
445.9353
229.79176
445.9353
229.79176
445.9353
229.79176
pt
441.48782
207.55336
441.48782
207.55336
441.48782
207.55336
pt
444.82352
195.32243
444.82352
195.32243
444.82352
195.32243
pt
441.48782
185.31601
441.48782
185.31601
441.48782
185.31601
pt
451.49493
204.21777
451.49493
204.21777
451.49493
204.21777
pt
443.50772
207.74355
443.50772
207.74355
443.50772
207.74355
pt
445.8069
223.83739
445.8069
223.83739
445.8069
223.83739
pt
441.2086
231.50131
441.2086
231.50131
441.2086
231.50131
pt
435.84402
226.13693
435.84402
226.13693
435.84402
226.13693
pt
426.64746
237.6325
426.64746
237.6325
426.64746
237.6325
pt
419.75027
239.93129
419.75027
239.93129
419.75027
239.93129
pt
417.02603
263.14886
417.02603
263.14886
417.02603
263.14886
pt
420.3616
304.2892
411.9316
282.06442
428.79166
326.5139
pt
427.18887
361.89783
427.18887
361.89783
427.18887
361.89783
pt
427.03323
414.36688
427.03323
414.36688
427.03323
414.36688
pt
428.67667
431.81866
428.67667
431.81866
428.67667
431.81866
pt
459.1737
431.07443
459.1737
431.07443
459.1737
431.07443
pt
470.15292
430.2249
470.15292
430.2249
470.15292
430.2249
pt
477.14044
423.2374
477.14044
423.2374
477.14044
423.2374
pt
463.16547
415.2517
463.16547
415.2517
463.16547
415.2517
pt
454.1817
412.2572
454.1817
412.2572
454.1817
412.2572
pt
458.17453
394.2897
458.17453
394.2897
458.17453
394.2897
pt
475.14395
317.42816
475.14395
317.42816
475.14395
317.42816
pt
464.1637
280.49466
464.1637
280.49466
464.1637
280.49466
pt
466.1602
270.5126
466.1602
270.5126
466.1602
270.5126

running
20.0
4.0
false
pt
398.6509
433.77777
398.6509
433.77777
398.6509
433.77777
pt
609.86554
432.1014
609.86554
432.1014
609.86554
432.1014
pt
609.02716
355.8294
609.02716
355.8294
609.02716
355.8294
pt
535.26984
357.50565
535.26984
357.50565
535.26984
357.50565
pt
535.26984
431.26303
535.26984
431.26303
535.26984
431.26303

running
20.0
4.0
false
pt
463.6897
284.0751
463.6897
284.0751
463.6897
284.0751
pt
522.02435
275.0231
522.02435
275.0231
522.02435
275.0231
pt
534.09326
284.0751
534.09326
284.0751
534.09326
284.0751
pt
547.1685
341.4038
547.1685
341.4038
547.1685
341.4038
pt
573.318
355.48456
573.318
355.48456
573.318
355.48456
pt
526.04736
356.49036
526.04736
356.49036
526.04736
356.49036
pt
525.04144
338.3866
525.04144
338.3866
525.04144
338.3866
pt
513.9781
303.18463
513.9781
303.18463
513.9781
303.18463
pt
461.6782
321.28836
461.6782
321.28836
461.6782
321.28836

running
20.0
4.0
false
pt
699.10974
431.7813
699.10974
431.7813
699.10974
431.7813
pt
910.324
430.10504
910.324
430.10504
910.324
430.10504
pt
909.4857
353.83295
909.4857
353.83295
909.4857
353.83295
pt
835.7285
355.50934
835.7285
355.50934
835.7285
355.50934
pt
835.7285
429.2666
835.7285
429.2666
835.7285
429.2666

running
20.0
4.0
false
pt
800.55774
340.38672
800.55774
340.38672
800.55774
340.38672
pt
856.457
354.36154
856.457
354.36154
856.457
354.36154
pt
849.46936
337.39203
850.05255
337.48438
848.88666
337.29984
pt
833.49835
329.4065
833.49835
329.4065
833.49835
329.4065
pt
834.4966
321.42093
834.4966
321.42093
834.4966
321.42093
pt
852.7685
256.11417
852.7685
256.11417
852.7685
256.11417
pt
856.76794
221.35226
856.76794
221.35226
856.76794
221.35226
pt
863.4671
202.83139
863.4671
202.83139
863.4671
202.83139
pt
875.1234
86.4409
889.37134
118.95918
866.9164
67.71125
pt
885.52515
87.335594
885.52515
87.335594
885.52515
87.335594
pt
896.3263
61.934216
896.3263
61.934216
896.3263
61.934216
pt
868.15295
25.842556
896.38324
23.535357
840.2459
28.122194
pt
847.6406
81.28875
847.8427
75.1141
847.43866
87.46427
pt
830.0918
98.97953
830.0918
98.97953
830.0918
98.97953
pt
829.38574
124.76033
829.38574
124.76033
829.38574
124.76033
pt
811.0538
140.99486
811.0538
140.99486
811.0538
140.99486
pt
810.9343
148.85645
810.9343
148.85645
810.9343
148.85645
pt
821.6673
157.0951
821.6673
157.0951
821.6673
157.0951
pt
838.4021
154.3144
838.4021
154.3144
838.4021
154.3144
pt
843.033
134.87373
843.033
134.87373
843.033
134.87373
pt
842.83093
141.04872
842.83093
141.04872
842.83093
141.04872
pt
852.264
150.8995
852.264
150.8995
852.264
150.8995
pt
851.3503
128.23915
851.3503
128.23915
851.3503
128.23915
pt
856.5581
116.68051
856.5581
116.68051
856.5581
116.68051
pt
854.8287
106.27543
854.8287
106.27543
854.8287
106.27543
pt
861.75574
126.50994
861.75574
126.50994
861.75574
126.50994
pt
853.315
128.74284
853.315
128.74284
853.315
128.74284
pt
853.0684
144.99825
853.0684
144.99825
853.0684
144.99825
pt
847.32794
151.84853
847.32794
151.84853
847.32794
151.84853
pt
842.8688
145.71101
842.8688
145.71101
842.8688
145.71101
pt
831.987
155.62637
831.987
155.62637
831.987
155.62637
pt
824.81525
156.81787
824.81525
156.81787
824.81525
156.81787
pt
818.4921
179.32346
818.4921
179.32346
818.4921
179.32346
pt
815.3512
220.47899
810.50165
197.20914
820.2006
243.74895
pt
813.0822
278.44638
813.0822
278.44638
813.0822
278.44638
pt
809.5416
319.42447
809.5416
319.42447
809.5416
319.42447
pt
799.5595
338.39035
799.5595
338.39035
799.5595
338.39035
pt
836.49274
355.35977
836.49274
355.35977
836.49274
355.35977
pt
850.46765
354.36154
850.46765
354.36154
850.46765
354.36154
pt
824.5144
348.37244
824.5144
348.37244
824.5144
348.37244

running
20.0
4.0
false
pt
845.47675
282.491
845.47675
282.491
845.47675
282.491
pt
843.4801
316.42993
843.4801
316.42993
843.4801
316.42993
pt
840.4856
333.39938
840.4856
333.39938
840.4856
333.39938
pt
859.4515
343.38135
859.4515
343.38135
859.4515
343.38135
pt
869.4337
352.36523
869.4337
352.36523
869.4337
352.36523
pt
894.3886
353.36337
894.3886
353.36337
894.3886
353.36337
pt
875.4227
336.39392
875.4227
336.39392
875.4227
336.39392
pt
867.4371
313.43524
867.4371
313.43524
867.4371
313.43524
pt
867.4371
273.50717
867.4371
273.50717
867.4371
273.50717
pt
864.44257
207.62585
864.44257
207.62585
864.44257
207.62585

running
20.0
4.0
false
pt
783.58844
420.2428
783.58844
420.2428
783.58844
420.2428
pt
808.54315
420.2428
808.54315
420.2428
808.54315
420.2428
pt
812.53613
378.3183
812.53613
378.3183
812.53613
378.3183
pt
823.5164
378.3183
823.5164
378.3183
823.5164
378.3183
pt
808.54315
353.36337
808.54315
353.36337
808.54315
353.36337
pt
779.5954
376.322
779.5954
376.322
779.5954
376.322
pt
793.5702
377.32022
793.5702
377.32022
793.5702
377.32022
pt
784.5864
418.24637
784.5864
418.24637
784.5864
418.24637

running
20.0
4.0
false
pt
783.58844
420.2428
783.58844
420.2428
783.58844
420.2428
pt
808.54315
420.2428
808.54315
420.2428
808.54315
420.2428
pt
812.53613
378.3183
812.53613
378.3183
812.53613
378.3183
pt
823.5164
378.3183
823.5164
378.3183
823.5164
378.3183
pt
808.54315
353.36337
808.54315
353.36337
808.54315
353.36337
pt
779.5954
376.322
779.5954
376.322
779.5954
376.322
pt
793.5702
377.32022
793.5702
377.32022
793.5702
377.32022
pt
784.5864
418.24637
784.5864
418.24637
784.5864
418.24637

running
20.0
4.0
false
pt
444.58023
456.06113
444.58023
456.06113
444.58023
456.06113
pt
443.57443
468.13052
443.57443
468.13052
443.57443
468.13052
pt
562.25476
381.63452
563.2605
484.2227
562.25476
381.63452
pt
575.3298
381.63452
575.3298
381.63452
575.3298
381.63452
pt
554.20874
360.51324
554.20874
360.51324
554.20874
360.51324
pt
540.1281
380.62863
540.1281
380.62863
540.1281
380.62863
pt
549.1797
381.63452
549.1797
381.63452
549.1797
381.63452
pt
443.57443
456.06113
559.2374
465.11298
327.91125
447.00922

running
20.0
4.0
false
pt
100.18871
433.77777
100.18871
433.77777
100.18871
433.77777
pt
311.40298
432.1014
311.40298
432.1014
311.40298
432.1014
pt
310.5649
355.8294
310.5649
355.8294
310.5649
355.8294
pt
236.80751
357.50565
236.80751
357.50565
236.80751
357.50565
pt
236.80751
431.26303
236.80751
431.26303
236.80751
431.26303

running
20.0
4.0
false
pt
139.19833
432.817
139.19833
432.817
139.19833
432.817
pt
193.49797
432.0725
193.49797
432.0725
193.49797
432.0725
pt
183.08429
418.68344
183.67448
418.68344
182.49414
418.68344
pt
165.97618
417.19623
165.97618
417.19623
165.97618
417.19623
pt
166.46423
407.58167
166.46423
407.58167
166.46423
407.58167
pt
173.41454
334.6303
173.41454
334.6303
173.41454
334.6303
pt
171.92683
299.67078
171.92683
299.67078
171.92683
299.67078
pt
175.64583
280.32993
175.64583
280.32993
175.64583
280.32993
pt
168.95148
163.54904
188.11078
193.43806
157.91571
146.3338
pt
179.36511
162.80553
179.36511
162.80553
179.36511
162.80553
pt
186.0596
136.0272
186.0596
136.0272
186.0596
136.0272
pt
152.58716
104.7872
180.10886
98.09219
125.38033
111.404335
pt
141.001
162.75955
140.23457
156.62935
141.76735
168.89067
pt
126.43565
182.97783
126.43565
182.97783
126.43565
182.97783
pt
129.77142
208.55159
129.77142
208.55159
129.77142
208.55159
pt
114.20475
227.45406
114.20475
227.45406
114.20475
227.45406
pt
115.31666
235.23743
115.31666
235.23743
115.31666
235.23743
pt
127.2063
241.69572
127.2063
241.69572
127.2063
241.69572
pt
143.30006
236.33139
143.30006
236.33139
143.30006
236.33139
pt
144.8328
216.40558
144.8328
216.40558
144.8328
216.40558
pt
145.59904
222.5362
145.59904
222.5362
145.59904
222.5362
pt
156.45686
230.79001
156.45686
230.79001
156.45686
230.79001
pt
152.00946
208.55159
152.00946
208.55159
152.00946
208.55159
pt
155.34512
196.32063
155.34512
196.32063
155.34512
196.32063
pt
152.00946
186.31415
152.00946
186.31415
152.00946
186.31415
pt
162.01648
205.21597
162.01648
205.21597
162.01648
205.21597
pt
154.02908
208.74173
154.02908
208.74173
154.02908
208.74173
pt
156.32835
224.83554
156.32835
224.83554
156.32835
224.83554
pt
151.73009
232.49951
151.73009
232.49951
151.73009
232.49951
pt
146.36557
227.13513
146.36557
227.13513
146.36557
227.13513
pt
137.16907
238.6307
137.16907
238.6307
137.16907
238.6307
pt
130.27177
240.92949
130.27177
240.92949
130.27177
240.92949
pt
127.547585
264.14706
127.547585
264.14706
127.547585
264.14706
pt
130.88324
305.28732
122.45313
283.06268
139.31319
327.5121
pt
137.71054
362.89594
137.71054
362.89594
137.71054
362.89594
pt
137.55476
415.36514
137.55476
415.36514
137.55476
415.36514
pt
139.19833
432.817
139.19833
432.817
139.19833
432.817
pt
169.69527
432.0725
169.69527
432.0725
169.69527
432.0725

running
20.0
4.0
false
pt
675.5757
745.5997
675.5757
745.5997
675.5757
745.5997
pt
702.2081
746.4317
702.2081
746.4317
702.2081
746.4317
pt
705.53723
718.9672
705.53723
718.9672
705.53723
718.9672
pt
703.0404
698.1604
703.0404
698.1604
703.0404
698.1604
pt
704.7049
666.5344
704.7049
666.5344
704.7049
666.5344
pt
705.53723
654.8826
705.53723
654.8826
705.53723
654.8826
pt
706.3695
688.1733
706.3695
688.1733
706.3695
688.1733
pt
705.53723
708.98016
705.53723
708.98016
705.53723
708.98016
pt
703.0404
740.606
703.0404
740.606
703.0404
740.606
pt
705.53723
748.09644
705.53723
748.09644
705.53723
748.09644
pt
729.6728
748.9285
729.6728
748.9285
729.6728
748.9285
pt
733.00195
727.28973
733.00195
727.28973
733.00195
727.28973
pt
733.00195
706.4834
733.00195
706.4834
733.00195
706.4834
pt
733.83417
687.3413
733.83417
687.3413
733.83417
687.3413
pt
735.4986
663.20544
735.4986
663.20544
735.4986
663.20544
pt
738.82776
649.88904
738.82776
649.88904
738.82776
649.88904
pt
737.1632
629.08246
737.1632
629.08246
737.1632
629.08246
pt
737.9955
611.6049
737.9955
611.6049
737.9955
611.6049
pt
741.3246
586.6372
741.3246
586.6372
741.3246
586.6372
pt
740.49225
577.48236
740.49225
577.48236
740.49225
577.48236
pt
776.27966
573.3209
776.27966
573.3209
776.27966
573.3209
pt
797.0862
573.3209
797.0862
573.3209
797.0862
573.3209
pt
823.7187
573.3209
823.7187
573.3209
823.7187
573.3209
pt
840.3639
569.99194
840.3639
569.99194
840.3639
569.99194
pt
853.6802
565.83057
853.6802
565.83057
853.6802
565.83057
pt
843.693
561.6693
843.693
561.6693
843.693
561.6693
pt
824.55084
563.33386
824.55084
563.33386
824.55084
563.33386
pt
801.24756
560.0045
801.24756
560.0045
801.24756
560.0045
pt
765.4602
557.508
765.4602
557.508
765.4602
557.508
pt
728.8407
545.85645
728.8407
545.85645
728.8407
545.85645
pt
723.84705
540.8628
723.84705
540.8628
723.84705
540.8628
pt
728.8407
530.87537
728.8407
530.87537
728.8407
530.87537
pt
727.17615
505.0752
734.66644
515.0626
719.6856
495.08813
pt
699.71136
499.24945
713.02765
487.59778
686.3952
510.90112
pt
693.0532
530.87537
692.22095
526.71405
693.8855
535.03674
pt
698.8791
540.8628
698.8791
540.8628
698.8791
540.8628
pt
693.8855
545.02386
693.8855
545.02386
693.8855
545.02386
pt
654.76917
555.0113
654.76917
555.0113
654.76917
555.0113
pt
595.6784
558.34
595.6784
558.34
595.6784
558.34
pt
569.04596
557.508
569.04596
557.508
569.04596
557.508
pt
564.05237
562.50146
564.05237
562.50146
564.05237
562.50146
pt
577.3686
567.495
577.3686
567.495
577.3686
567.495
pt
607.3301
569.1596
607.3301
569.1596
607.3301
569.1596
pt
635.6271
574.15314
635.6271
574.15314
635.6271
574.15314
pt
662.25946
570.82446
662.25946
570.82446
662.25946
570.82446
pt
677.24023
574.9856
677.24023
574.9856
677.24023
574.9856
pt
676.408
619.0952
676.408
619.0952
676.408
619.0952
pt
673.079
639.902
673.079
639.0699
673.079
640.73456
pt
673.9112
659.8762
673.9112
659.8762
673.9112
659.8762
pt
675.5757
692.33466
675.5757
692.33466
675.5757
692.33466
pt
675.5757
723.1282
675.5757
723.1282
675.5757
723.1282
pt
680.56934
747.26434
668.9176
748.09644
692.22095
746.4317

running
20.0
4.0
false
pt
262.57568
807.5997
262.57568
807.5997
262.57568
807.5997
pt
289.20813
808.4317
289.20813
808.4317
289.20813
808.4317
pt
292.53723
780.9672
292.53723
780.9672
292.53723
780.9672
pt
290.0404
760.1604
290.0404
760.1604
290.0404
760.1604
pt
291.7049
728.5344
291.7049
728.5344
291.7049
728.5344
pt
292.53723
716.8826
292.53723
716.8826
292.53723
716.8826
pt
293.3695
750.1733
293.3695
750.1733
293.3695
750.1733
pt
292.53723
770.98016
292.53723
770.98016
292.53723
770.98016
pt
290.0404
802.606
290.0404
802.606
290.0404
802.606
pt
292.53723
810.09644
292.53723
810.09644
292.53723
810.09644
pt
316.6728
810.9285
316.6728
810.9285
316.6728
810.9285
pt
320.00195
789.28973
320.00195
789.28973
320.00195
789.28973
pt
320.00195
768.4834
320.00195
768.4834
320.00195
768.4834
pt
320.83417
749.3413
320.83417
749.3413
320.83417
749.3413
pt
322.4986
725.20544
322.4986
725.20544
322.4986
725.20544
pt
325.82776
711.88904
325.82776
711.88904
325.82776
711.88904
pt
324.1632
691.08246
324.1632
691.08246
324.1632
691.08246
pt
324.99548
673.6049
324.99548
673.6049
324.99548
673.6049
pt
328.3246
648.6372
328.3246
648.6372
328.3246
648.6372
pt
327.49225
639.48236
327.49225
639.48236
327.49225
639.48236
pt
363.27966
635.3209
363.27966
635.3209
363.27966
635.3209
pt
384.08618
635.3209
384.08618
635.3209
384.08618
635.3209
pt
410.7187
635.3209
410.7187
635.3209
410.7187
635.3209
pt
427.3639
631.99194
427.3639
631.99194
427.3639
631.99194
pt
440.68018
627.83057
440.68018
627.83057
440.68018
627.83057
pt
430.693
623.6693
430.693
623.6693
430.693
623.6693
pt
411.55084
625.33386
411.55084
625.33386
411.55084
625.33386
pt
388.24756
622.0045
388.24756
622.0045
388.24756
622.0045
pt
352.4602
619.508
352.4602
619.508
352.4602
619.508
pt
315.8407
607.85645
315.8407
607.85645
315.8407
607.85645
pt
310.84705
602.8628
310.84705
602.8628
310.84705
602.8628
pt
315.8407
592.87537
315.8407
592.87537
315.8407
592.87537
pt
314.17615
567.0752
321.66644
577.0626
306.6856
557.08813
pt
286.71136
561.24945
300.02765
549.5978
273.3952
572.9011
pt
280.05322
592.87537
279.22095
588.71405
280.8855
597.03674
pt
285.8791
602.8628
285.8791
602.8628
285.8791
602.8628
pt
280.8855
607.02386
280.8855
607.02386
280.8855
607.02386
pt
241.76917
617.0113
241.76917
617.0113
241.76917
617.0113
pt
182.6784
620.34
182.6784
620.34
182.6784
620.34
pt
156.04596
619.508
156.04596
619.508
156.04596
619.508
pt
151.05237
624.50146
151.05237
624.50146
151.05237
624.50146
pt
164.36859
629.495
164.36859
629.495
164.36859
629.495
pt
194.33008
631.1596
194.33008
631.1596
194.33008
631.1596
pt
222.62708
636.15314
222.62708
636.15314
222.62708
636.15314
pt
249.25946
632.82446
249.25946
632.82446
249.25946
632.82446
pt
264.24023
636.9856
264.24023
636.9856
264.24023
636.9856
pt
263.40802
681.0952
263.40802
681.0952
263.40802
681.0952
pt
260.07898
701.902
260.07898
701.0699
260.07898
702.73456
pt
260.9112
721.8762
260.9112
721.8762
260.9112
721.8762
pt
262.57568
754.33466
262.57568
754.33466
262.57568
754.33466
pt
262.57568
785.1282
262.57568
785.1282
262.57568
785.1282
pt
267.56934
809.26434
255.9176
810.09644
279.22095
808.4317

running
20.0
4.0
false
pt
181.18872
810.7778
181.18872
810.7778
181.18872
810.7778
pt
392.40298
809.10144
392.40298
809.10144
392.40298
809.10144
pt
233.0
811.0
233.0
811.0
233.0
811.0
pt
234.0
747.0
234.0
747.0
234.0
747.0
pt
264.0
746.0
264.0
746.0
264.0
746.0
pt
265.0
765.0
265.0
765.0
265.0
765.0
pt
264.0
790.0
264.0
790.0
264.0
790.0
pt
265.0
811.0
265.0
811.0
265.0
811.0
pt
346.0
809.0
346.0
809.0
346.0
809.0
pt
347.0
748.0
347.0
748.0
347.0
748.0
pt
324.0
747.0
324.0
747.0
324.0
747.0

running
20.0
4.0
false
pt
592.1887
813.7778
592.1887
813.7778
592.1887
813.7778
pt
803.40295
812.10144
803.40295
812.10144
803.40295
812.10144
pt
644.0
814.0
644.0
814.0
644.0
814.0
pt
645.0
750.0
645.0
750.0
645.0
750.0
pt
759.0
748.0
759.0
748.0
759.0
748.0
pt
759.0
810.0
759.0
810.0
759.0
810.0

running
20.0
4.0
false
pt
694.0
805.0
694.0
805.0
694.0
805.0
pt
713.0
804.0
713.0
804.0
713.0
804.0
pt
713.0
778.0
713.0
778.0
713.0
778.0
pt
723.0
777.0
723.0
777.0
723.0
777.0
pt
702.0
755.0
702.0
755.0
702.0
755.0
pt
682.0
776.0
682.0
776.0
682.0
776.0
pt
692.0
776.0
692.0
776.0
692.0
776.0
pt
693.0
804.0
693.0
804.0
693.0
804.0

running
20.0
4.0
false
pt
694.0
805.0
694.0
805.0
694.0
805.0
pt
713.0
804.0
713.0
804.0
713.0
804.0
pt
713.0
778.0
713.0
778.0
713.0
778.0
pt
723.0
777.0
723.0
777.0
723.0
777.0
pt
702.0
755.0
702.0
755.0
702.0
755.0
pt
682.0
776.0
682.0
776.0
682.0
776.0
pt
692.0
776.0
692.0
776.0
692.0
776.0
pt
693.0
804.0
693.0
804.0
693.0
804.0

