running
20.0
4.0
false
pt
542.90076
314.05408
542.90076
314.05408
542.90076
314.05408
pt
708.984
334.45007
708.984
334.45007
708.984
334.45007
pt
711.4816
489.71027
711.4816
489.71027
711.4816
489.71027
pt
510.43365
463.07083
510.43365
463.07083
510.43365
463.07083
pt
327.2871
495.119
327.2871
495.119
327.2871
495.119
pt
327.90384
339.05292
327.90384
339.05292
327.90384
339.05292
pt
519.1312
311.911
519.1312
311.911
519.1312
311.911
pt
540.72125
313.7619
540.72125
313.7619
540.72125
313.7619
pt
545.0391
322.39755
545.0391
322.39755
545.0391
322.39755
pt
695.54456
340.13464
695.54456
340.13464
695.54456
340.13464
pt
701.7222
338.43607
701.7222
338.43607
701.7222
338.43607
pt
686.30115
340.2869
686.30115
340.2869
686.30115
340.2869
pt
534.55304
323.01447
534.55304
323.01447
534.55304
323.01447
pt
512.9625
324.24814
512.9625
324.24814
512.9625
324.24814
pt
348.26038
347.68924
348.26038
347.68924
348.26038
347.68924
pt
336.5399
347.07245
336.5399
347.07245
336.5399
347.07245
pt
361.2145
345.22165
361.2145
345.22165
361.2145
345.22165
pt
515.43024
323.63162
515.43024
323.63162
515.43024
323.63162
pt
526.4958
401.23657
526.4958
401.23657
526.4958
401.23657
pt
533.6245
322.8224
533.6245
322.8224
533.6245
322.8224
pt
705.7285
343.1897
705.7285
343.1897
705.7285
343.1897
pt
682.3059
418.54895
682.3059
418.54895
682.3059
418.54895
pt
532.6061
399.19995
532.6061
399.19995
532.6061
399.19995
pt
527.51416
408.36517
527.51416
408.36517
527.51416
408.36517
pt
515.29376
402.25513
515.29376
402.25513
515.29376
402.25513
pt
362.53876
424.65912
362.53876
424.65912
362.53876
424.65912
pt
326.8959
466.41208
326.8959
466.41208
326.8959
466.41208
pt
335.04272
472.52234
335.04272
472.52234
335.04272
472.52234
pt
327.91434
478.6327
327.91434
478.6327
327.91434
478.6327
pt
337.07944
481.68768
337.07944
481.68768
337.07944
481.68768
pt
327.91434
487.79794
327.91434
487.79794
327.91434
487.79794
pt
340.13464
489.83466
340.13464
489.83466
340.13464
489.83466
pt
326.8959
492.8897
326.8959
492.8897
326.8959
492.8897
pt
326.8959
464.3755
326.8959
464.3755
326.8959
464.3755
pt
516.3122
434.84283
516.3122
434.84283
516.3122
434.84283
pt
527.51416
433.8244
527.51416
433.8244
527.51416
433.8244
pt
529.5509
424.65912
529.5509
424.65912
529.5509
424.65912
pt
531.58777
437.89798
531.58777
437.89798
531.58777
437.89798
pt
711.83844
460.302
711.83844
460.302
711.83844
460.302
pt
703.6917
467.43063
703.6917
467.43063
703.6917
467.43063
pt
710.8203
471.50397
710.8203
471.50397
710.8203
471.50397
pt
702.6732
476.59598
702.6732
476.59598
702.6732
476.59598
pt
710.8203
481.68768
710.8203
481.68768
710.8203
481.68768
pt
702.6732
484.7427
702.6732
484.7427
702.6732
484.7427
pt
710.8203
490.85297
710.8203
490.85297
710.8203
490.85297
pt
709.8019
459.2837
709.8019
459.2837
709.8019
459.2837
pt
684.34296
457.24695
684.34296
457.24695
684.34296
457.24695
pt
680.2693
341.15295
680.2693
341.15295
680.2693
341.15295
pt
525.4775
320.78568
525.4775
320.78568
525.4775
320.78568
pt
361.5204
346.24484
361.5204
346.24484
361.5204
346.24484
pt
363.5571
456.2285
363.5571
456.2285
363.5571
456.2285

satin
20.0
13.0
false
false
pt
528.3512
577.58704
528.3512
577.58704
528.3512
577.58704
pt
538.7162
576.3959
538.7162
576.3959
538.7162
576.3959
pt
531.6806
744.0522
531.6806
744.0522
531.6806
744.0522
pt
541.6683
745.7167
541.6683
745.7167
541.6683
745.7167

satin
20.0
13.0
false
false
pt
970.50385
576.3959
970.50385
576.3959
970.50385
576.3959
pt
984.22894
579.10956
984.22894
579.10956
984.22894
579.10956
pt
968.4672
746.463
968.4672
746.463
968.4672
746.463
pt
979.2356
745.57513
979.2356
745.57513
979.2356
745.57513
pt
889.03467
697.5814
889.03467
697.5814
889.03467
697.5814

running
20.0
19.0
false
pt
614.2484
827.6182
614.2484
827.6182
614.2484
827.6182
pt
897.4942
832.6166
897.4942
832.6166
897.4942
832.6166

satin
20.0
12.0
false
false
pt
897.4942
677.66406
897.4942
677.66406
897.4942
677.66406
pt
884.1652
677.66406
884.1652
677.66406
884.1652
677.66406
pt
899.1602
830.9504
899.1602
830.9504
899.1602
830.9504
pt
884.1652
830.9504
884.1652
830.9504
884.1652
830.9504

satin
20.0
12.0
false
false
pt
630.9103
675.9986
630.9103
675.9986
630.9103
675.9986
pt
617.58124
675.9986
617.58124
675.9986
617.58124
675.9986
pt
632.5764
829.28436
632.5764
829.28436
632.5764
829.28436
pt
617.58124
829.28436
617.58124
829.28436
617.58124
829.28436

running
20.0
4.0
false
pt
347.1163
61.789795
347.1163
61.789795
347.1163
61.789795
pt
325.73044
64.844894
325.73044
64.844894
325.73044
64.844894
pt
510.05502
38.36734
510.05502
38.36734
510.05502
38.36734
pt
527.36725
39.38572
527.36725
39.38572
527.36725
39.38572
pt
695.39777
57.716305
695.39777
57.716305
695.39777
57.716305
pt
655.6816
53.64287
655.6816
53.64287
655.6816
53.64287

running
20.0
4.0
false
pt
322.67548
145.29591
322.67548
145.29591
322.67548
145.29591
pt
511.07336
115.763245
511.07336
115.763245
511.07336
115.763245
pt
521.2571
122.891846
521.2571
122.891846
521.2571
122.891846
pt
527.36725
111.68978
527.36725
111.68978
527.36725
111.68978
pt
701.50824
136.13058
701.50824
136.13058
701.50824
136.13058
pt
680.1224
133.0755
680.1224
133.0755
680.1224
133.0755

running
20.0
4.0
false
pt
681.1408
202.32446
681.1408
202.32446
681.1408
202.32446
pt
704.5632
208.43468
704.5632
208.43468
704.5632
208.43468
pt
524.3122
180.93874
524.3122
180.93874
524.3122
180.93874
pt
501.90808
182.97548
501.90808
182.97548
501.90808
182.97548
pt
487.65094
180.93874
487.65094
180.93874
487.65094
180.93874
pt
319.62036
212.50812
319.62036
212.50812
319.62036
212.50812

satin
20.0
12.0
false
false
pt
322.67548
63.826538
322.67548
63.826538
322.67548
63.826538
pt
331.8408
62.80817
331.8408
62.80817
331.8408
62.80817
pt
316.5652
212.50812
316.5652
212.50812
316.5652
212.50812
pt
327.7673
211.4898
327.7673
211.4898
327.7673
211.4898

satin
20.0
12.0
false
false
pt
696.1022
57.762325
696.1022
57.762325
696.1022
57.762325
pt
705.24854
56.58415
705.24854
56.58415
705.24854
56.58415
pt
692.5882
206.52791
692.5882
206.52791
692.5882
206.52791
pt
703.77045
205.31416
703.77045
205.31416
703.77045
205.31416

running
20.0
4.0
false
pt
529.5509
576.3959
529.5509
576.3959
529.5509
576.3959
pt
971.52246
575.3773
971.52246
575.3773
971.52246
575.3773
pt
617.1304
575.3773
617.1304
575.3773
617.1304
575.3773
pt
620.1858
675.1775
620.1858
675.1775
620.1858
675.1775
pt
891.0711
678.2326
891.0711
678.2326
891.0711
678.2326
pt
890.05304
575.3773
890.05304
575.3773
890.05304
575.3773
pt
889.03467
674.1589
889.03467
674.1589
889.03467
674.1589

running
20.0
4.0
false
pt
534.6429
744.42633
534.6429
744.42633
534.6429
744.42633
pt
617.1304
742.3895
617.1304
743.4081
617.1304
741.3715
pt
531.58777
744.42633
531.58777
744.42633
531.58777
744.42633
pt
575.3773
743.4081
575.3773
743.4081
575.3773
743.4081

running
20.0
4.0
false
pt
928.751
749.51825
928.751
749.51825
928.751
749.51825
pt
893.10803
748.5
893.10803
748.5
893.10803
748.5
pt
970.50385
748.5
970.50385
748.5
970.50385
748.5
pt
910.4203
749.51825
910.4203
749.51825
910.4203
749.51825

satin
20.0
13.0
false
false
pt
330.28638
647.5652
330.28638
647.5652
330.28638
647.5652
pt
338.5953
646.61035
338.5953
646.61035
338.5953
646.61035
pt
332.95535
781.00867
332.95535
781.00867
332.95535
781.00867
pt
340.9618
782.343
340.9618
782.343
340.9618
782.343

running
20.0
14.0
true
pt
282.0
759.0
282.0
759.0
282.0
759.0
pt
341.0
779.0
341.0
779.0
341.0
779.0

running
20.0
14.0
false
pt
111.0
658.0
111.0
658.0
111.0
658.0
pt
121.0
662.0
121.0
662.0
121.0
662.0
pt
104.0
655.0
104.0
655.0
104.0
655.0

satin
20.0
13.0
true
false
pt
57.286377
527.5652
57.286377
527.5652
57.286377
527.5652
pt
65.59531
526.61035
65.59531
526.61035
65.59531
526.61035
pt
59.955353
661.00867
59.955353
661.00867
59.955353
661.00867
pt
67.96179
662.343
67.96179
662.343
67.96179
662.343

running
20.0
4.0
false
pt
58.0
526.0
58.0
526.0
58.0
526.0
pt
331.0
646.0
331.0
646.0
331.0
646.0
pt
301.0
633.0
301.0
633.0
301.0
633.0

satin
20.0
14.0
false
false
pt
324.0
640.0
324.0
640.0
324.0
640.0
pt
315.0
640.0
315.0
640.0
315.0
640.0
pt
325.0
579.0
325.0
579.0
325.0
579.0
pt
313.0
578.0
313.0
578.0
313.0
578.0

running
20.0
14.0
false
pt
315.0
576.0
315.0
576.0
315.0
576.0
pt
175.0
517.0
175.0
517.0
175.0
517.0

running
20.0
14.0
false
pt
266.0
529.0
266.0
529.0
266.0
529.0
pt
297.0
540.0
297.0
540.0
297.0
540.0
pt
267.0
543.0
267.0
543.0
267.0
543.0
pt
266.0
529.0
266.0
529.0
266.0
529.0

satin
20.0
14.0
true
false
pt
180.0
580.0
180.0
580.0
180.0
580.0
pt
171.0
580.0
171.0
580.0
171.0
580.0
pt
181.0
519.0
181.0
519.0
181.0
519.0
pt
169.0
518.0
169.0
518.0
169.0
518.0

satin
20.0
14.0
false
false
pt
176.0
575.0
176.0
575.0
176.0
575.0
pt
182.0
580.0
182.0
580.0
182.0
580.0
pt
181.0
524.0
181.0
524.0
181.0
524.0
pt
218.0
597.0
218.0
597.0
218.0
597.0
pt
271.0
561.0
271.0
561.0
271.0
561.0
pt
310.0
637.0
310.0
637.0
310.0
637.0
pt
300.0
572.0
300.0
572.0
300.0
572.0
pt
309.0
580.0
309.0
580.0
309.0
580.0

satin
20.0
13.0
false
false
pt
83.28638
648.5652
83.28638
648.5652
83.28638
648.5652
pt
91.59531
647.61035
91.59531
647.61035
91.59531
647.61035
pt
85.95535
782.00867
85.95535
782.00867
85.95535
782.00867
pt
93.96179
783.343
93.96179
783.343
93.96179
783.343

running
20.0
14.0
false
pt
90.0
784.0
90.0
784.0
90.0
784.0
pt
276.0
859.0
276.0
859.0
276.0
859.0

satin
20.0
13.0
true
false
pt
266.28638
724.5652
266.28638
724.5652
266.28638
724.5652
pt
274.5953
723.61035
274.5953
723.61035
274.5953
723.61035
pt
268.95535
858.00867
268.95535
858.00867
268.95535
858.00867
pt
276.9618
859.343
276.9618
859.343
276.9618
859.343

running
20.0
14.0
false
pt
266.0
724.0
266.0
724.0
266.0
724.0
pt
85.0
646.0
85.0
646.0
85.0
646.0

running
20.0
14.0
false
pt
167.0
663.0
167.0
663.0
167.0
663.0
pt
193.0
661.0
193.0
661.0
193.0
661.0
pt
205.0
680.0
205.0
680.0
205.0
680.0
pt
166.0
662.0
166.0
662.0
166.0
662.0

running
20.0
14.0
false
pt
166.0
663.0
166.0
663.0
166.0
663.0
pt
192.0
661.0
192.0
661.0
192.0
661.0
pt
204.0
680.0
204.0
680.0
204.0
680.0
pt
165.0
662.0
165.0
662.0
165.0
662.0

running
20.0
13.0
false
pt
390.68253
719.437
390.68253
719.437
390.68253
719.437
pt
390.6358
660.7018
390.6358
660.7018
390.6358
660.7018
pt
435.71646
661.22705
435.71646
661.22705
435.71646
661.22705
pt
437.42267
642.4084
437.42267
642.4084
437.42267
642.4084
pt
477.64142
692.058
477.64142
692.058
477.64142
692.058
pt
440.15942
744.2389
440.15942
744.2389
440.15942
744.2389
pt
438.83264
722.16736
438.83264
722.16736
438.83264
722.16736
pt
390.57245
722.5797
390.57245
722.5797
390.57245
722.5797
pt
389.6848
687.93787
389.6848
687.93787
389.6848
687.93787

running
20.0
14.0
false
pt
266.0
529.0
266.0
529.0
266.0
529.0
pt
297.0
540.0
297.0
540.0
297.0
540.0
pt
267.0
543.0
267.0
543.0
267.0
543.0
pt
266.0
529.0
266.0
529.0
266.0
529.0

satin
20.0
12.0
false
false
pt
302.67548
46.826538
302.67548
46.826538
302.67548
46.826538
pt
311.8408
45.80817
311.8408
45.80817
311.8408
45.80817
pt
296.5652
195.50812
296.5652
195.50812
296.5652
195.50812
pt
307.7673
194.4898
307.7673
194.4898
307.7673
194.4898

running
20.0
4.0
false
pt
303.0
46.0
303.0
46.0
303.0
46.0
pt
502.0
23.0
502.0
23.0
502.0
23.0
pt
682.0
38.0
682.0
38.0
682.0
38.0
pt
672.0
43.0
672.0
43.0
672.0
43.0
pt
682.0
48.0
682.0
48.0
682.0
48.0
pt
670.0
50.0
670.0
50.0
670.0
50.0

running
20.0
4.0
false
pt
249.0
62.0
249.0
62.0
249.0
62.0
pt
246.0
246.0
246.0
246.0
246.0
246.0

satin
20.0
13.0
false
false
pt
246.0
247.0
246.0
247.0
246.0
247.0
pt
247.0
238.0
247.0
238.0
247.0
238.0
pt
189.0
239.0
189.0
239.0
189.0
239.0
pt
189.0
231.0
189.0
231.0
189.0
231.0

running
20.0
4.0
true
pt
193.0
54.0
193.0
54.0
193.0
54.0
pt
190.0
238.0
190.0
238.0
190.0
238.0

satin
19.0
9.0
true
false
pt
229.0
39.0
229.0
39.0
229.0
39.0
pt
232.0
44.0
232.0
44.0
232.0
44.0
pt
199.0
57.0
199.0
57.0
199.0
57.0
pt
232.0
67.0
232.0
67.0
232.0
67.0

satin
20.0
13.0
false
false
pt
248.0
62.0
248.0
62.0
248.0
62.0
pt
248.0
72.0
248.0
72.0
248.0
72.0
pt
191.0
54.0
191.0
54.0
191.0
54.0
pt
191.0
64.0
191.0
64.0
191.0
64.0
pt
233.0
30.0
233.0
30.0
233.0
30.0
pt
235.0
44.0
235.0
44.0
235.0
44.0

running
20.0
13.0
false
pt
233.0
31.0
233.0
31.0
233.0
31.0
pt
234.0
59.0
234.0
59.0
234.0
59.0

running
20.0
4.0
false
pt
752.0
80.0
752.0
80.0
752.0
80.0
pt
749.0
264.0
749.0
264.0
749.0
264.0

satin
20.0
13.0
false
false
pt
750.96313
264.0
750.96313
264.0
750.96313
264.0
pt
749.96313
255.0
749.96313
255.0
749.96313
255.0
pt
807.96313
256.0
807.96313
256.0
807.96313
256.0
pt
807.96313
248.0
807.96313
248.0
807.96313
248.0

satin
19.0
9.0
true
false
pt
789.0
60.0
789.0
60.0
789.0
60.0
pt
767.0
68.0
767.0
68.0
767.0
68.0
pt
770.0
52.0
770.0
52.0
770.0
52.0
pt
763.0
56.0
763.0
56.0
763.0
56.0

running
20.0
4.0
false
pt
810.0
63.0
810.0
63.0
810.0
63.0
pt
807.0
247.0
807.0
247.0
807.0
247.0

satin
20.0
13.0
false
false
pt
750.64685
69.0
750.64685
69.0
750.64685
69.0
pt
750.64685
79.0
750.64685
79.0
750.64685
79.0
pt
807.64685
61.0
807.64685
61.0
807.64685
61.0
pt
807.64685
71.0
807.64685
71.0
807.64685
71.0
pt
765.64685
37.0
765.64685
37.0
765.64685
37.0
pt
763.64685
51.0
763.64685
51.0
763.64685
51.0

running
20.0
13.0
false
pt
763.0
38.0
763.0
38.0
763.0
38.0
pt
764.0
66.0
764.0
66.0
764.0
66.0

running
20.0
13.0
false
pt
739.0
119.0
739.0
119.0
739.0
119.0
pt
740.0
159.0
740.0
159.0
740.0
159.0
pt
719.0
136.0
719.0
136.0
719.0
136.0
pt
739.0
119.0
739.0
119.0
739.0
119.0

running
20.0
13.0
false
pt
739.0
119.0
739.0
119.0
739.0
119.0
pt
740.0
159.0
740.0
159.0
740.0
159.0
pt
719.0
136.0
719.0
136.0
719.0
136.0
pt
739.0
119.0
739.0
119.0
739.0
119.0

running
20.0
13.0
false
pt
258.0
123.0
258.0
123.0
258.0
123.0
pt
257.0
163.0
257.0
163.0
257.0
163.0
pt
282.0
142.0
282.0
142.0
282.0
142.0
pt
259.0
123.0
259.0
123.0
259.0
123.0

running
20.0
13.0
false
pt
258.0
123.0
258.0
123.0
258.0
123.0
pt
257.0
163.0
257.0
163.0
257.0
163.0
pt
282.0
142.0
282.0
142.0
282.0
142.0
pt
259.0
123.0
259.0
123.0
259.0
123.0

running
20.0
13.0
false
pt
293.0
229.0
293.0
229.0
293.0
229.0
pt
695.0
225.0
695.0
225.0
695.0
225.0

satin
19.0
9.0
false
false
pt
696.0
225.0
696.0
225.0
696.0
225.0
pt
684.0
225.0
684.0
225.0
684.0
225.0
pt
698.0
243.0
698.0
243.0
698.0
243.0
pt
687.0
243.0
687.0
243.0
687.0
243.0

running
20.0
13.0
true
pt
313.0
247.0
313.0
247.0
313.0
247.0
pt
715.0
243.0
715.0
243.0
715.0
243.0

running
20.0
13.0
true
pt
491.83652
216.38332
491.83652
216.38332
491.83652
216.38332
pt
531.847
215.98663
531.847
215.98663
531.847
215.98663
pt
510.0
196.0
510.0
196.0
510.0
196.0
pt
491.80164
215.38377
491.80164
215.38377
491.80164
215.38377

running
20.0
13.0
false
pt
298.0
291.0
298.0
291.0
298.0
291.0
pt
700.0
287.0
700.0
287.0
700.0
287.0

satin
19.0
9.0
false
false
pt
716.0
243.0
716.0
243.0
716.0
243.0
pt
705.0
243.0
705.0
243.0
705.0
243.0
pt
701.0
287.0
701.0
287.0
701.0
287.0
pt
690.0
287.0
690.0
287.0
690.0
287.0

satin
19.0
9.0
false
false
pt
312.0
246.0
312.0
246.0
312.0
246.0
pt
322.0
246.0
322.0
246.0
322.0
246.0
pt
296.0
290.0
296.0
290.0
296.0
290.0
pt
308.0
290.0
308.0
290.0
308.0
290.0
pt
292.0
228.0
292.0
228.0
292.0
228.0
pt
300.0
228.0
300.0
228.0
300.0
228.0

satin
19.0
9.0
true
false
pt
300.0
261.0
300.0
261.0
300.0
261.0
pt
309.0
261.0
309.0
261.0
309.0
261.0
pt
299.0
231.0
299.0
231.0
299.0
231.0
pt
315.0
247.0
315.0
247.0
315.0
247.0
pt
666.0
226.0
666.0
226.0
666.0
226.0
pt
686.0
243.0
686.0
243.0
686.0
243.0
pt
682.0
225.0
682.0
225.0
682.0
225.0
pt
687.0
228.0
687.0
228.0
687.0
228.0

running
20.0
13.0
true
pt
491.83652
216.38332
491.83652
216.38332
491.83652
216.38332
pt
531.847
215.98663
531.847
215.98663
531.847
215.98663
pt
510.0
196.0
510.0
196.0
510.0
196.0
pt
491.80164
215.38377
491.80164
215.38377
491.80164
215.38377

