running
20.0
4.0
false
pt
496.3928
632.6586
496.3928
632.6586
496.3928
632.6586
pt
470.56253
636.34827
470.56253
636.34827
470.56253
636.34827
pt
693.19073
604.3692
693.19073
604.3692
693.19073
604.3692
pt
714.1002
605.5985
714.1002
605.5985
714.1002
605.5985
pt
917.0491
627.73883
917.0491
627.73883
917.0491
627.73883
pt
869.07855
622.81866
869.07855
622.81866
869.07855
622.81866

running
20.0
4.0
false
pt
466.87222
733.51794
466.87222
733.51794
466.87222
733.51794
pt
694.4207
697.84753
694.4207
697.84753
694.4207
697.84753
pt
706.7202
706.45795
706.7202
706.45795
706.7202
706.45795
pt
714.1002
692.92816
714.1002
692.92816
714.1002
692.92816
pt
924.4293
722.4479
924.4293
722.4479
924.4293
722.4479
pt
898.59827
718.75793
898.59827
718.75793
898.59827
718.75793

running
20.0
4.0
false
pt
899.82874
802.39734
899.82874
802.39734
899.82874
802.39734
pt
928.1177
809.7765
928.1177
809.7765
928.1177
809.7765
pt
710.40985
776.56665
710.40985
776.56665
710.40985
776.56665
pt
683.3501
779.0272
683.3501
779.0272
683.3501
779.0272
pt
666.13055
776.56665
666.13055
776.56665
666.13055
776.56665
pt
463.18268
814.6964
463.18268
814.6964
463.18268
814.6964

satin
20.0
12.0
true
false
pt
466.87222
635.1189
466.87222
635.1189
466.87222
635.1189
pt
477.94266
633.88806
477.94266
633.88806
477.94266
633.88806
pt
459.49243
814.6964
459.49243
814.6964
459.49243
814.6964
pt
473.02234
813.4665
473.02234
813.4665
473.02234
813.4665

satin
20.0
12.0
false
false
pt
919.1064
627.79395
919.1064
627.79395
919.1064
627.79395
pt
930.15393
626.37085
930.15393
626.37085
930.15393
626.37085
pt
914.8623
807.4745
914.8623
807.4745
914.8623
807.4745
pt
928.3679
806.0074
928.3679
806.0074
928.3679
806.0074

running
20.0
4.0
true
pt
822.33325
560.6374
822.33325
560.6374
822.33325
560.6374
pt
843.1952
582.8529
843.1952
582.8529
843.1952
582.8529
pt
833.38617
572.78
833.38617
572.78
833.38617
572.78
pt
821.3796
580.9338
821.3796
580.9338
821.3796
580.9338
pt
844.9133
563.4722
844.9133
563.4722
844.9133
563.4722
pt
854.8279
549.9809
854.9655
549.42883
854.69006
550.53326
pt
871.92285
549.1407
871.92285
549.1407
871.92285
549.1407
pt
881.94946
561.8414
881.94946
561.8414
881.94946
561.8414
pt
872.55475
578.1885
872.55475
578.1885
872.55475
578.1885
pt
849.50934
593.72784
849.50934
593.72784
849.50934
593.72784
pt
888.8223
592.1366
888.8223
592.1366
888.8223
592.1366
pt
849.49927
594.29694
849.49927
594.29694
849.49927
594.29694

running
20.0
4.0
false
pt
399.32977
761.6624
399.32977
761.6624
399.32977
761.6624
pt
203.6722
850.8033
203.6722
850.8033
203.6722
850.8033

satin
20.0
17.0
false
false
pt
202.28119
850.7766
202.28119
850.7766
202.28119
850.7766
pt
216.60873
843.23615
216.60873
843.23615
216.60873
843.23615
pt
197.75679
644.9138
197.75679
644.9138
197.75679
644.9138
pt
214.34659
638.88153
214.34659
638.88153
214.34659
638.88153

running
20.0
17.0
false
pt
197.75679
644.16003
197.75679
644.16003
197.75679
644.16003
pt
414.17627
546.1302
414.17627
546.1302
414.17627
546.1302

running
20.0
4.0
false
pt
395.37216
533.1097
395.37216
533.1097
395.37216
533.1097
pt
199.7146
622.25037
199.7146
622.25037
199.7146
622.25037

satin
20.0
17.0
false
false
pt
199.31297
621.2343
199.31297
621.2343
199.31297
621.2343
pt
213.64058
613.6938
213.64058
613.6938
213.64058
613.6938
pt
194.7886
415.37164
194.7886
415.37164
194.7886
415.37164
pt
211.37837
409.33923
211.37837
409.33923
211.37837
409.33923

running
20.0
17.0
false
pt
202.70384
413.62836
202.70384
413.62836
202.70384
413.62836
pt
419.12326
315.59857
419.12326
315.59857
419.12326
315.59857

running
20.0
17.0
false
pt
207.7753
691.59485
207.7753
691.59485
207.7753
691.59485
pt
79.15247
738.09705
79.15247
738.09705
79.15247
738.09705

satin
20.0
17.0
false
false
pt
77.616035
736.9949
77.616035
736.9949
77.616035
736.9949
pt
91.94358
729.4544
91.94358
729.4544
91.94358
729.4544
pt
73.09164
531.1322
73.09164
531.1322
73.09164
531.1322
pt
89.68141
525.0998
89.68141
525.0998
89.68141
525.0998

running
20.0
17.0
false
pt
86.07832
524.38525
86.07832
524.38525
86.07832
524.38525
pt
199.86003
480.85144
199.86003
480.85144
199.86003
480.85144

satin
20.0
17.0
true
false
pt
94.982994
726.22406
94.982994
726.22406
94.982994
726.22406
pt
99.930016
726.22406
99.930016
726.22406
99.930016
726.22406
pt
197.88123
690.6055
197.88123
690.6055
197.88123
690.6055
pt
91.02537
617.38934
91.02537
618.3788
91.02537
616.4
pt
195.90242
579.792
195.90242
579.792
195.90242
579.792
pt
86.07832
523.3958
86.07832
523.3958
86.07832
523.3958
pt
195.90242
490.74542
195.90242
490.74542
195.90242
490.74542
pt
192.93423
484.80905
192.93423
484.80905
192.93423
484.80905

running
20.0
17.0
false
pt
199.86003
460.07388
199.86003
460.07388
199.86003
460.07388
pt
71.23724
506.576
71.23724
506.576
71.23724
506.576

satin
20.0
17.0
false
false
pt
71.6796
506.46323
71.6796
506.46323
71.6796
506.46323
pt
86.00714
498.92282
86.00714
498.92282
86.00714
498.92282
pt
67.15518
300.60056
67.15518
300.60056
67.15518
300.60056
pt
83.74499
294.5681
83.74499
294.5681
83.74499
294.5681

running
20.0
17.0
true
pt
83.11013
295.83243
83.11013
295.83243
83.11013
295.83243
pt
196.89182
252.29855
196.89182
252.29855
196.89182
252.29855

satin
20.0
17.0
true
false
pt
86.07832
499.65015
86.07832
499.65015
86.07832
499.65015
pt
91.02537
499.65015
91.02537
499.65015
91.02537
499.65015
pt
188.97655
464.03146
188.97655
464.03146
188.97655
464.03146
pt
82.120705
390.81543
82.120705
391.80484
82.120705
389.826
pt
186.99777
353.218
186.99777
353.218
186.99777
353.218
pt
77.17367
296.8218
77.17367
296.8218
77.17367
296.8218
pt
186.99777
264.17148
186.99777
264.17148
186.99777
264.17148
pt
184.02951
258.23502
184.02951
258.23502
184.02951
258.23502

running
20.0
4.0
true
pt
394.38272
315.44028
394.38272
315.44028
394.38272
315.44028
pt
198.72519
404.58105
198.72519
404.58105
198.72519
404.58105

satin
20.0
17.0
true
false
pt
198.32355
403.565
198.32355
403.565
198.32355
403.565
pt
212.6511
396.0245
212.6511
396.0245
212.6511
396.0245
pt
193.7992
197.70232
193.7992
197.70232
193.7992
197.70232
pt
210.38898
191.6699
210.38898
191.6699
210.38898
191.6699

running
20.0
17.0
true
pt
207.65088
194.96959
207.65088
194.96959
207.65088
194.96959
pt
424.07025
96.93982
424.07025
96.93982
424.07025
96.93982

running
20.0
17.0
true
pt
227.56342
290.88538
227.56342
290.88538
227.56342
290.88538
pt
250.31976
257.2456
250.31976
257.2456
250.31976
257.2456
pt
251.30916
321.55695
251.30916
321.55695
251.30916
321.55695
pt
228.55281
291.87485
228.55281
291.87485
228.55281
291.87485

running
20.0
17.0
true
pt
227.56342
290.88538
227.56342
290.88538
227.56342
290.88538
pt
250.31976
257.2456
250.31976
257.2456
250.31976
257.2456
pt
251.30916
321.55695
251.30916
321.55695
251.30916
321.55695
pt
228.55281
291.87485
228.55281
291.87485
228.55281
291.87485

running
20.0
17.0
true
pt
222.6164
513.5019
222.6164
513.5019
222.6164
513.5019
pt
245.37271
479.86203
245.37271
479.86203
245.37271
479.86203
pt
246.36212
544.17346
246.36212
544.17346
246.36212
544.17346
pt
223.6058
514.4912
223.6058
514.4912
223.6058
514.4912

running
20.0
17.0
true
pt
222.6164
513.5019
222.6164
513.5019
222.6164
513.5019
pt
245.37271
479.86203
245.37271
479.86203
245.37271
479.86203
pt
246.36212
544.17346
246.36212
544.17346
246.36212
544.17346
pt
223.6058
514.4912
223.6058
514.4912
223.6058
514.4912

running
20.0
17.0
true
pt
225.58461
734.13947
225.58461
734.13947
225.58461
734.13947
pt
248.34096
700.4994
248.34096
700.4994
248.34096
700.4994
pt
249.33034
764.81085
249.33034
764.81085
249.33034
764.81085
pt
226.574
735.1287
226.574
735.1287
226.574
735.1287

running
20.0
17.0
true
pt
225.58461
734.13947
225.58461
734.13947
225.58461
734.13947
pt
248.34096
700.4994
248.34096
700.4994
248.34096
700.4994
pt
249.33034
764.81085
249.33034
764.81085
249.33034
764.81085
pt
226.574
735.1287
226.574
735.1287
226.574
735.1287

running
20.0
17.0
true
pt
51.309982
624.596
51.309982
624.596
51.309982
624.596
pt
28.553009
658.23535
28.553009
658.23535
28.553009
658.23535
pt
27.564283
593.924
27.564283
593.924
27.564283
593.924
pt
50.320534
623.6061
50.320534
623.6061
50.320534
623.6061

running
20.0
17.0
true
pt
51.309982
624.596
51.309982
624.596
51.309982
624.596
pt
28.553009
658.23535
28.553009
658.23535
28.553009
658.23535
pt
27.564283
593.924
27.564283
593.924
27.564283
593.924
pt
50.320534
623.6061
50.320534
623.6061
50.320534
623.6061

running
20.0
17.0
true
pt
50.32058
407.9159
50.32058
407.9159
50.32058
407.9159
pt
27.563602
441.55557
27.563602
441.55557
27.563602
441.55557
pt
26.574877
377.24396
26.574877
377.24396
26.574877
377.24396
pt
49.331127
406.92603
49.331127
406.92603
49.331127
406.92603

running
20.0
17.0
true
pt
50.32058
407.9159
50.32058
407.9159
50.32058
407.9159
pt
27.563602
441.55557
27.563602
441.55557
27.563602
441.55557
pt
26.574877
377.24396
26.574877
377.24396
26.574877
377.24396
pt
49.331127
406.92603
49.331127
406.92603
49.331127
406.92603

running
20.0
4.0
false
pt
587.70734
167.20961
554.0675
162.2626
621.34705
172.15665
pt
621.34705
322.5464
621.34705
322.5464
621.34705
322.5464
pt
571.8769
434.3493
605.5165
442.26456
538.2369
426.43405
pt
535.26874
300.77945
535.26874
300.77945
535.26874
300.77945
pt
586.7179
167.20961
550.1099
162.2626
623.3259
172.15665
pt
603.5378
174.13548
603.5378
174.13548
603.5378
174.13548
pt
630.2518
322.5464
634.2094
176.1143
626.294
468.97852
pt
560.00397
437.31757
560.00397
437.31757
560.00397
437.31757
pt
525.37463
299.79004
524.38525
441.27515
526.36414
158.30495
pt
585.7285
161.2732
585.7285
161.2732
585.7285
161.2732
pt
609.4742
179.0825
609.4742
179.0825
609.4742
179.0825
pt
625.3047
139.50626
625.3047
139.50626
625.3047
139.50626
pt
582.76025
95.97238
613.4318
97.95121
552.08875
93.99358
pt
505.58658
299.79004
505.58658
149.40033
505.58658
450.1798
pt
576.8237
500.63953
538.2369
500.63953
615.4106
500.63953
pt
650.0399
306.7159
652.0187
436.3281
648.06104
177.1037
pt
625.3047
138.51688
625.3047
138.51688
625.3047
138.51688
pt
600.56946
104.87706
600.56946
104.87706
600.56946
104.87706
pt
582.76025
94.982994
586.7179
96.961815
578.8025
93.004166
pt
770.7475
93.99358
770.7475
93.99358
770.7475
93.99358
pt
836.0482
320.56757
838.74963
94.99919
834.06934
485.79843
pt
770.7475
496.68192
770.7475
496.68192
770.7475
496.68192
pt
573.8555
502.61832
573.8555
502.61832
573.8555
502.61832
pt
533.28986
468.97852
548.13104
498.66068
518.44885
439.2963

satin
20.0
16.0
false
false
pt
650.0399
286.92776
650.0399
286.92776
650.0399
286.92776
pt
650.0399
296.8218
650.0399
296.8218
650.0399
296.8218
pt
835.0587
280.99136
835.0587
280.99136
835.0587
280.99136
pt
836.0482
291.87485
836.0482
291.87485
836.0482
291.87485

running
20.0
16.0
false
pt
448.20096
500.63953
448.20096
500.63953
448.20096
500.63953
pt
499.65015
515.4806
499.65015
515.4806
499.65015
515.4806
pt
502.61832
505.58658
502.61832
505.58658
502.61832
505.58658
pt
575.8345
570.88727
575.8345
570.88727
575.8345
570.88727
pt
481.8408
577.81323
481.8408
577.81323
481.8408
577.81323
pt
484.80905
569.89795
484.80905
569.89795
484.80905
569.89795
pt
430.39166
553.078
430.39166
553.078
430.39166
553.078
pt
447.2116
501.62894
447.2116
501.62894
447.2116
501.62894

