running
20.0
4.0
false
pt
564.02026
466.5039
564.02026
466.5039
564.02026
466.5039
pt
907.4601
508.68048
907.4601
508.68048
907.4601
508.68048
pt
912.6251
829.74
912.6251
829.74
912.6251
829.74
pt
496.8823
774.6531
496.8823
774.6531
496.8823
774.6531
pt
118.15727
840.92456
118.15727
840.92456
118.15727
840.92456
pt
119.43313
518.1985
119.43313
518.1985
119.43313
518.1985
pt
514.868
462.07245
514.868
462.07245
514.868
462.07245
pt
559.51355
465.89957
559.51355
465.89957
559.51355
465.89957
pt
568.44257
483.75748
568.44257
483.75748
568.44257
483.75748
pt
878.413
520.7503
878.413
520.7503
878.413
520.7503
pt
892.44434
516.9231
892.44434
516.9231
892.44434
516.9231
pt
860.55505
520.7503
860.55505
520.7503
860.55505
520.7503
pt
546.75824
485.03305
546.75824
485.03305
546.75824
485.03305
pt
502.1118
487.58432
502.1118
487.58432
502.1118
487.58432
pt
161.52763
536.0577
161.52763
536.0577
161.52763
536.0577
pt
137.29094
534.78217
137.29094
534.78217
137.29094
534.78217
pt
188.31514
530.9551
188.31514
530.9551
188.31514
530.9551
pt
507.21463
486.30923
507.21463
486.30923
507.21463
486.30923
pt
542.93054
485.03305
542.93054
485.03305
542.93054
485.03305
pt
534.00134
519.4745
534.00134
519.4745
534.00134
519.4745
pt
879.6886
557.74207
879.6886
557.74207
879.6886
557.74207
pt
878.413
536.0577
878.413
536.0577
878.413
536.0577
pt
864.3816
528.4036
864.3816
528.4036
864.3816
528.4036
pt
555.6867
493.9625
555.6867
493.9625
555.6867
493.9625
pt
542.93054
499.06464
542.93054
499.06464
542.93054
499.06464
pt
536.55334
518.1985
536.55334
518.1985
536.55334
518.1985
pt
532.72516
556.4668
535.2771
555.1915
531.5848
557.03723
pt
874.5861
599.8368
874.5861
599.8368
874.5861
599.8368
pt
893.7196
593.45886
893.7196
593.45886
893.7196
593.45886
pt
863.10486
597.28503
863.10486
597.28503
863.10486
597.28503
pt
534.00134
556.4668
534.00134
556.4668
534.00134
556.4668
pt
534.00134
611.31714
534.00134
611.31714
534.00134
611.31714
pt
878.413
649.5854
878.413
649.5854
878.413
649.5854
pt
891.16797
641.93115
891.16797
641.93115
891.16797
641.93115
pt
869.484
645.7586
869.484
645.7586
869.484
645.7586
pt
879.6886
643.20795
879.6886
643.20795
879.6886
643.20795
pt
873.3105
625.3492
873.3105
625.3492
873.3105
625.3492
pt
849.0738
611.31714
849.0738
611.31714
849.0738
611.31714
pt
555.6867
580.7026
555.6867
580.7026
555.6867
580.7026
pt
541.6551
589.6328
541.6551
589.6328
541.6551
589.6328
pt
532.72516
608.7662
532.72516
608.7662
532.72516
608.7662
pt
535.2771
764.38855
535.2771
764.38855
535.2771
764.38855
pt
519.97
770.7668
519.97
770.7668
519.97
770.7668
pt
497.0094
766.94
497.0094
766.94
497.0094
766.94
pt
507.21463
740.1519
507.21463
740.1519
507.21463
740.1519
pt
508.4898
499.06464
508.4898
499.06464
508.4898
499.06464
pt
498.28552
525.85236
498.28552
525.85236
498.28552
525.85236
pt
152.59859
571.7733
152.59859
571.7733
152.59859
571.7733
pt
134.73978
566.67145
134.73978
566.67145
134.73978
566.67145
pt
165.35417
567.9467
165.35417
567.9467
165.35417
567.9467
pt
488.0804
527.12744
488.0804
527.12744
488.0804
527.12744
pt
509.76523
523.30145
509.76523
523.30145
509.76523
523.30145
pt
508.4898
565.39575
508.4898
565.39575
508.4898
565.39575
pt
166.63017
616.4195
166.63017
616.4195
166.63017
616.4195
pt
133.4643
615.1441
133.4643
615.1441
133.4643
615.1441
pt
193.41772
610.0417
193.41772
610.0417
193.41772
610.0417
pt
493.18207
567.9467
493.18207
567.9467
493.18207
567.9467
pt
511.04105
552.6396
511.04105
552.6396
511.04105
552.6396
pt
511.04105
615.1441
511.04105
615.1441
511.04105
615.1441
pt
160.252
662.34033
160.252
662.34033
160.252
662.34033
pt
134.73978
661.0653
134.73978
661.0653
134.73978
661.0653
pt
195.96892
655.96277
195.96892
655.96277
195.96892
655.96277
pt
498.28552
612.59314
498.28552
612.59314
498.28552
612.59314
pt
512.3163
627.9005
512.3163
627.9005
512.3163
627.9005

running
20.0
4.0
false
pt
535.1089
271.38977
535.1089
271.38977
535.1089
271.38977
pt
698.1967
291.4179
698.1967
291.4179
698.1967
291.4179
pt
700.64954
443.87787
700.64954
443.87787
700.64954
443.87787
pt
503.2276
417.71896
503.2276
417.71896
503.2276
417.71896
pt
323.38412
449.1891
323.38412
449.1891
323.38412
449.1891
pt
323.98987
295.93777
323.98987
295.93777
323.98987
295.93777
pt
511.76825
269.28546
511.76825
269.28546
511.76825
269.28546
pt
532.969
271.10284
532.969
271.10284
532.969
271.10284
pt
537.2089
279.58282
537.2089
279.58282
537.2089
279.58282
pt
685.0
297.0
685.0
297.0
685.0
297.0
pt
691.06604
295.33197
691.06604
295.33197
691.06604
295.33197
pt
675.92303
297.14948
675.92303
297.14948
675.92303
297.14948
pt
526.91174
280.1886
526.91174
280.1886
526.91174
280.1886
pt
505.71082
281.4001
505.71082
281.4001
505.71082
281.4001
pt
343.9792
304.4184
343.9792
304.4184
343.9792
304.4184
pt
332.47003
303.81274
332.47003
303.81274
332.47003
303.81274
pt
356.69974
301.9953
356.69974
301.9953
356.69974
301.9953
pt
508.13403
280.79462
508.13403
280.79462
508.13403
280.79462
pt
519.0
357.0
519.0
357.0
519.0
357.0
pt
526.0
280.0
526.0
280.0
526.0
280.0
pt
695.0
300.0
695.0
300.0
695.0
300.0
pt
672.0
374.0
672.0
374.0
672.0
374.0
pt
525.0
355.0
525.0
355.0
525.0
355.0
pt
520.0
364.0
520.0
364.0
520.0
364.0
pt
508.0
358.0
508.0
358.0
508.0
358.0
pt
358.0
380.0
358.0
380.0
358.0
380.0
pt
323.0
421.0
323.0
421.0
323.0
421.0
pt
331.0
427.0
331.0
427.0
331.0
427.0
pt
324.0
433.0
324.0
433.0
324.0
433.0
pt
333.0
436.0
333.0
436.0
333.0
436.0
pt
324.0
442.0
324.0
442.0
324.0
442.0
pt
336.0
444.0
336.0
444.0
336.0
444.0
pt
323.0
447.0
323.0
447.0
323.0
447.0
pt
323.0
419.0
323.0
419.0
323.0
419.0
pt
509.0
390.0
509.0
390.0
509.0
390.0
pt
520.0
389.0
520.0
389.0
520.0
389.0
pt
522.0
380.0
522.0
380.0
522.0
380.0
pt
524.0
393.0
524.0
393.0
524.0
393.0
pt
701.0
415.0
701.0
415.0
701.0
415.0
pt
693.0
422.0
693.0
422.0
693.0
422.0
pt
700.0
426.0
700.0
426.0
700.0
426.0
pt
692.0
431.0
692.0
431.0
692.0
431.0
pt
700.0
436.0
700.0
436.0
700.0
436.0
pt
692.0
439.0
692.0
439.0
692.0
439.0
pt
700.0
445.0
700.0
445.0
700.0
445.0
pt
699.0
414.0
699.0
414.0
699.0
414.0
pt
674.0
412.0
674.0
412.0
674.0
412.0
pt
670.0
298.0
670.0
298.0
670.0
298.0
pt
518.0
278.0
518.0
278.0
518.0
278.0
pt
357.0
303.0
357.0
303.0
357.0
303.0
pt
359.0
411.0
359.0
411.0
359.0
411.0

running
20.0
4.0
false
pt
505.89194
115.65273
505.89194
115.65273
505.89194
115.65273
pt
505.66635
12.652117
505.66635
12.652117
505.66635
12.652117
pt
335.34717
12.907858
335.34717
12.907858
335.34717
12.907858
pt
334.09882
113.24556
334.09882
113.24556
334.09882
113.24556
pt
553.9647
115.284195
553.9647
115.284195
553.9647
115.284195
pt
505.4856
114.71918
505.4856
114.71918
505.4856
114.71918
pt
505.66635
12.652117
505.66635
12.652117
505.66635
12.652117
pt
554.16473
12.653992
554.16473
12.653992
554.16473
12.653992
pt
280.67215
12.126038
280.67215
12.126038
280.67215
12.126038
pt
335.91058
12.927612
335.91058
12.927612
335.91058
12.927612
pt
334.09882
113.24556
334.09882
113.24556
334.09882
113.24556
pt
282.2207
113.125656
282.2207
113.125656
282.2207
113.125656
pt
333.00357
112.637245
333.00357
112.637245
333.00357
112.637245
pt
334.00882
70.42037
334.00882
70.42037
334.00882
70.42037
pt
503.8813
72.43068
503.8813
72.43068
503.8813
72.43068
pt
504.88657
114.647545
504.88657
114.647545
504.88657
114.647545

satin
20.0
13.0
false
false
pt
280.1883
13.055368
280.1883
13.055368
280.1883
13.055368
pt
291.23505
14.0596285
291.23505
14.0596285
291.23505
14.0596285
pt
282.19678
113.481285
282.19678
113.481285
282.19678
113.481285
pt
288.22238
114.48552
288.22238
114.48552
288.22238
114.48552

satin
20.0
13.0
false
false
pt
544.16565
12.969694
544.16565
12.969694
544.16565
12.969694
pt
555.2123
13.973949
555.2123
13.973949
555.2123
13.973949
pt
541.51306
115.132484
541.51306
115.132484
541.51306
115.132484
pt
552.2
114.399895
552.2
114.399895
552.2
114.399895

running
20.0
13.0
false
pt
389.18158
182.62961
389.18158
182.62961
389.18158
182.62961
pt
446.8208
180.57109
446.8208
180.57109
446.8208
180.57109
pt
447.8501
224.82974
447.8501
224.82974
447.8501
224.82974
pt
466.37692
225.85902
466.37692
225.85902
466.37692
225.85902
pt
419.03046
267.02985
419.03046
267.02985
419.03046
267.02985
pt
366.53757
232.03462
366.53757
232.03462
366.53757
232.03462
pt
388.15222
229.97609
388.15222
229.97609
388.15222
229.97609
pt
386.09375
182.62961
386.09375
182.62961
386.09375
182.62961
pt
420.05972
180.57109
420.05972
180.57109
420.05972
180.57109

running
20.0
13.0
false
pt
406.44678
216.17195
406.44678
216.17195
406.44678
216.17195
pt
397.06525
228.17966
397.06525
228.17966
397.06525
228.17966
pt
401.44092
222.11215
401.44092
222.11215
401.44092
222.11215
pt
394.19116
216.4478
394.19116
216.4478
394.19116
216.4478
pt
408.59186
226.96925
408.59186
226.96925
408.59186
226.96925
pt
415.013
224.94395
415.013
224.94395
415.013
224.94395
pt
424.09753
233.87308
424.09753
233.87308
424.09753
233.87308
pt
437.44342
223.62456
437.44342
223.62456
437.44342
223.62456
pt
424.24896
213.06905
424.24896
213.06905
424.24896
213.06905
pt
434.8045
202.51352
434.8045
202.51352
434.8045
202.51352
pt
422.92957
193.27744
422.92957
193.27744
422.92957
193.27744
pt
415.013
203.83295
415.013
203.83295
415.013
203.83295

satin
20.0
19.0
false
true
pt
555.0
612.0
555.0
612.0
555.0
612.0
pt
558.0
598.0
558.0
598.0
558.0
598.0
pt
850.0
645.0
850.0
645.0
850.0
645.0
pt
852.0
631.0
852.0
631.0
852.0
631.0

satin
20.0
19.0
false
false
pt
555.0
521.0
555.0
521.0
555.0
521.0
pt
558.0
507.0
558.0
507.0
558.0
507.0
pt
850.0
554.0
850.0
554.0
850.0
554.0
pt
852.0
540.0
852.0
540.0
852.0
540.0

running
20.0
19.0
false
pt
334.00882
162.89542
334.00882
162.89542
334.00882
162.89542
pt
504.88657
165.91083
504.88657
165.91083
504.88657
165.91083

satin
20.0
12.0
false
false
pt
504.88657
72.43068
504.88657
72.43068
504.88657
72.43068
pt
496.8455
72.43068
496.8455
72.43068
496.8455
72.43068
pt
505.89194
164.9057
505.89194
164.9057
505.89194
164.9057
pt
496.8455
164.9057
496.8455
164.9057
496.8455
164.9057

satin
20.0
12.0
false
false
pt
344.06052
71.425514
344.06052
71.425514
344.06052
71.425514
pt
336.01926
71.425514
336.01926
71.425514
336.01926
71.425514
pt
345.06573
163.9005
345.06573
163.9005
345.06573
163.9005
pt
336.01926
163.9005
336.01926
163.9005
336.01926
163.9005

running
20.0
13.0
false
pt
516.6949
179.62875
516.6949
179.62875
516.6949
179.62875
pt
570.877
159.85947
570.877
159.85947
570.877
159.85947
pt
585.5325
201.6339
585.5325
201.6339
585.5325
201.6339
pt
603.4706
196.88771
603.4706
196.88771
603.4706
196.88771
pt
571.16406
250.67447
571.16406
250.67447
571.16406
250.67447
pt
510.4261
233.61307
510.4261
233.61307
510.4261
233.61307
pt
530.34674
224.97609
530.34674
224.97609
530.34674
224.97609
pt
513.7582
180.58293
513.7582
180.58293
513.7582
180.58293
pt
545.42554
168.12912
545.42554
168.12912
545.42554
168.12912

running
20.0
13.0
false
pt
545.4468
207.17195
545.4468
207.17195
545.4468
207.17195
pt
536.06525
219.17966
536.06525
219.17966
536.06525
219.17966
pt
540.4409
213.11215
540.4409
213.11215
540.4409
213.11215
pt
533.19116
207.4478
533.19116
207.4478
533.19116
207.4478
pt
547.59186
217.96925
547.59186
217.96925
547.59186
217.96925
pt
554.013
215.94395
554.013
215.94395
554.013
215.94395
pt
563.09753
224.87308
563.09753
224.87308
563.09753
224.87308
pt
576.4434
214.62456
576.4434
214.62456
576.4434
214.62456
pt
563.24896
204.06905
563.24896
204.06905
563.24896
204.06905
pt
573.8045
193.51352
573.8045
193.51352
573.8045
193.51352
pt
561.92957
184.27744
561.92957
184.27744
561.92957
184.27744
pt
554.013
194.83295
554.013
194.83295
554.013
194.83295

