34.999985
25.000011
24.999985
25.000015
34.999985
25.000011
24.999985
25.000015
34.999985
25.000011
24.999985
25.000015
74.99999
25.0
74.99999
75.00001
25.0
75.00001
25.0
125.00001
25.0
175.0
75.0
175.0
75.0
125.00001
125.0
125.0
125.0
175.0
175.0
175.0
175.0
125.0
175.0
75.0
124.99999
75.0
124.99999
25.0
175.0
25.0
225.0
25.0
225.0
75.0
275.0
75.0
275.0
25.0
325.0
25.0
375.0
24.999985
375.0
74.99999
325.0
74.99999
325.0
124.99999
375.0
124.99999
375.0
175.0
325.0
175.0
275.0
175.0
275.0
125.0
225.0
125.0
225.0
175.0
225.0
225.0
225.0
275.0
275.0
275.0
275.0
225.0
325.0
225.0
375.0
225.0
375.0
275.0
325.0
275.0
325.0
325.0
375.0
325.0
375.0
375.0
325.0
375.0
275.0
375.0
275.0
325.0
225.0
325.0
225.0
375.0
175.0
375.0
125.00001
375.0
125.00001
325.0
175.0
325.0
175.0
275.0
175.0
225.0
125.0
225.0
125.0
275.0
75.0
275.0
75.0
225.0
25.0
225.0
25.0
275.0
25.0
325.0
75.00001
325.0
75.00001
375.0
25.000015
375.0
25.0
425.0
25.0
475.0
75.0
475.0
75.0
425.0
125.0
425.0
175.0
425.0
175.0
475.0
125.0
475.0
125.0
525.0
175.0
525.0
175.0
575.0
125.0
575.0
75.0
575.0
75.0
525.0
25.0
525.0
25.0
575.0
24.999998
625.0
75.0
625.0
75.0
675.0
25.000002
675.0
25.0
725.0
25.0
775.0
75.0
775.0
75.0
725.0
125.0
725.0
125.0
775.0
175.0
775.0
175.0
725.0
175.0
675.0
125.0
675.0
125.0
625.0
175.0
625.0
225.0
625.0
275.0
625.0
275.0
675.0
225.0
675.0
225.0
725.0
225.0
775.0
275.0
775.0
275.0
725.0
325.0
725.0
325.0
775.0
375.0
775.0
375.0
725.0
375.0
675.0
325.0
675.0
325.0
625.0
375.0
625.0
375.0
575.0
375.0
525.0
325.0
525.0
325.0
575.0
275.0
575.0
225.0
575.0
225.0
525.0
275.0
525.0
275.0
475.0
225.0
475.0
225.0
425.0
275.0
425.0
325.0
425.0
325.0
475.0
375.0
475.0
375.0
425.0
425.0
425.0
425.0
475.0
475.0
475.0
475.0
425.0
525.0
425.0
575.0
425.0
575.0
475.0
525.0
475.0
525.0
525.0
575.0
525.0
575.0
575.0
525.0
575.0
475.0
575.0
475.0
525.0
425.0
525.0
425.0
575.0
425.0
625.0
475.0
625.0
475.0
675.0
425.0
675.0
425.0
725.0
425.0
775.0
475.0
775.0
475.0
725.0
525.0
725.0
525.0
775.0
575.0
775.0
575.0
725.0
575.0
675.0
525.0
675.0
525.0
625.0
575.0
625.0
625.0
625.0
675.0
625.0
675.0
675.0
625.0
675.0
625.0
725.0
625.0
775.0
675.0
775.0
675.0
725.0
725.0
725.0
725.0
775.0
775.0
775.0
775.0
725.0
775.0
675.0
725.0
675.0
725.0
625.0
775.0
625.0
775.0
575.0
775.0
525.0
725.0
525.0
725.0
575.0
675.0
575.0
625.0
575.0
625.0
525.0
675.0
525.0
675.0
475.0
625.0
475.0
625.0
425.0
675.0
425.0
725.0
425.0
725.0
475.0
775.0
475.0
775.0
425.0
775.0
375.0
725.0
375.0
725.0
325.0
775.0
325.0
775.0
275.0
775.0
225.0
725.0
225.0
725.0
275.0
675.0
275.0
675.0
225.0
625.0
225.0
625.0
275.0
625.0
325.0
675.0
325.0
675.0
375.0
625.0
375.0
575.0
375.0
575.0
325.0
525.0
325.0
525.0
375.0
475.0
375.0
425.0
375.0
425.0
325.0
475.0
325.0
475.0
275.0
425.0
275.0
425.0
225.0
475.0
225.0
525.0
225.0
525.0
275.0
575.0
275.0
575.0
225.0
575.0
175.0
575.0
125.0
525.0
125.0
525.0
175.0
475.0
175.0
425.0
175.0
425.0
124.99999
475.0
124.99999
475.0
74.99999
425.0
74.99999
425.0
24.999985
475.0
25.0
525.0
25.0
525.0
75.0
575.0
75.0
575.0
25.0
625.0
25.0
675.0
25.0
675.0
75.0
625.0
75.0
625.0
125.0
625.0
175.0
675.0
175.0
675.0
125.0
725.0
125.00001
725.0
175.0
775.0
175.0
775.0
125.00001
775.0
75.00001
725.0
75.00001
725.0
25.0
775.0
25.000015
765.0
25.000011
775.0
25.000015
765.0
25.000011
775.0
25.000015
765.0
25.000011
