satin
16.0
4.0
false
false
pt
778.83044
734.59
778.83044
734.59
778.83044
734.59
pt
774.24976
754.4405
774.24976
754.4405
774.24976
754.4405
pt
757.4534
730.009
757.4534
730.009
757.4534
730.009
pt
752.8723
742.22485
752.8723
742.22485
752.8723
742.22485
pt
694.84906
700.9973
694.84906
700.9973
694.84906
700.9973
pt
691.7946
713.2129
691.7946
713.2129
691.7946
713.2129
pt
699.42957
694.8897
699.42957
694.8897
699.42957
694.8897
pt
699.42957
714.73975
699.42957
714.73975
699.42957
714.73975
pt
710.1179
696.41656
710.1179
696.41656
710.1179
696.41656
pt
722.33417
708.6319
722.33417
708.6319
722.33417
708.6319
pt
725.3876
681.147
725.3876
681.147
725.3876
681.147
pt
740.6568
685.7277
734.549
705.5781
746.76465
665.878
pt
720.8069
664.3506
720.8069
664.3506
720.8069
664.3506
pt
731.4951
652.1354
731.4951
652.1354
731.4951
652.1354
pt
691.7946
644.5007
691.7946
644.5007
691.7946
644.5007
pt
699.42957
629.23145
699.42957
629.23145
699.42957
629.23145
pt
630.7177
620.06934
630.7177
620.06934
630.7177
620.06934
pt
635.29846
604.80054
635.29846
604.80054
635.29846
604.80054
pt
612.39417
620.06934
612.39417
620.06934
612.39417
620.06934
pt
604.7595
603.2733
604.7595
603.2733
604.7595
603.2733
pt
598.65173
630.75836
598.65173
630.75836
598.65173
630.75836
pt
583.3823
617.01587
581.85547
617.01587
584.9093
617.01587
pt
594.0708
647.55426
594.0708
647.55426
594.0708
647.55426
pt
574.2209
644.5007
574.2209
644.5007
574.2209
644.5007
pt
597.1247
661.2968
597.1247
661.2968
597.1247
661.2968
pt
577.2746
667.40485
577.2746
667.40485
577.2746
667.40485
pt
620.4909
673.07477
620.4909
673.07477
620.4909
673.07477
pt
601.7059
684.20056
601.7059
684.20056
601.7059
684.20056
pt
614.4812
697.11316
614.4812
697.11316
614.4812
697.11316
pt
610.86755
665.878
610.86755
665.878
610.86755
665.878
pt
471.91608
661.2968
523.8318
655.1894
420.00043
667.40485
pt
488.71222
603.2733
525.35846
649.0815
452.06573
557.4651
pt
433.74258
679.62
433.74258
679.62
433.74258
679.62
pt
479.5507
577.3153
479.5507
577.3153
479.5507
577.3153

satin
20.0
4.0
true
false
pt
474.47333
563.0615
474.47333
563.0615
474.47333
563.0615
pt
480.47916
573.57214
480.47916
573.57214
480.47916
573.57214
pt
424.92395
684.6831
424.92395
684.6831
424.92395
684.6831
pt
432.43137
683.1815
432.43137
683.1815
432.43137
683.1815

running
7.0
6.0
true
pt
587.0856
723.7221
587.0856
723.7221
587.0856
723.7221
pt
614.11255
660.6593
614.11255
660.6593
614.11255
660.6593
pt
627.62604
659.1573
627.62604
659.1573
627.62604
659.1573
pt
639.6381
669.66797
639.6381
669.66797
639.6381
669.66797
pt
653.1516
669.66797
653.1516
669.66797
653.1516
669.66797
pt
668.16644
678.67706
668.16644
678.67706
668.16644
678.67706
pt
687.68567
677.1756
687.68567
677.1756
687.68567
677.1756
pt
699.6978
687.68567
699.6978
687.68567
699.6978
687.68567
pt
687.68567
722.2203
687.68567
722.2203
687.68567
722.2203
pt
668.16644
725.22327
668.16644
725.22327
668.16644
725.22327
pt
663.6621
716.2143
663.6621
716.2143
663.6621
716.2143
pt
672.671
708.7071
672.671
708.7071
672.671
708.7071
pt
681.6796
684.6831
681.6796
684.6831
681.6796
684.6831
pt
669.66797
711.7101
669.66797
711.7101
669.66797
711.7101
pt
656.1544
720.71893
656.1544
720.71893
656.1544
720.71893
pt
641.1396
716.2143
641.1396
716.2143
641.1396
716.2143
pt
644.14264
708.7071
644.14264
708.7071
644.14264
708.7071
pt
657.65594
699.6978
657.65594
699.6978
657.65594
699.6978
pt
668.16644
680.17847
668.16644
680.17847
668.16644
680.17847
pt
653.1516
702.7008
653.1516
702.7008
653.1516
702.7008
pt
636.6351
711.7101
636.6351
711.7101
636.6351
711.7101
pt
627.62604
702.7008
627.62604
702.7008
627.62604
702.7008
pt
635.1335
692.19055
635.1335
692.19055
635.1335
692.19055
pt
639.6381
671.16956
639.6381
671.16956
639.6381
671.16956
pt
633.63226
684.6831
633.63226
684.6831
633.63226
684.6831
pt
626.1244
693.692
626.1244
693.692
626.1244
693.692
pt
615.614
689.1873
615.614
689.1873
615.614
689.1873
pt
621.62024
674.1724
621.62024
674.1724
621.62024
674.1724
pt
618.61707
665.1636
618.61707
665.1636
618.61707
665.1636
pt
608.1065
675.6738
608.1065
675.6738
608.1065
675.6738
pt
588.587
714.71313
588.587
714.71313
588.587
714.71313
pt
585.58405
744.74304
585.58405
744.74304
585.58405
744.74304
pt
575.0738
755.2533
575.0738
755.2533
575.0738
755.2533
pt
639.6381
771.76996
639.6381
771.76996
639.6381
771.76996
pt
662.1605
759.75806
662.1605
759.75806
662.1605
759.75806
pt
681.6796
746.2443
681.6796
746.2443
681.6796
746.2443
pt
695.1933
735.73395
695.1933
735.73395
695.1933
735.73395
pt
714.71313
737.23535
714.71313
737.23535
714.71313
737.23535
pt
723.7221
731.2294
723.7221
731.2294
723.7221
731.2294
pt
702.7008
720.71893
702.7008
720.71893
702.7008
720.71893
pt
683.1815
720.71893
683.1815
720.71893
683.1815
720.71893
pt
668.16644
725.22327
668.16644
725.22327
668.16644
725.22327
pt
642.64124
720.71893
642.64124
720.71893
642.64124
720.71893
pt
629.12787
725.22327
629.12787
725.22327
629.12787
725.22327
pt
626.1244
711.7101
626.1244
711.7101
626.1244
711.7101
pt
617.11554
728.2264
617.11554
728.2264
617.11554
728.2264
pt
618.61707
734.23254
618.61707
734.23254
618.61707
734.23254

running
7.0
6.0
false
pt
587.0856
722.2203
587.0856
722.2203
587.0856
722.2203
pt
614.11255
659.1573
614.11255
659.1573
614.11255
659.1573
pt
627.62604
657.65594
627.62604
657.65594
627.62604
657.65594
pt
639.6381
668.16644
639.6381
668.16644
639.6381
668.16644
pt
653.1516
668.16644
653.1516
668.16644
653.1516
668.16644
pt
668.16644
677.1756
668.16644
677.1756
668.16644
677.1756
pt
687.68567
675.6738
687.68567
675.6738
687.68567
675.6738
pt
699.6978
686.18445
699.6978
686.18445
699.6978
686.18445
pt
687.68567
720.71893
687.68567
720.71893
687.68567
720.71893
pt
668.16644
723.7221
668.16644
723.7221
668.16644
723.7221
pt
663.6621
714.71313
663.6621
714.71313
663.6621
714.71313
pt
672.671
707.2056
672.671
707.2056
672.671
707.2056
pt
681.6796
683.1815
681.6796
683.1815
681.6796
683.1815
pt
669.66797
710.20844
669.66797
710.20844
669.66797
710.20844
pt
656.1544
719.2175
656.1544
719.2175
656.1544
719.2175
pt
641.1396
714.71313
641.1396
714.71313
641.1396
714.71313
pt
644.14264
707.2056
644.14264
707.2056
644.14264
707.2056
pt
657.65594
698.1964
657.65594
698.1964
657.65594
698.1964
pt
668.16644
678.67706
668.16644
678.67706
668.16644
678.67706
pt
653.1516
701.1995
653.1516
701.1995
653.1516
701.1995
pt
636.6351
710.20844
636.6351
710.20844
636.6351
710.20844
pt
627.62604
701.1995
627.62604
701.1995
627.62604
701.1995
pt
635.1335
690.6889
635.1335
690.6889
635.1335
690.6889
pt
639.6381
669.66797
639.6381
669.66797
639.6381
669.66797
pt
633.63226
683.1815
633.63226
683.1815
633.63226
683.1815
pt
626.1244
692.19055
626.1244
692.19055
626.1244
692.19055
pt
615.614
687.68567
615.614
687.68567
615.614
687.68567
pt
621.62024
672.671
621.62024
672.671
621.62024
672.671
pt
618.61707
663.6621
618.61707
663.6621
618.61707
663.6621
pt
608.1065
674.1724
608.1065
674.1724
608.1065
674.1724
pt
588.587
713.2113
588.587
713.2113
588.587
713.2113
pt
585.58405
743.2414
585.58405
743.2414
585.58405
743.2414
pt
575.0738
753.75195
575.0738
753.75195
575.0738
753.75195
pt
639.6381
770.26843
639.6381
770.26843
639.6381
770.26843
pt
662.1605
758.25653
662.1605
758.25653
662.1605
758.25653
pt
681.6796
744.74304
681.6796
744.74304
681.6796
744.74304
pt
695.1933
734.23254
695.1933
734.23254
695.1933
734.23254
pt
714.71313
735.73395
714.71313
735.73395
714.71313
735.73395
pt
723.7221
729.72784
723.7221
729.72784
723.7221
729.72784
pt
702.7008
719.2175
702.7008
719.2175
702.7008
719.2175
pt
683.1815
719.2175
683.1815
719.2175
683.1815
719.2175
pt
668.16644
723.7221
668.16644
723.7221
668.16644
723.7221
pt
642.64124
719.2175
642.64124
719.2175
642.64124
719.2175
pt
629.12787
723.7221
629.12787
723.7221
629.12787
723.7221
pt
626.1244
710.20844
626.1244
710.20844
626.1244
710.20844
pt
617.11554
726.72504
617.11554
726.72504
617.11554
726.72504
pt
618.61707
732.731
618.61707
732.731
618.61707
732.731

running
7.0
6.0
false
pt
585.58405
735.73395
585.58405
735.73395
585.58405
735.73395
pt
581.0795
747.74585
581.0795
747.74585
581.0795
747.74585
pt
573.57214
752.2504
573.57214
752.2504
573.57214
752.2504
pt
546.54517
746.2443
546.54517
746.2443
546.54517
746.2443
pt
524.0227
749.24744
524.0227
749.24744
524.0227
749.24744
pt
521.0199
759.75806
521.0199
759.75806
521.0199
759.75806
pt
522.52136
777.77576
522.52136
777.77576
522.52136
777.77576
pt
537.5362
759.75806
537.5362
759.75806
537.5362
759.75806
pt
515.0137
788.2864
515.0137
788.2864
515.0137
788.2864
pt
509.00772
806.30426
509.00772
806.30426
509.00772
806.30426
pt
536.0348
801.7996
536.0348
801.7996
536.0348
801.7996
pt
555.55426
801.7996
555.55426
801.7996
555.55426
801.7996
pt
591.59
807.80585
591.59
807.80585
591.59
807.80585
pt
620.1187
810.80865
620.1187
810.80865
620.1187
810.80865
pt
615.614
818.3163
615.614
818.3163
615.614
818.3163
pt
588.587
815.31305
588.587
815.31305
588.587
815.31305
pt
554.0526
809.3072
554.0526
809.3072
554.0526
809.3072
pt
534.53326
809.3072
534.53326
809.3072
534.53326
809.3072
pt
503.00177
816.8146
503.00177
816.8146
503.00177
816.8146
pt
510.50912
800.2983
510.50912
800.2983
510.50912
800.2983
pt
481.98077
873.87177
481.98077
873.87177
481.98077
873.87177
pt
474.47333
905.40326
474.47333
905.40326
474.47333
905.40326
pt
469.96875
932.4301
469.96875
932.4301
469.96875
932.4301
pt
481.98077
950.4479
481.98077
950.4479
481.98077
950.4479
pt
528.5274
953.4512
528.5274
953.4512
528.5274
953.4512
pt
509.00772
942.94086
509.00772
942.94086
509.00772
942.94086
pt
555.55426
965.46295
555.55426
965.46295
555.55426
965.46295
pt
591.59
974.4719
591.59
974.4719
591.59
974.4719
pt
605.1035
974.4719
605.1035
974.4719
605.1035
974.4719
pt
572.0707
959.457
572.0707
959.457
572.0707
959.457
pt
558.5572
959.457
558.5572
959.457
558.5572
959.457
pt
581.0795
962.4601
581.0795
962.4601
581.0795
962.4601
pt
617.11554
978.9762
617.11554
978.9762
617.11554
978.9762
pt
668.16644
990.9885
668.16644
990.9885
668.16644
990.9885
pt
659.1573
978.9762
659.1573
978.9762
659.1573
978.9762
pt
665.1636
992.49023
665.1636
992.49023
665.1636
992.49023
pt
689.1873
999.9976
689.1873
999.9976
689.1873
999.9976
pt
737.23535
1012.0094
737.23535
1012.0094
737.23535
1012.0094
pt
743.2414
1039.0367
743.2414
1039.0367
743.2414
1039.0367
pt
755.2533
1088.5858
755.2533
1088.5858
755.2533
1088.5858
pt
759.75806
1102.0995
759.75806
1102.0995
759.75806
1102.0995
pt
744.74304
1049.547
744.74304
1049.547
744.74304
1049.547
pt
737.23535
1003.00055
737.23535
1003.00055
737.23535
1003.00055
pt
764.2626
914.4121
764.2626
914.4121
764.2626
914.4121
pt
819.8178
861.85986
806.30426
882.8806
833.3312
840.8386
pt
827.3253
822.8209
827.3253
822.8209
827.3253
822.8209
pt
771.76996
836.33417
771.76996
836.33417
771.76996
836.33417
pt
761.25934
837.8355
761.25934
837.8355
761.25934
837.8355
pt
786.7848
840.8386
786.7848
840.8386
786.7848
840.8386
pt
771.76996
845.34344
771.76996
845.34344
771.76996
845.34344
pt
750.74896
834.8327
750.74896
834.8327
750.74896
834.8327
pt
725.22327
837.8355
725.22327
837.8355
725.22327
837.8355
pt
687.68567
851.3494
687.68567
851.3494
687.68567
851.3494
pt
713.2113
864.86273
713.2113
864.86273
713.2113
864.86273
pt
665.1636
840.8386
665.1636
840.8386
665.1636
840.8386
pt
644.14264
831.8298
644.14264
831.8298
644.14264
831.8298
pt
621.62024
840.8386
621.62024
840.8386
621.62024
840.8386
pt
621.62024
846.84485
621.62024
846.84485
621.62024
846.84485
pt
657.65594
884.3821
657.65594
884.3821
657.65594
884.3821
pt
614.11255
842.34
614.11255
842.34
614.11255
842.34
pt
609.60803
833.3312
609.60803
833.3312
609.60803
833.3312
pt
609.60803
894.8925
609.60803
894.8925
609.60803
894.8925
pt
614.11255
824.3223
614.11255
824.3223
614.11255
824.3223
pt
638.13654
777.77576
638.13654
777.77576
638.13654
777.77576
pt
648.64703
771.76996
648.64703
771.76996
648.64703
771.76996
pt
644.14264
765.7639
644.14264
765.7639
644.14264
765.7639

running
7.0
6.0
true
pt
585.58405
737.23535
585.58405
737.23535
585.58405
737.23535
pt
581.0795
749.24744
581.0795
749.24744
581.0795
749.24744
pt
573.57214
753.75195
573.57214
753.75195
573.57214
753.75195
pt
546.54517
747.74585
546.54517
747.74585
546.54517
747.74585
pt
524.0227
750.74896
524.0227
750.74896
524.0227
750.74896
pt
521.0199
761.25934
521.0199
761.25934
521.0199
761.25934
pt
522.52136
779.27716
522.52136
779.27716
522.52136
779.27716
pt
537.5362
761.25934
537.5362
761.25934
537.5362
761.25934
pt
515.0137
789.7877
515.0137
789.7877
515.0137
789.7877
pt
509.00772
807.80585
509.00772
807.80585
509.00772
807.80585
pt
536.0348
803.30145
536.0348
803.30145
536.0348
803.30145
pt
555.55426
803.30145
555.55426
803.30145
555.55426
803.30145
pt
591.59
809.3072
591.59
809.3072
591.59
809.3072
pt
620.1187
812.31024
620.1187
812.31024
620.1187
812.31024
pt
615.614
819.8178
615.614
819.8178
615.614
819.8178
pt
588.587
816.8146
588.587
816.8146
588.587
816.8146
pt
554.0526
810.80865
554.0526
810.80865
554.0526
810.80865
pt
534.53326
810.80865
534.53326
810.80865
534.53326
810.80865
pt
503.00177
818.3163
503.00177
818.3163
503.00177
818.3163
pt
510.50912
801.7996
510.50912
801.7996
510.50912
801.7996
pt
481.98077
875.3733
481.98077
875.3733
481.98077
875.3733
pt
474.47333
906.9046
474.47333
906.9046
474.47333
906.9046
pt
469.96875
933.9317
469.96875
933.9317
469.96875
933.9317
pt
481.98077
951.9499
481.98077
951.9499
481.98077
951.9499
pt
528.5274
954.95264
528.5274
954.95264
528.5274
954.95264
pt
509.00772
944.4419
509.00772
944.4419
509.00772
944.4419
pt
555.55426
966.96454
555.55426
966.96454
555.55426
966.96454
pt
591.59
975.97375
591.59
975.97375
591.59
975.97375
pt
605.1035
975.97375
605.1035
975.97375
605.1035
975.97375
pt
572.0707
960.9583
572.0707
960.9583
572.0707
960.9583
pt
558.5572
960.9583
558.5572
960.9583
558.5572
960.9583
pt
581.0795
963.96155
581.0795
963.96155
581.0795
963.96155
pt
617.11554
980.4779
617.11554
980.4779
617.11554
980.4779
pt
668.16644
992.49023
668.16644
992.49023
668.16644
992.49023
pt
659.1573
980.4779
659.1573
980.4779
659.1573
980.4779
pt
665.1636
993.9915
665.1636
993.9915
665.1636
993.9915
pt
689.1873
1001.4991
689.1873
1001.4991
689.1873
1001.4991
pt
737.23535
1013.5109
737.23535
1013.5109
737.23535
1013.5109
pt
743.2414
1040.5382
743.2414
1040.5382
743.2414
1040.5382
pt
755.2533
1090.0873
755.2533
1090.0873
755.2533
1090.0873
pt
759.75806
1103.6008
759.75806
1103.6008
759.75806
1103.6008
pt
744.74304
1051.0483
744.74304
1051.0483
744.74304
1051.0483
pt
737.23535
1004.5018
737.23535
1004.5018
737.23535
1004.5018
pt
764.2626
915.91327
764.2626
915.91327
764.2626
915.91327
pt
819.8178
863.3612
806.30426
884.3821
833.3312
842.34
pt
827.3253
824.3223
827.3253
824.3223
827.3253
824.3223
pt
771.76996
837.8355
771.76996
837.8355
771.76996
837.8355
pt
761.25934
839.33734
761.25934
839.33734
761.25934
839.33734
pt
786.7848
842.34
786.7848
842.34
786.7848
842.34
pt
771.76996
846.84485
771.76996
846.84485
771.76996
846.84485
pt
750.74896
836.33417
750.74896
836.33417
750.74896
836.33417
pt
725.22327
839.33734
725.22327
839.33734
725.22327
839.33734
pt
687.68567
852.8509
687.68567
852.8509
687.68567
852.8509
pt
732.731
858.85706
732.731
858.85706
732.731
858.85706
pt
665.1636
842.34
665.1636
842.34
665.1636
842.34
pt
644.14264
833.3312
644.14264
833.3312
644.14264
833.3312
pt
621.62024
842.34
621.62024
842.34
621.62024
842.34
pt
621.62024
848.3459
621.62024
848.3459
621.62024
848.3459
pt
659.1573
915.91327
659.1573
915.91327
659.1573
915.91327
pt
618.61707
848.3459
618.61707
848.3459
618.61707
848.3459
pt
609.60803
834.8327
609.60803
834.8327
609.60803
834.8327
pt
587.0856
873.87177
587.0856
873.87177
587.0856
873.87177
pt
614.11255
825.8237
614.11255
825.8237
614.11255
825.8237
pt
638.13654
779.27716
638.13654
779.27716
638.13654
779.27716
pt
648.64703
773.2715
648.64703
773.2715
648.64703
773.2715
pt
644.14264
767.2655
644.14264
767.2655
644.14264
767.2655

running
8.0
6.0
true
pt
827.3253
827.3253
827.3253
827.3253
827.3253
827.3253
pt
824.3223
797.29535
824.3223
797.29535
824.3223
797.29535
pt
867.8656
785.2831
867.8656
785.2831
867.8656
785.2831
pt
944.4419
759.75806
944.4419
759.75806
944.4419
759.75806
pt
945.9434
749.24744
945.9434
749.24744
945.9434
749.24744
pt
950.4479
758.25653
950.4479
758.25653
950.4479
758.25653
pt
947.44507
779.27716
947.44507
779.27716
947.44507
779.27716
pt
954.95264
812.31024
954.95264
812.31024
954.95264
812.31024
pt
969.9672
846.84485
969.9672
846.84485
969.9672
846.84485
pt
993.9915
890.388
993.9915
890.388
993.9915
890.388
pt
1007.505
923.4211
1007.505
923.4211
1007.505
923.4211
pt
1013.5109
953.4512
1013.5109
953.4512
1013.5109
953.4512
pt
1012.0094
1009.0066
1012.0094
1009.0066
1012.0094
1009.0066
pt
1003.00055
1043.5409
1003.00055
1043.5409
1003.00055
1043.5409
pt
954.95264
1066.0632
954.95264
1066.0632
954.95264
1066.0632
pt
912.9106
1079.5773
912.9106
1079.5773
912.9106
1079.5773
pt
860.3581
1093.0903
860.3581
1093.0903
860.3581
1093.0903
pt
843.84186
1094.5919
843.84186
1094.5919
843.84186
1094.5919
pt
843.84186
1057.0548
843.84186
1057.0548
843.84186
1057.0548
pt
855.8538
986.48395
855.8538
986.48395
855.8538
986.48395
pt
881.37897
932.4301
881.37897
932.4301
881.37897
932.4301
pt
957.9557
896.39435
915.91327
891.88965
999.9976
900.8986
pt
1009.0066
929.42694
1009.0066
929.42694
1009.0066
929.42694
pt
981.9796
866.36426
981.9796
866.36426
981.9796
866.36426
pt
959.457
824.3223
959.457
824.3223
959.457
824.3223
pt
899.3973
843.84186
899.3973
843.84186
899.3973
843.84186
pt
845.34344
852.8509
845.34344
852.8509
845.34344
852.8509
pt
825.8237
848.3459
825.8237
848.3459
825.8237
848.3459
pt
812.31024
849.8479
812.31024
849.8479
812.31024
849.8479
pt
786.7848
894.8925
786.7848
894.8925
786.7848
894.8925
pt
762.76074
915.91327
762.76074
915.91327
762.76074
915.91327
pt
740.2384
990.9885
740.2384
990.9885
740.2384
990.9885
pt
726.72504
975.97375
726.72504
975.97375
726.72504
975.97375
pt
696.6949
963.96155
696.6949
963.96155
696.6949
963.96155
pt
728.2264
974.4719
728.2264
974.4719
728.2264
974.4719
pt
740.2384
990.9885
740.2384
990.9885
740.2384
990.9885
pt
747.74585
963.96155
747.74585
963.96155
747.74585
963.96155
pt
725.22327
933.9317
725.22327
933.9317
725.22327
933.9317
pt
695.1933
903.90173
695.1933
903.90173
695.1933
903.90173
pt
726.72504
923.4211
726.72504
923.4211
726.72504
923.4211
pt
753.75195
945.9434
753.75195
945.9434
753.75195
945.9434

running
8.0
6.0
false
pt
827.3253
827.3253
827.3253
827.3253
827.3253
827.3253
pt
824.3223
797.29535
824.3223
797.29535
824.3223
797.29535
pt
867.8656
785.2831
867.8656
785.2831
867.8656
785.2831
pt
944.4419
759.75806
944.4419
759.75806
944.4419
759.75806
pt
945.9434
749.24744
945.9434
749.24744
945.9434
749.24744
pt
950.4479
758.25653
950.4479
758.25653
950.4479
758.25653
pt
947.44507
779.27716
947.44507
779.27716
947.44507
779.27716
pt
954.95264
812.31024
954.95264
812.31024
954.95264
812.31024
pt
969.9672
846.84485
969.9672
846.84485
969.9672
846.84485
pt
993.9915
890.388
993.9915
890.388
993.9915
890.388
pt
1007.505
923.4211
1007.505
923.4211
1007.505
923.4211
pt
1013.5109
953.4512
1013.5109
953.4512
1013.5109
953.4512
pt
1012.0094
1009.0066
1012.0094
1009.0066
1012.0094
1009.0066
pt
1003.00055
1043.5409
1003.00055
1043.5409
1003.00055
1043.5409
pt
954.95264
1066.0632
954.95264
1066.0632
954.95264
1066.0632
pt
912.9106
1079.5773
912.9106
1079.5773
912.9106
1079.5773
pt
860.3581
1093.0903
860.3581
1093.0903
860.3581
1093.0903
pt
843.84186
1094.5919
843.84186
1094.5919
843.84186
1094.5919
pt
843.84186
1057.0548
843.84186
1057.0548
843.84186
1057.0548
pt
855.8538
986.48395
855.8538
986.48395
855.8538
986.48395
pt
881.37897
932.4301
881.37897
932.4301
881.37897
932.4301
pt
957.9557
896.39435
915.91327
891.88965
999.9976
900.8986
pt
1009.0066
929.42694
1009.0066
929.42694
1009.0066
929.42694
pt
981.9796
866.36426
981.9796
866.36426
981.9796
866.36426
pt
959.457
824.3223
959.457
824.3223
959.457
824.3223
pt
899.3973
843.84186
899.3973
843.84186
899.3973
843.84186
pt
845.34344
852.8509
845.34344
852.8509
845.34344
852.8509
pt
825.8237
848.3459
825.8237
848.3459
825.8237
848.3459
pt
812.31024
849.8479
812.31024
849.8479
812.31024
849.8479
pt
786.7848
894.8925
786.7848
894.8925
786.7848
894.8925
pt
762.76074
915.91327
762.76074
915.91327
762.76074
915.91327
pt
740.2384
990.9885
740.2384
990.9885
740.2384
990.9885
pt
726.72504
975.97375
726.72504
975.97375
726.72504
975.97375
pt
696.6949
963.96155
696.6949
963.96155
696.6949
963.96155
pt
728.2264
974.4719
728.2264
974.4719
728.2264
974.4719
pt
740.2384
990.9885
740.2384
990.9885
740.2384
990.9885
pt
747.74585
963.96155
747.74585
963.96155
747.74585
963.96155
pt
725.22327
933.9317
725.22327
933.9317
725.22327
933.9317
pt
695.1933
903.90173
695.1933
903.90173
695.1933
903.90173
pt
726.72504
923.4211
726.72504
923.4211
726.72504
923.4211
pt
753.75195
945.9434
753.75195
945.9434
753.75195
945.9434

running
20.0
16.0
false
pt
755.70667
940.50134
755.70667
940.50134
755.70667
940.50134
pt
760.2138
914.9608
760.2138
914.9608
760.2138
914.9608
pt
782.74994
895.43
782.74994
895.43
782.74994
895.43
pt
812.7979
847.35297
812.7979
847.35297
812.7979
847.35297
pt
826.31934
847.35297
826.31934
847.35297
826.31934
847.35297
pt
829.3243
827.8219
829.3243
827.8219
829.3243
827.8219
pt
824.8172
799.27625
824.8172
799.27625
824.8172
799.27625

running
8.0
6.0
false
pt
824.3223
797.29535
824.3223
797.29535
824.3223
797.29535
pt
801.7996
801.7996
801.7996
801.7996
801.7996
801.7996
pt
779.27716
797.29535
779.27716
797.29535
779.27716
797.29535
pt
768.7671
786.7848
768.7671
786.7848
768.7671
786.7848
pt
771.76996
767.2655
771.76996
767.2655
771.76996
767.2655
pt
771.76996
756.755
771.76996
756.755
771.76996
756.755
pt
777.77576
749.24744
777.77576
749.24744
777.77576
749.24744
pt
794.2922
726.72504
794.2922
726.72504
794.2922
726.72504
pt
780.7788
747.74585
780.7788
747.74585
780.7788
747.74585
pt
797.29535
771.76996
782.2803
770.26843
812.31024
773.2715
pt
776.27435
743.2414
776.27435
768.7671
776.27435
717.7159
pt
776.27435
717.7159
776.27435
717.7159
776.27435
717.7159
pt
786.7848
719.2175
786.7848
719.2175
786.7848
719.2175
pt
792.7909
708.7071
792.7909
708.7071
792.7909
708.7071
pt
785.2831
719.2175
785.2831
719.2175
785.2831
719.2175
pt
768.7671
714.71313
768.7671
714.71313
768.7671
714.71313
pt
758.25653
708.7071
758.25653
708.7071
758.25653
708.7071
pt
756.755
698.1964
756.755
698.1964
756.755
698.1964
pt
770.26843
681.6796
770.26843
681.6796
770.26843
681.6796
pt
780.7788
668.16644
780.7788
668.16644
780.7788
668.16644
pt
782.2803
650.1486
782.2803
650.1486
782.2803
650.1486
pt
771.76996
635.1335
771.76996
635.1335
771.76996
635.1335
pt
800.77875
637.0172
800.77875
637.0172
800.77875
637.0172
pt
765.7639
635.1335
765.7639
635.1335
765.7639
635.1335
pt
749.24744
635.1335
749.24744
635.1335
749.24744
635.1335
pt
732.731
623.1216
732.731
623.1216
732.731
623.1216
pt
758.25653
617.11554
758.25653
617.11554
758.25653
617.11554
pt
782.2803
599.09753
782.2803
599.09753
782.2803
599.09753
pt
914.4121
552.5512
836.01074
529.6044
975.97375
570.5691
pt
990.9885
656.1544
990.9885
656.1544
990.9885
656.1544
pt
996.9942
671.16956
996.9942
671.16956
996.9942
671.16956
pt
1010.50806
689.1873
1010.50806
689.1873
1010.50806
689.1873
pt
950.4479
669.66797
950.4479
669.66797
950.4479
669.66797
pt
996.9942
684.6831
996.9942
684.6831
996.9942
684.6831
pt
975.97375
654.653
980.4779
666.6646
971.4692
642.64124
pt
899.3973
570.5691
941.4394
576.5752
857.355
564.5633
pt
788.2864
608.1065
807.80585
590.08887
768.7671
626.1244
pt
761.25934
626.1244
761.25934
626.1244
761.25934
626.1244
pt
744.74304
627.62604
744.74304
627.62604
744.74304
627.62604
pt
765.7639
629.12787
765.7639
629.12787
765.7639
629.12787
pt
784.2525
632.51
784.2525
632.51
784.2525
632.51

running
8.0
6.0
true
pt
824.3223
797.29535
824.3223
797.29535
824.3223
797.29535
pt
801.7996
801.7996
801.7996
801.7996
801.7996
801.7996
pt
779.27716
797.29535
779.27716
797.29535
779.27716
797.29535
pt
768.7671
786.7848
768.7671
786.7848
768.7671
786.7848
pt
771.76996
767.2655
771.76996
767.2655
771.76996
767.2655
pt
771.76996
756.755
771.76996
756.755
771.76996
756.755
pt
777.77576
749.24744
777.77576
749.24744
777.77576
749.24744
pt
794.2922
726.72504
794.2922
726.72504
794.2922
726.72504
pt
780.7788
747.74585
780.7788
747.74585
780.7788
747.74585
pt
797.29535
771.76996
782.2803
770.26843
812.31024
773.2715
pt
776.27435
743.2414
776.27435
768.7671
776.27435
717.7159
pt
776.27435
717.7159
776.27435
717.7159
776.27435
717.7159
pt
786.7848
719.2175
786.7848
719.2175
786.7848
719.2175
pt
792.7909
708.7071
792.7909
708.7071
792.7909
708.7071
pt
785.2831
719.2175
785.2831
719.2175
785.2831
719.2175
pt
768.7671
714.71313
768.7671
714.71313
768.7671
714.71313
pt
758.25653
708.7071
758.25653
708.7071
758.25653
708.7071
pt
756.755
698.1964
756.755
698.1964
756.755
698.1964
pt
770.26843
681.6796
770.26843
681.6796
770.26843
681.6796
pt
780.7788
668.16644
780.7788
668.16644
780.7788
668.16644
pt
782.2803
650.1486
782.2803
650.1486
782.2803
650.1486
pt
771.76996
635.1335
771.76996
635.1335
771.76996
635.1335
pt
800.77875
637.0172
800.77875
637.0172
800.77875
637.0172
pt
765.7639
635.1335
765.7639
635.1335
765.7639
635.1335
pt
749.24744
635.1335
749.24744
635.1335
749.24744
635.1335
pt
732.731
623.1216
732.731
623.1216
732.731
623.1216
pt
758.25653
617.11554
758.25653
617.11554
758.25653
617.11554
pt
782.2803
599.09753
782.2803
599.09753
782.2803
599.09753
pt
914.4121
552.5512
836.01074
529.6044
975.97375
570.5691
pt
990.9885
656.1544
990.9885
656.1544
990.9885
656.1544
pt
996.9942
671.16956
996.9942
671.16956
996.9942
671.16956
pt
1010.50806
689.1873
1010.50806
689.1873
1010.50806
689.1873
pt
960.0329
673.07477
960.0329
673.07477
960.0329
673.07477
pt
996.9942
684.6831
996.9942
684.6831
996.9942
684.6831
pt
975.97375
654.653
980.4779
666.6646
971.4692
642.64124
pt
899.3973
570.5691
941.4394
576.5752
857.355
564.5633
pt
788.2864
608.1065
807.80585
590.08887
768.7671
626.1244
pt
761.25934
626.1244
761.25934
626.1244
761.25934
626.1244
pt
744.74304
627.62604
744.74304
627.62604
744.74304
627.62604
pt
765.7639
629.12787
765.7639
629.12787
765.7639
629.12787
pt
799.27625
637.0172
799.27625
637.0172
799.27625
637.0172

running
10.0
33.0
false
pt
806.78827
812.7979
806.78827
812.7979
806.78827
812.7979
pt
790.262
820.3099
790.262
820.3099
790.262
820.3099
pt
773.7355
824.8172
773.7355
824.8172
773.7355
824.8172
pt
752.7022
821.8119
752.7022
821.8119
752.7022
821.8119
pt
734.6732
823.3147
734.6732
823.3147
734.6732
823.3147
pt
716.64435
827.8219
716.64435
827.8219
716.64435
827.8219
pt
695.6108
836.8362
695.6108
836.8362
695.6108
836.8362
pt
670.07
832.32904
670.07
832.32904
670.07
832.32904
pt
655.0458
823.3147
655.0458
823.3147
655.0458
823.3147
pt
637.0172
824.8172
637.0172
824.8172
637.0172
824.8172
pt
632.51
821.8119
632.51
823.3147
632.51
820.3099
pt
641.5243
802.2809
641.5243
802.2809
641.5243
802.2809
pt
647.53394
788.7595
647.53394
788.7595
647.53394
788.7595
pt
658.05054
778.2428
658.05054
778.2428
658.05054
778.2428
pt
667.06506
766.2236
667.06506
766.2236
667.06506
766.2236
pt
683.59155
755.70667
683.59155
755.70667
683.59155
755.70667
pt
700.11804
751.1995
700.11804
751.1995
700.11804
751.1995
pt
716.64435
745.18994
716.64435
745.18994
716.64435
745.18994
pt
730.16595
742.1851
730.16595
742.1851
730.16595
742.1851
pt
743.6873
746.69226
743.6873
746.69226
743.6873
746.69226
pt
752.7022
749.6972
752.7022
749.6972
752.7022
749.6972
pt
761.71625
757.209
761.71625
757.209
761.71625
757.209
pt
758.7114
775.23785
758.7114
775.23785
758.7114
775.23785
pt
755.70667
788.7595
755.70667
788.7595
755.70667
788.7595
pt
767.7259
800.77875
767.7259
800.77875
767.7259
800.77875
pt
785.7546
808.2908
785.7546
808.2908
785.7546
808.2908
pt
775.23785
814.29987
775.23785
814.29987
775.23785
814.29987
pt
757.209
812.7979
757.209
812.7979
757.209
812.7979
pt
736.1757
809.79333
736.1757
809.79333
736.1757
809.79333
pt
719.6491
817.30524
719.6491
817.30524
719.6491
817.30524
pt
692.6059
824.8172
692.6059
824.8172
692.6059
824.8172
pt
670.07
818.80743
670.07
818.80743
670.07
818.80743
pt
659.553
812.7979
659.553
812.7979
659.553
812.7979
pt
647.53394
812.7979
647.53394
812.7979
647.53394
812.7979
pt
659.553
793.2666
659.553
793.2666
659.553
793.2666
pt
676.0794
776.7401
676.0794
776.7401
676.0794
776.7401
pt
695.6108
764.7208
695.6108
764.7208
695.6108
764.7208
pt
719.6491
758.7114
719.6491
758.7114
719.6491
758.7114
pt
739.1802
758.7114
739.1802
758.7114
739.1802
758.7114
pt
746.69226
763.2188
746.69226
763.2188
746.69226
763.2188
pt
746.69226
776.7401
746.69226
776.7401
746.69226
776.7401
pt
746.69226
793.2666
746.69226
793.2666
746.69226
793.2666
pt
749.6972
800.77875
749.6972
800.77875
749.6972
800.77875
pt
731.6686
800.77875
731.6686
800.77875
731.6686
800.77875
pt
712.1373
809.79333
712.1373
809.79333
712.1373
809.79333
pt
695.6108
814.29987
695.6108
814.29987
695.6108
814.29987
pt
677.58203
809.79333
677.58203
809.79333
677.58203
809.79333
pt
665.563
802.2809
665.563
802.2809
665.563
802.2809
pt
679.084
787.2567
679.084
787.2567
679.084
787.2567
pt
698.6156
776.7401
698.6156
776.7401
698.6156
776.7401
pt
719.6491
770.7305
719.6491
770.7305
719.6491
770.7305
pt
731.6686
769.2283
731.6686
769.2283
731.6686
769.2283
pt
733.1706
781.2475
733.1706
781.2475
733.1706
781.2475
pt
730.16595
790.262
730.16595
790.262
730.16595
790.262
pt
715.14197
797.7738
715.14197
797.7738
715.14197
797.7738
pt
701.62
800.77875
701.62
800.77875
701.62
800.77875
pt
685.09406
797.7738
685.09406
797.7738
685.09406
797.7738
pt
700.11804
790.262
700.11804
790.262
700.11804
790.262
pt
713.63965
785.7546
713.63965
785.7546
713.63965
785.7546
pt
724.1562
779.7449
724.1562
779.7449
724.1562
779.7449
pt
736.1757
773.7355
736.1757
773.7355
736.1757
773.7355
pt
752.7022
767.7259
752.7022
767.7259
752.7022
767.7259
pt
760.2138
751.1995
760.2138
751.1995
760.2138
751.1995
pt
761.71625
719.6491
761.71625
719.6491
761.71625
719.6491
pt
743.6873
713.63965
743.6873
713.63965
743.6873
713.63965
pt
704.62537
683.59155
704.62537
683.59155
704.62537
683.59155
pt
688.0989
668.56757
688.0989
668.56757
688.0989
668.56757
pt
673.07477
670.07
673.07477
670.07
673.07477
670.07
pt
655.0458
661.05566
655.0458
661.05566
655.0458
661.05566
pt
641.5243
658.05054
641.5243
658.05054
641.5243
658.05054
pt
628.0028
647.53394
628.0028
647.53394
628.0028
647.53394
pt
611.47644
652.0411
611.47644
652.0411
611.47644
652.0411
pt
605.4669
646.03143
605.4669
646.03143
605.4669
646.03143
pt
611.47644
637.0172
611.47644
637.0172
611.47644
637.0172
pt
626.5003
634.01245
626.5003
634.01245
626.5003
634.01245
pt
640.0219
640.0219
640.0219
640.0219
640.0219
640.0219
pt
656.5482
644.52924
656.5482
644.52924
656.5482
644.52924
pt
674.57697
652.0411
674.57697
652.0411
674.57697
652.0411
pt
691.10364
661.05566
691.10364
661.05566
691.10364
661.05566
pt
706.12756
671.5724
706.12756
671.5724
706.12756
671.5724
pt
719.6491
682.089
719.6491
682.089
719.6491
682.089
pt
742.1851
692.6059
742.1851
692.6059
742.1851
692.6059
pt
751.1995
686.5964
751.1995
686.5964
751.1995
686.5964
pt
749.6972
667.06506
749.6972
667.06506
749.6972
667.06506
pt
748.19464
655.0458
748.19464
655.0458
748.19464
655.0458
pt
755.70667
644.52924
755.70667
644.52924
755.70667
644.52924
pt
760.2138
653.54333
760.2138
653.54333
760.2138
653.54333
pt
760.2138
668.56757
760.2138
668.56757
760.2138
668.56757
pt
760.2138
679.084
760.2138
679.084
760.2138
679.084
pt
769.2283
670.07
769.2283
670.07
769.2283
670.07
pt
770.7305
653.54333
770.7305
653.54333
770.7305
653.54333
pt
763.2188
640.0219
763.2188
640.0219
763.2188
640.0219

running
20.0
4.0
true
pt
898.4346
617.48596
898.4346
617.48596
898.4346
617.48596
pt
898.4346
626.5003
898.4346
626.5003
898.4346
626.5003
pt
890.9223
626.5003
890.9223
626.5003
890.9223
626.5003
pt
886.41534
618.9885
886.41534
618.9885
886.41534
618.9885
pt
890.9223
611.47644
890.9223
611.47644
890.9223
611.47644
pt
898.4346
608.47156
898.4346
608.47156
898.4346
608.47156
pt
905.9465
615.98364
905.9465
615.98364
905.9465
615.98364
pt
905.9465
624.998
905.9465
624.998
905.9465
624.998
pt
899.9372
632.51
899.9372
632.51
899.9372
632.51
pt
889.4201
632.51
889.4201
632.51
889.4201
632.51
pt
880.4055
623.49567
880.4055
623.49567
880.4055
623.49567
pt
880.4055
614.4812
880.4055
614.4812
880.4055
614.4812
pt
886.41534
606.9692
886.41534
606.9692
886.41534
606.9692
pt
893.9277
603.9646
893.9277
603.9646
893.9277
603.9646
pt
902.94165
605.4669
902.94165
605.4669
902.94165
605.4669
pt
910.454
611.47644
910.454
611.47644
910.454
611.47644
pt
913.4586
621.9931
913.4586
621.9931
913.4586
621.9931
pt
908.9512
634.01245
908.9512
634.01245
908.9512
634.01245
pt
898.4346
640.0219
898.4346
640.0219
898.4346
640.0219
pt
886.41534
638.5196
886.41534
638.5196
886.41534
638.5196
pt
875.8986
634.01245
875.8986
634.01245
875.8986
634.01245
pt
871.39154
620.4909
871.39154
620.4909
871.39154
620.4909
pt
875.8986
606.9692
875.8986
606.9692
875.8986
606.9692
pt
887.9178
599.4572
887.9178
599.4572
887.9178
599.4572
pt
902.94165
596.45245
902.94165
596.45245
902.94165
596.45245
pt
913.4586
603.9646
913.4586
603.9646
913.4586
603.9646
pt
917.96564
612.9787
917.96564
612.9787
917.96564
612.9787
pt
919.46826
621.9931
919.46826
621.9931
919.46826
621.9931
pt
917.96564
634.01245
917.96564
634.01245
917.96564
634.01245
pt
905.9465
644.52924
905.9465
644.52924
905.9465
644.52924
pt
892.42487
646.03143
892.42487
646.03143
892.42487
646.03143
pt
880.4055
646.03143
880.4055
646.03143
880.4055
646.03143
pt
871.39154
637.0172
871.39154
637.0172
871.39154
637.0172
pt
866.88416
623.49567
866.88416
623.49567
866.88416
623.49567
pt
866.88416
612.9787
866.88416
612.9787
866.88416
612.9787
pt
872.89404
602.4618
872.89404
602.4618
872.89404
602.4618
pt
881.9085
593.44763
881.9085
593.44763
881.9085
593.44763
pt
895.43
590.4427
895.43
590.4427
895.43
590.4427
pt
907.4492
590.4427
907.4492
590.4427
907.4492
590.4427
pt
913.4586
593.44763
913.4586
593.44763
913.4586
593.44763
pt
920.9709
600.9596
920.9709
600.9596
920.9709
600.9596
pt
925.47766
620.4909
925.47766
620.4909
925.47766
620.4909
pt
923.9752
634.01245
923.9752
634.01245
923.9752
634.01245
pt
914.9608
644.52924
914.9608
644.52924
914.9608
644.52924
pt
905.9465
652.0411
905.9465
652.0411
905.9465
652.0411
pt
889.4201
655.0458
889.4201
655.0458
889.4201
655.0458
pt
881.9085
653.54333
881.9085
653.54333
881.9085
653.54333
pt
869.88885
647.53394
869.88885
647.53394
869.88885
647.53394
pt
865.38184
638.5196
865.38184
638.5196
865.38184
638.5196
pt
862.377
628.0028
862.377
628.0028
862.377
628.0028
pt
860.87463
615.98364
860.87463
615.98364
860.87463
615.98364
pt
862.377
606.9692
862.377
606.9692
862.377
606.9692
pt
868.38654
599.4572
868.38654
599.4572
868.38654
599.4572
pt
875.8986
591.9453
875.8986
591.9453
875.8986
591.9453
pt
886.41534
587.4379
886.41534
587.4379
886.41534
587.4379
pt
895.43
584.43317
895.43
584.43317
895.43
584.43317
pt
899.9372
584.43317
899.9372
584.43317
899.9372
584.43317
pt
889.4201
582.93085
889.4201
582.93085
889.4201
582.93085
pt
878.90326
585.9355
878.90326
585.9355
878.90326
585.9355
pt
869.88885
591.9453
869.88885
591.9453
869.88885
591.9453
pt
862.377
600.9596
862.377
600.9596
862.377
600.9596
pt
860.87463
632.51
860.87463
632.51
860.87463
632.51
pt
874.39624
652.0411
874.39624
652.0411
874.39624
652.0411
pt
893.9277
655.0458
893.9277
655.0458
893.9277
655.0458
pt
911.9562
652.0411
911.9562
652.0411
911.9562
652.0411
pt
901.4396
664.06036
901.4396
664.06036
901.4396
664.06036
pt
887.9178
668.56757
887.9178
668.56757
887.9178
668.56757
pt
869.88885
670.07
869.88885
670.07
869.88885
670.07
pt
859.37225
670.07
859.37225
670.07
859.37225
670.07
pt
878.90326
680.5865
878.90326
680.5865
878.90326
680.5865
pt
859.37225
679.084
859.37225
679.084
859.37225
679.084
pt
838.3386
670.07
838.3386
670.07
838.3386
670.07
pt
817.30524
661.05566
817.30524
661.05566
817.30524
661.05566
pt
799.27625
650.5384
799.27625
650.5384
799.27625
650.5384
pt
784.2525
643.027
784.2525
643.027
784.2525
643.027
pt
776.7401
637.0172
776.7401
637.0172
776.7401
637.0172
pt
766.2236
634.01245
766.2236
634.01245
766.2236
634.01245

running
20.0
4.0
false
pt
893.9277
617.48596
893.9277
617.48596
893.9277
617.48596
pt
896.93225
621.9931
896.93225
621.9931
896.93225
621.9931
pt
892.42487
623.49567
892.42487
623.49567
892.42487
623.49567
pt
889.4201
617.48596
889.4201
617.48596
889.4201
617.48596
pt
895.43
612.9787
895.43
612.9787
895.43
612.9787
pt
901.4396
614.4812
901.4396
614.4812
901.4396
614.4812
pt
902.94165
621.9931
902.94165
621.9931
902.94165
621.9931
pt
901.4396
629.50525
901.4396
629.50525
901.4396
629.50525
pt
890.9223
631.00757
890.9223
631.00757
890.9223
631.00757
pt
884.9128
624.998
884.9128
624.998
884.9128
624.998
pt
883.41064
615.98364
883.41064
615.98364
883.41064
615.98364
pt
889.4201
608.47156
889.4201
608.47156
889.4201
608.47156
pt
896.93225
605.4669
896.93225
605.4669
896.93225
605.4669
pt
904.4442
609.97394
904.4442
609.97394
904.4442
609.97394
pt
908.9512
617.48596
908.9512
617.48596
908.9512
617.48596
pt
908.9512
628.0028
908.9512
628.0028
908.9512
628.0028
pt
901.4396
635.5148
901.4396
635.5148
901.4396
635.5148
pt
890.9223
637.0172
890.9223
637.0172
890.9223
637.0172
pt
881.9085
632.51
881.9085
632.51
881.9085
632.51
pt
875.8986
623.49567
875.8986
623.49567
875.8986
623.49567
pt
877.4008
611.47644
877.4008
611.47644
877.4008
611.47644
pt
884.9128
603.9646
884.9128
603.9646
884.9128
603.9646
pt
896.93225
599.4572
896.93225
599.4572
896.93225
599.4572
pt
908.9512
605.4669
908.9512
605.4669
908.9512
605.4669
pt
914.9608
615.98364
914.9608
615.98364
914.9608
615.98364
pt
914.9608
628.0028
914.9608
628.0028
914.9608
628.0028
pt
908.9512
638.5196
908.9512
638.5196
908.9512
638.5196
pt
896.93225
643.027
896.93225
643.027
896.93225
643.027
pt
881.9085
641.5243
881.9085
641.5243
881.9085
641.5243
pt
871.39154
632.51
871.39154
632.51
871.39154
632.51
pt
868.38654
620.4909
868.38654
620.4909
868.38654
620.4909
pt
871.39154
606.9692
871.39154
606.9692
871.39154
606.9692
pt
881.9085
597.9547
881.9085
597.9547
881.9085
597.9547
pt
892.42487
594.94995
892.42487
594.94995
892.42487
594.94995
pt
904.4442
593.44763
904.4442
593.44763
904.4442
593.44763
pt
913.4586
600.9596
913.4586
600.9596
913.4586
600.9596
pt
922.473
609.97394
922.473
609.97394
922.473
609.97394
pt
923.9752
624.998
923.9752
624.998
923.9752
624.998
pt
919.46826
637.0172
919.46826
637.0172
919.46826
637.0172
pt
908.9512
646.03143
908.9512
646.03143
908.9512
646.03143
pt
895.43
650.5384
895.43
650.5384
895.43
650.5384
pt
880.4055
649.0363
880.4055
649.0363
880.4055
649.0363
pt
872.89404
643.027
872.89404
643.027
872.89404
643.027
pt
865.38184
634.01245
865.38184
634.01245
865.38184
634.01245
pt
863.8796
623.49567
863.8796
623.49567
863.8796
623.49567
pt
863.8796
609.97394
863.8796
609.97394
863.8796
609.97394
pt
874.39624
597.9547
874.39624
597.9547
874.39624
597.9547
pt
883.41064
590.4427
883.41064
590.4427
883.41064
590.4427
pt
896.93225
587.4379
896.93225
587.4379
896.93225
587.4379
pt
905.9465
587.4379
905.9465
587.4379
905.9465
587.4379
pt
914.9608
591.9453
914.9608
591.9453
914.9608
591.9453
pt
923.9752
603.9646
923.9752
603.9646
923.9752
603.9646
pt
928.4824
617.48596
928.4824
617.48596
928.4824
617.48596

satin
20.0
16.0
false
true
pt
896.93225
578.42334
896.93225
578.42334
896.93225
578.42334
pt
902.94165
582.93085
902.94165
582.93085
902.94165
582.93085
pt
935.99475
588.9405
935.99475
588.9405
935.99475
588.9405
pt
931.4871
618.9885
931.4871
618.9885
931.4871
618.9885
pt
957.02826
620.4909
957.02826
620.4909
957.02826
620.4909
pt
923.9752
641.5243
923.9752
641.5243
923.9752
641.5243
pt
946.51117
662.5579
946.51117
662.5579
946.51117
662.5579
pt
905.9465
656.5482
905.9465
656.5482
905.9465
656.5482
pt
914.9608
683.59155
914.9608
683.59155
914.9608
683.59155
pt
878.90326
656.5482
878.90326
656.5482
878.90326
656.5482
pt
874.39624
680.5865
874.39624
680.5865
874.39624
680.5865
pt
860.87463
638.5196
860.87463
638.5196
860.87463
638.5196
pt
842.84564
659.553
842.84564
659.553
842.84564
659.553
pt
857.8701
621.9931
857.8701
621.9931
857.8701
621.9931
pt
830.8267
620.4909
830.8267
620.4909
830.8267
620.4909
pt
857.8701
605.4669
857.8701
605.4669
857.8701
605.4669
pt
835.33386
597.9547
835.33386
597.9547
835.33386
597.9547
pt
866.88416
594.94995
866.88416
594.94995
866.88416
594.94995
pt
857.8701
570.9117
857.8701
570.9117
857.8701
570.9117
pt
880.4055
585.9355
880.4055
585.9355
880.4055
585.9355

satin
20.0
6.0
false
false
pt
859.37225
572.41406
859.37225
572.41406
859.37225
572.41406
pt
884.9128
582.93085
884.9128
582.93085
884.9128
582.93085
pt
889.4201
567.90704
889.4201
567.90704
889.4201
567.90704
pt
904.4442
578.42334
904.4442
578.42334
904.4442
578.42334
pt
908.9512
572.41406
908.9512
572.41406
908.9512
572.41406
pt
919.46826
582.93085
919.46826
582.93085
919.46826
582.93085

running
20.0
4.0
false
pt
872.89404
569.4092
872.89404
569.4092
872.89404
569.4092
pt
835.33386
614.4812
833.83105
581.42834
836.8362
647.53394
pt
892.42487
679.084
857.8701
683.59155
926.9801
674.57697
pt
948.01373
628.0028
948.01373
655.0458
948.01373
600.9596
pt
934.492
588.9405
934.492
588.9405
934.492
588.9405

running
7.0
4.0
true
pt
925.47766
609.97394
925.47766
609.97394
925.47766
609.97394
pt
919.46826
587.4379
919.46826
587.4379
919.46826
587.4379
pt
887.9178
572.41406
887.9178
572.41406
887.9178
572.41406
pt
842.84564
620.4909
839.8408
582.93085
845.8506
658.05054
pt
893.9277
671.5724
877.4008
670.07
910.454
673.07477
pt
940.50134
634.01245
942.00433
662.5579
938.99945
605.4669
pt
928.4824
588.9405
928.4824
588.9405
928.4824
588.9405
pt
848.8553
573.9164
906.82745
553.7523
814.29987
585.9355
pt
847.35297
662.5579
847.35297
662.5579
847.35297
662.5579
pt
934.492
673.07477
888.0976
707.8707
964.54016
650.5384
pt
955.52576
618.9885
955.52576
618.9885
955.52576
618.9885

running
20.0
4.0
false
pt
949.5162
606.9692
949.5162
606.9692
949.5162
606.9692
pt
967.5447
634.01245
967.5447
634.01245
967.5447
634.01245
pt
975.057
655.0458
975.057
655.0458
975.057
655.0458
pt
982.56915
668.56757
982.56915
668.56757
982.56915
668.56757
pt
984.0715
679.084
984.0715
679.084
984.0715
679.084
pt
970.5498
676.0794
970.5498
676.0794
970.5498
676.0794
pt
874.39624
682.089
932.9901
694.1082
815.8025
670.07
pt
773.7355
635.5148
773.7355
635.5148
773.7355
635.5148
pt
875.8986
695.6108
814.29987
689.601
936.3799
701.51154
pt
904.4442
697.11316
904.4442
697.11316
904.4442
697.11316
pt
874.39624
695.6108
931.4871
704.62537
817.30524
686.5964
pt
782.74994
644.52924
782.74994
644.52924
782.74994
644.52924
pt
874.39624
715.14197
800.77875
706.12756
948.01373
724.1562
pt
981.0664
682.089
981.0664
682.089
981.0664
682.089
pt
943.50653
748.19464
943.50653
748.19464
943.50653
748.19464
pt
942.00433
758.7114
942.00433
758.7114
942.00433
758.7114
pt
935.99475
736.1757
935.99475
736.1757
935.99475
736.1757
pt
926.9801
713.63965
926.9801
713.63965
926.9801
713.63965

running
10.0
33.0
true
pt
1024.6361
963.03754
1024.6361
963.03754
1024.6361
963.03754
pt
1020.1291
923.9752
1020.1291
923.9752
1020.1291
923.9752
pt
1003.6022
886.41534
1003.6022
886.41534
1003.6022
886.41534
pt
982.56915
844.34827
982.56915
844.34827
982.56915
844.34827
pt
970.5498
820.3099
970.5498
820.3099
970.5498
820.3099
pt
963.03754
790.262
963.03754
790.262
963.03754
790.262
pt
963.03754
764.7208
963.03754
764.7208
963.03754
764.7208
pt
969.0475
736.1757
969.0475
736.1757
969.0475
736.1757
pt
978.06213
716.64435
978.06213
716.64435
978.06213
716.64435
pt
985.57367
697.11316
985.57367
697.11316
985.57367
697.11316
pt
1021.6311
703.12286
1021.6311
703.12286
1021.6311
703.12286
pt
1029.1434
691.10364
1029.1434
691.10364
1029.1434
691.10364
pt
1017.12415
665.563
1017.12415
665.563
1017.12415
665.563
pt
1005.10474
635.5148
1005.10474
635.5148
1005.10474
635.5148
pt
993.0855
606.9692
993.0855
606.9692
993.0855
606.9692
pt
979.5644
579.9261
979.5644
579.9261
979.5644
579.9261
pt
957.02826
552.8826
957.02826
552.8826
957.02826
552.8826
pt
999.0951
576.92126
999.0951
576.92126
999.0951
576.92126
pt
1014.1194
611.47644
1014.1194
611.47644
1014.1194
611.47644
pt
1032.148
658.05054
1032.148
658.05054
1032.148
658.05054
pt
1042.6648
686.5964
1042.6648
686.5964
1042.6648
686.5964
pt
1042.6648
704.62537
1042.6648
704.62537
1042.6648
704.62537
pt
1029.1434
719.6491
1029.1434
719.6491
1029.1434
719.6491
pt
994.5882
715.14197
994.5882
715.14197
994.5882
715.14197
pt
985.57367
740.68286
985.57367
740.68286
985.57367
740.68286
pt
978.06213
773.7355
978.06213
773.7355
978.06213
773.7355
pt
982.56915
803.7834
982.56915
803.7834
982.56915
803.7834
pt
990.08093
833.83105
990.08093
833.83105
990.08093
833.83105
pt
1005.10474
862.377
1005.10474
862.377
1005.10474
862.377
pt
1023.13336
890.9223
1023.13336
890.9223
1023.13336
890.9223
pt
1032.148
914.9608
1032.148
914.9608
1032.148
914.9608
pt
1035.1531
946.51117
1035.1531
946.51117
1035.1531
946.51117
pt
1036.6556
960.0329
1036.6556
960.0329
1036.6556
960.0329
pt
1048.6748
952.52075
1048.6748
952.52075
1048.6748
952.52075
pt
1039.6602
884.9128
1051.6793
910.454
1027.641
859.37225
pt
993.0855
782.74994
991.58344
829.3243
994.5882
736.1757
pt
1002.1003
730.16595
1002.1003
730.16595
1002.1003
730.16595
pt
1056.1865
712.1373
1056.1865
743.6873
1056.1865
680.5865
pt
1051.6793
664.06036
1051.6793
664.06036
1051.6793
664.06036
pt
1027.641
600.9596
1027.641
600.9596
1027.641
600.9596
pt
1057.6891
631.00757
1057.6891
631.00757
1057.6891
631.00757
pt
1071.2108
682.089
1071.2108
682.089
1071.2108
682.089
pt
1068.2057
724.1562
1068.2057
724.1562
1068.2057
724.1562
pt
1050.177
745.18994
1050.177
745.18994
1050.177
745.18994
pt
1023.13336
743.6873
1023.13336
743.6873
1023.13336
743.6873
pt
1008.10956
746.69226
1008.10956
746.69226
1008.10956
746.69226
pt
1003.6022
778.2428
1003.6022
778.2428
1003.6022
778.2428
pt
1009.61194
802.2809
1009.61194
802.2809
1009.61194
802.2809
pt
1024.6361
832.32904
1024.6361
832.32904
1024.6361
832.32904
pt
1041.1624
847.35297
1041.1624
847.35297
1041.1624
847.35297
pt
1054.684
877.4008
1054.684
877.4008
1054.684
877.4008
pt
1059.1913
919.46826
1059.1913
919.46826
1059.1913
919.46826
pt
1063.6986
940.50134
1063.6986
940.50134
1063.6986
940.50134
pt
1080.2249
916.463
1080.2249
916.463
1080.2249
916.463
pt
1074.2151
872.89404
1074.2151
872.89404
1074.2151
872.89404
pt
1065.2008
842.84564
1066.7035
842.84564
1063.6986
842.84564
pt
1048.6748
832.32904
1048.6748
832.32904
1048.6748
832.32904
pt
1032.148
811.2955
1032.148
811.2955
1032.148
811.2955
pt
1026.1384
775.23785
1026.1384
775.23785
1026.1384
775.23785
pt
1027.641
763.2188
1027.641
763.2188
1027.641
763.2188
pt
1047.1719
757.209
1047.1719
757.209
1047.1719
757.209
pt
1065.2008
751.1995
1065.2008
751.1995
1065.2008
751.1995
pt
1078.7228
733.1706
1078.7228
733.1706
1078.7228
733.1706
pt
1081.7273
707.6298
1081.7273
707.6298
1081.7273
707.6298
pt
1083.2299
686.5964
1083.2299
686.5964
1083.2299
686.5964
pt
1083.2299
668.56757
1083.2299
668.56757
1083.2299
668.56757
pt
1102.7607
712.1373
1102.7607
712.1373
1102.7607
712.1373
pt
1096.7512
736.1757
1096.7512
736.1757
1096.7512
736.1757
pt
1087.737
755.70667
1087.737
755.70667
1087.737
755.70667
pt
1071.2108
766.2236
1071.2108
766.2236
1071.2108
766.2236
pt
1051.6793
773.7355
1051.6793
773.7355
1051.6793
773.7355
pt
1038.158
779.7449
1038.158
779.7449
1038.158
779.7449
pt
1038.158
797.7738
1038.158
797.7738
1038.158
797.7738
pt
1051.6793
814.29987
1051.6793
814.29987
1051.6793
814.29987
pt
1065.2008
824.8172
1065.2008
824.8172
1065.2008
824.8172
pt
1080.2249
850.358
1080.2249
850.358
1080.2249
850.358
pt
1086.2345
880.4055
1086.2345
880.4055
1086.2345
880.4055
pt
1090.7417
901.4396
1090.7417
901.4396
1090.7417
901.4396
pt
1104.2634
880.4055
1104.2634
880.4055
1104.2634
880.4055
pt
1099.756
854.8652
1099.756
854.8652
1099.756
854.8652
pt
1096.7512
829.3243
1096.7512
829.3243
1096.7512
829.3243
pt
1074.2151
817.30524
1074.2151
817.30524
1074.2151
817.30524
pt
1057.6891
800.77875
1057.6891
800.77875
1057.6891
800.77875
pt
1056.1865
790.262
1056.1865
790.262
1056.1865
790.262
pt
1074.2151
779.7449
1074.2151
779.7449
1074.2151
779.7449
pt
1095.2488
766.2236
1095.2488
766.2236
1095.2488
766.2236
pt
1104.2634
755.70667
1104.2634
755.70667
1104.2634
755.70667
pt
1110.2728
736.1757
1110.2728
736.1757
1110.2728
736.1757
pt
1117.7844
761.71625
1117.7844
761.71625
1117.7844
761.71625
pt
1107.268
775.23785
1107.268
775.23785
1107.268
775.23785
pt
1092.2441
787.2567
1092.2441
787.2567
1092.2441
787.2567
pt
1078.7228
793.2666
1078.7228
793.2666
1078.7228
793.2666
pt
1081.7273
806.78827
1081.7273
806.78827
1081.7273
806.78827
pt
1098.2534
812.7979
1098.2534
812.7979
1098.2534
812.7979
pt
1105.7653
824.8172
1105.7653
824.8172
1105.7653
824.8172
pt
1110.2728
845.8506
1110.2728
845.8506
1110.2728
845.8506
pt
1111.775
862.377
1111.775
862.377
1111.775
862.377
pt
1120.7899
832.32904
1120.7899
832.32904
1120.7899
832.32904
pt
1111.775
805.2858
1111.775
805.2858
1111.775
805.2858
pt
1096.7512
802.2809
1096.7512
802.2809
1096.7512
802.2809
pt
1095.2488
796.27136
1095.2488
796.27136
1095.2488
796.27136
pt
1110.2728
788.7595
1110.2728
788.7595
1110.2728
788.7595
pt
1119.2872
778.2428
1119.2872
778.2428
1119.2872
778.2428
pt
1119.2872
791.7643
1119.2872
791.7643
1119.2872
791.7643
pt
1113.278
796.27136
1113.278
796.27136
1113.278
796.27136
pt
1119.2872
800.77875
1119.2872
800.77875
1119.2872
800.77875

running
10.0
33.0
true
pt
501.8011
969.0475
501.8011
969.0475
501.8011
969.0475
pt
531.8493
967.5447
531.8493
967.5447
531.8493
967.5447
pt
552.8826
976.5595
552.8826
976.5595
552.8826
976.5595
pt
641.5243
999.0951
641.5243
999.0951
641.5243
999.0951
pt
728.66376
1020.1291
728.66376
1020.1291
728.66376
1020.1291
pt
739.1802
1062.1958
739.1802
1062.1958
739.1802
1062.1958
pt
724.1562
1063.6986
724.1562
1063.6986
724.1562
1063.6986
pt
718.14655
1029.1434
718.14655
1029.1434
718.14655
1029.1434
pt
617.48596
1006.60706
617.48596
1006.60706
617.48596
1006.60706
pt
546.87317
985.57367
546.87317
985.57367
546.87317
985.57367
pt
530.3467
976.5595
530.3467
976.5595
530.3467
976.5595
pt
507.81082
976.5595
507.81082
976.5595
507.81082
976.5595
pt
501.8011
982.56915
501.8011
982.56915
501.8011
982.56915
pt
515.3228
990.08093
515.3228
990.08093
515.3228
990.08093
pt
530.3467
990.08093
530.3467
990.08093
530.3467
990.08093
pt
548.3756
996.0903
548.3756
996.0903
548.3756
996.0903
pt
618.9885
1018.62616
618.9885
1018.62616
618.9885
1018.62616
pt
706.12756
1036.6556
706.12756
1036.6556
706.12756
1036.6556
pt
709.1323
1062.1958
709.1323
1062.1958
709.1323
1062.1958
pt
694.1082
1060.6934
694.1082
1060.6934
694.1082
1060.6934
pt
694.1082
1044.167
694.1082
1044.167
694.1082
1044.167
pt
614.4812
1029.1434
614.4812
1029.1434
614.4812
1029.1434
pt
548.3756
1003.6022
548.3756
1003.6022
548.3756
1003.6022
pt
534.8542
1002.1003
534.8542
1002.1003
534.8542
1002.1003
pt
581.42834
1027.641
581.42834
1027.641
581.42834
1027.641
pt
677.58203
1051.6793
677.58203
1051.6793
677.58203
1051.6793
pt
676.0794
1057.6891
676.0794
1057.6891
676.0794
1057.6891
pt
1027.641
970.5498
833.83105
1105.7653
1221.4501
835.33386

running
11.0
33.0
true
pt
428.1838
703.12286
428.1838
703.12286
428.1838
703.12286
pt
444.71005
683.59155
444.71005
683.59155
444.71005
683.59155
pt
474.7581
676.0794
474.7581
676.0794
474.7581
676.0794
pt
530.3467
680.5865
530.3467
680.5865
530.3467
680.5865
pt
579.9261
695.6108
579.9261
695.6108
579.9261
695.6108
pt
573.9164
721.15155
573.9164
721.15155
573.9164
721.15155
pt
569.4092
737.678
569.4092
737.678
569.4092
737.678
pt
549.878
736.1757
549.878
736.1757
549.878
736.1757
pt
524.3374
737.678
524.3374
737.678
524.3374
737.678
pt
512.31805
745.18994
512.31805
745.18994
512.31805
745.18994
pt
509.31308
761.71625
509.31308
761.71625
509.31308
761.71625
pt
507.81082
775.23785
507.81082
775.23785
507.81082
775.23785
pt
491.28458
808.2908
491.28458
808.2908
491.28458
808.2908
pt
473.25558
851.86005
473.25558
851.86005
473.25558
851.86005
pt
459.73413
901.4396
459.73413
901.4396
459.73413
901.4396
pt
456.7293
925.47766
456.7293
925.47766
456.7293
925.47766
pt
461.2365
949.5162
461.2365
949.5162
461.2365
949.5162
pt
440.20276
926.9801
440.20276
926.9801
440.20276
926.9801
pt
440.20276
904.4442
440.20276
904.4442
440.20276
904.4442
pt
446.21243
875.8986
446.21243
875.8986
446.21243
875.8986
pt
459.73413
838.3386
459.73413
838.3386
459.73413
838.3386
pt
476.26038
799.27625
476.26038
799.27625
476.26038
799.27625
pt
491.28458
767.7259
491.28458
767.7259
491.28458
767.7259
pt
497.2941
734.6732
497.2941
734.6732
497.2941
734.6732
pt
510.81555
721.15155
510.81555
721.15155
510.81555
721.15155
pt
530.3467
719.6491
530.3467
719.6491
530.3467
719.6491
pt
554.385
721.15155
554.385
721.15155
554.385
721.15155
pt
560.39496
704.62537
560.39496
704.62537
560.39496
704.62537
pt
531.8493
697.11316
531.8493
697.11316
531.8493
697.11316
pt
504.80597
692.6059
504.80597
692.6059
504.80597
692.6059
pt
470.25067
689.601
470.25067
689.601
470.25067
689.601
pt
449.2173
700.11804
449.2173
700.11804
449.2173
700.11804
pt
431.1885
718.14655
431.1885
718.14655
431.1885
718.14655
pt
416.16452
719.6491
416.16452
719.6491
416.16452
719.6491
pt
401.14044
721.15155
401.14044
721.15155
401.14044
721.15155
pt
393.62836
737.678
393.62836
737.678
393.62836
737.678
pt
429.68613
736.1757
429.68613
736.1757
429.68613
736.1757
pt
453.7246
718.14655
453.7246
718.14655
453.7246
718.14655
pt
480.7676
703.12286
480.7676
703.12286
480.7676
703.12286
pt
507.81082
704.62537
507.81082
704.62537
507.81082
704.62537
pt
486.7773
721.15155
486.7773
721.15155
486.7773
721.15155
pt
480.7676
743.6873
480.7676
743.6873
480.7676
743.6873
pt
474.7581
772.2329
474.7581
772.2329
474.7581
772.2329
pt
446.21243
821.8119
446.21243
821.8119
446.21243
821.8119
pt
434.19327
854.8652
434.19327
854.8652
434.19327
854.8652
pt
428.1838
884.9128
428.1838
883.41064
428.1838
886.41534
pt
425.179
908.9512
425.179
908.9512
425.179
908.9512
pt
408.65262
889.4201
408.65262
889.4201
408.65262
889.4201
pt
419.1693
842.84564
419.1693
842.84564
419.1693
842.84564
pt
434.19327
808.2908
434.19327
809.79333
434.19327
806.78827
pt
455.227
772.2329
455.227
772.2329
455.227
772.2329
pt
465.74356
746.69226
465.74356
746.69226
465.74356
746.69226
pt
468.74857
725.6587
468.74857
725.6587
468.74857
725.6587
pt
446.21243
743.6873
446.21243
743.6873
446.21243
743.6873
pt
432.69092
751.1995
432.69092
751.1995
432.69092
751.1995
pt
410.15494
748.19464
410.15494
748.19464
410.15494
748.19464
pt
389.1214
752.7022
389.1214
752.7022
389.1214
752.7022
pt
384.61414
773.7355
384.61414
773.7355
384.61414
773.7355
pt
411.65735
766.2236
411.65735
766.2236
411.65735
766.2236
pt
429.68613
769.2283
429.68613
769.2283
429.68613
769.2283
pt
449.2173
758.7114
449.2173
758.7114
449.2173
758.7114
pt
428.1838
787.2567
428.1838
787.2567
428.1838
787.2567
pt
411.65735
817.30524
411.65735
817.30524
411.65735
817.30524
pt
398.13568
845.8506
398.13568
845.8506
398.13568
845.8506
pt
395.131
859.37225
395.131
859.37225
395.131
859.37225
pt
389.1214
836.8362
389.1214
836.8362
389.1214
836.8362
pt
404.1454
809.79333
404.1454
809.79333
404.1454
809.79333
pt
416.16452
788.7595
416.16452
788.7595
416.16452
788.7595
pt
413.15967
779.7449
413.15967
779.7449
413.15967
779.7449
pt
392.12625
785.7546
392.12625
785.7546
392.12625
785.7546
pt
380.1069
791.7643
380.1069
791.7643
380.1069
791.7643
pt
383.1118
806.78827
383.1118
806.78827
383.1118
806.78827
pt
396.6333
797.7738
396.6333
797.7738
396.6333
797.7738
pt
390.62375
814.29987
390.62375
814.29987
390.62375
814.29987
pt
384.61414
821.8119
384.61414
821.8119
384.61414
821.8119
pt
479.26526
964.54016
398.13568
910.454
560.39496
1018.62616

running
10.0
33.0
true
pt
764.7208
518.3278
764.7208
518.3278
764.7208
518.3278
pt
833.83105
519.8301
833.83105
519.8301
833.83105
519.8301
pt
916.463
537.85864
916.463
537.85864
916.463
537.85864
pt
799.27625
561.89746
835.33386
524.3374
761.57495
601.16943
pt
761.71625
599.4572
761.71625
599.4572
761.71625
599.4572
pt
718.14655
618.9885
718.14655
618.9885
718.14655
618.9885
pt
691.10364
611.47644
691.10364
611.47644
691.10364
611.47644
pt
658.05054
594.94995
658.05054
594.94995
658.05054
594.94995
pt
618.9885
588.9405
618.9885
588.9405
618.9885
588.9405
pt
590.4427
591.9453
590.4427
591.9453
590.4427
591.9453
pt
563.3995
609.97394
563.3995
609.97394
563.3995
609.97394
pt
552.8826
626.5003
552.8826
626.5003
552.8826
626.5003
pt
530.3467
621.9931
530.3467
621.9931
530.3467
621.9931
pt
513.8205
606.9692
513.8205
606.9692
513.8205
606.9692
pt
504.80597
590.4427
504.80597
590.4427
504.80597
590.4427
pt
521.3324
576.92126
521.3324
576.92126
521.3324
576.92126
pt
527.342
594.94995
527.342
594.94995
527.342
594.94995
pt
539.3614
606.9692
539.3614
606.9692
539.3614
606.9692
pt
552.8826
596.45245
552.8826
596.45245
552.8826
596.45245
pt
572.41406
582.93085
572.41406
582.93085
572.41406
582.93085
pt
597.9547
573.9164
597.9547
573.9164
597.9547
573.9164
pt
624.998
567.90704
624.998
567.90704
624.998
567.90704
pt
653.54333
570.9117
653.54333
570.9117
653.54333
570.9117
pt
688.0989
578.42334
688.0989
578.42334
688.0989
578.42334
pt
721.15155
581.42834
721.15155
581.42834
721.15155
581.42834
pt
748.19464
572.41406
748.19464
572.41406
748.19464
572.41406
pt
778.2428
554.385
778.2428
554.385
778.2428
554.385
pt
805.2858
533.35175
805.2858
533.35175
805.2858
533.35175
pt
824.8172
525.83966
824.8172
525.83966
824.8172
525.83966
pt
844.34827
521.3324
844.34827
521.3324
844.34827
521.3324
pt
799.27625
516.8254
799.27625
516.8254
799.27625
516.8254
pt
775.23785
533.35175
775.23785
533.35175
775.23785
533.35175
pt
748.19464
551.3804
748.19464
551.3804
748.19464
551.3804
pt
716.64435
560.39496
716.64435
560.39496
716.64435
560.39496
pt
688.0989
558.8922
688.0989
558.8922
688.0989
558.8922
pt
653.54333
552.8826
653.54333
552.8826
653.54333
552.8826
pt
617.48596
554.385
617.48596
554.385
617.48596
554.385
pt
584.43317
561.89746
584.43317
561.89746
584.43317
561.89746
pt
554.385
570.9117
554.385
570.9117
554.385
570.9117
pt
545.37085
578.42334
545.37085
578.42334
545.37085
578.42334
pt
540.86365
567.90704
540.86365
567.90704
540.86365
567.90704
pt
582.93085
546.87317
582.93085
546.87317
582.93085
546.87317
pt
624.998
539.3614
624.998
539.3614
624.998
539.3614
pt
664.06036
534.8542
664.06036
534.8542
664.06036
534.8542
pt
694.1082
537.85864
694.1082
537.85864
694.1082
537.85864
pt
718.14655
537.85864
718.14655
537.85864
718.14655
537.85864
pt
746.69226
528.84454
746.69226
528.84454
746.69226
528.84454
pt
767.7259
516.8254
767.7259
516.8254
767.7259
516.8254
pt
410.15494
697.11316
525.83966
495.79172
294.47025
898.4346

satin
7.0
36.0
true
true
pt
748.19464
452.2221
748.19464
452.2221
748.19464
452.2221
pt
748.19464
491.28458
748.19464
491.28458
748.19464
491.28458
pt
1188.3972
785.7546
1170.0737
439.63055
1201.9192
1041.1624
pt
1152.3403
785.7546
1118.2461
462.9976
1174.8759
999.0951
pt
865.38184
1104.2634
865.38184
1104.2634
865.38184
1104.2634
pt
860.87463
1072.7129
860.87463
1072.7129
860.87463
1072.7129
pt
438.7004
1011.1143
635.5148
1165.8617
259.59708
870.29266
pt
461.2365
984.0715
666.6289
1142.2052
291.46542
853.36237
pt
335.035
697.11316
335.035
697.11316
335.035
697.11316
pt
374.09732
710.6345
374.09732
709.1323
374.09732
712.1373
pt
719.6491
450.7198
394.2444
468.79752
746.69226
449.2173
pt
722.6539
492.78683
434.5502
509.7342
748.19464
491.28458
pt
749.6972
450.7198
749.6972
450.7198
749.6972
450.7198
pt
751.1995
491.28458
751.1995
491.28458
751.1995
491.28458

satin
7.0
33.0
true
true
pt
748.19464
489.7822
748.19464
489.7822
748.19464
489.7822
pt
748.4578
516.52344
748.4578
516.52344
748.4578
516.52344
pt
1153.882
787.72797
1122.7897
472.47742
1174.8759
1000.5978
pt
1120.6733
787.72797
1089.2722
490.4714
1141.4283
984.214
pt
856.3676
1077.2198
856.3676
1077.2198
856.3676
1077.2198
pt
850.358
1054.684
850.358
1054.684
850.358
1054.684
pt
464.2412
990.08093
645.5057
1132.6014
299.2882
860.3851
pt
482.27008
967.5447
671.4348
1113.1855
325.91214
847.163
pt
372.59497
716.64435
372.59497
716.64435
372.59497
716.64435
pt
399.63812
724.1562
399.63812
722.7726
399.63812
725.5401
pt
722.6539
491.28458
423.0505
509.512
745.6761
489.88382
pt
724.935
517.90704
459.59357
533.51575
748.4578
516.52344
pt
748.19464
489.7822
748.19464
489.7822
748.19464
489.7822
pt
751.22546
516.52344
751.22546
516.52344
751.22546
516.52344

