satin
20.0
3.0
false
false
pt
399.71964
217.89229
399.71964
217.89229
399.71964
217.89229
pt
363.65472
238.93018
363.65472
238.93018
363.65472
238.93018
pt
401.22238
291.5249
401.22238
291.5249
401.22238
291.5249
pt
366.6601
287.0167
366.6601
287.0167
366.6601
287.0167
pt
395.2116
314.06537
395.2116
314.06537
395.2116
314.06537
pt
362.152
300.54114
362.152
300.54114
362.152
300.54114
pt
368.1629
329.09247
368.1629
329.09247
368.1629
329.09247
pt
351.63312
308.0547
351.63312
308.0547
351.63312
308.0547
pt
288.5194
369.66556
288.5194
369.66556
288.5194
369.66556
pt
311.06006
327.5898
311.06006
327.5898
311.06006
327.5898
pt
270.48697
380.18448
270.48697
380.18448
270.48697
380.18448
pt
288.5194
357.64395
288.5194
357.64395
288.5194
357.64395
pt
274.99506
365.15732
274.99506
365.15732
274.99506
365.15732
pt
297.53574
345.62225
297.53574
345.62225
297.53574
345.62225
pt
274.99506
347.12506
274.99506
347.12506
274.99506
347.12506
pt
311.06006
323.08167
311.06006
323.08167
311.06006
323.08167
pt
271.98962
142.75699
271.98962
142.75699
271.98962
142.75699
pt
308.0547
147.26517
308.0547
147.26517
308.0547
147.26517
pt
259.968
132.23808
259.968
132.23808
259.968
132.23808
pt
282.5086
141.2543
282.5086
141.2543
282.5086
141.2543
pt
279.50323
126.22724
279.50323
126.22724
279.50323
126.22724
pt
311.06006
145.76245
311.06006
145.76245
311.06006
145.76245
pt
344.1196
96.173134
344.1196
96.173134
344.1196
96.173134
pt
344.1196
127.72993
344.1196
127.72993
344.1196
127.72993
pt
383.18982
90.162315
383.18982
90.162315
383.18982
90.162315
pt
359.1465
126.22724
359.1465
126.22724
359.1465
126.22724
pt
398.21692
105.18941
398.21692
105.18941
398.21692
105.18941
pt
362.152
138.24895
362.152
138.24895
362.152
138.24895
pt
398.21692
166.8003
398.21692
166.8003
398.21692
166.8003
pt
363.65472
183.33005
363.65472
183.33005
363.65472
183.33005
pt
393.70892
189.3409
393.70892
189.3409
393.70892
189.3409
pt
360.64926
193.84895
360.64926
193.84895
360.64926
193.84895
pt
380.18448
205.87067
380.18448
205.87067
380.18448
205.87067
pt
348.6276
208.87605
348.6276
208.87605
348.6276
208.87605

satin
20.0
3.0
false
false
pt
330.5952
187.8382
330.5952
187.8382
330.5952
187.8382
pt
323.08167
222.40028
323.08167
222.40028
323.08167
222.40028
pt
350.13043
196.85446
350.13043
196.85446
350.13043
196.85446
pt
338.10873
229.9139
338.10873
229.9139
338.10873
229.9139
pt
372.67093
195.3517
372.67093
195.3517
372.67093
195.3517
pt
354.63855
229.9139
354.63855
229.9139
354.63855
229.9139
pt
393.70892
201.36249
393.70892
201.36249
393.70892
201.36249
pt
362.152
234.42201
362.152
234.42201
362.152
234.42201
pt
401.22238
220.8976
401.22238
220.8976
401.22238
220.8976
pt
369.66556
234.42201
369.66556
234.42201
369.66556
234.42201

satin
20.0
3.0
false
false
pt
447.80615
105.18941
447.80615
105.18941
447.80615
105.18941
pt
495.89276
94.67045
495.89276
94.67045
495.89276
94.67045
pt
453.81705
115.70831
453.81705
115.70831
453.81705
115.70831
pt
491.38458
109.697495
491.38458
109.697495
491.38458
109.697495
pt
435.78458
261.4708
435.78458
261.4708
435.78458
261.4708
pt
471.84943
238.93018
471.84943
238.93018
471.84943
238.93018
pt
441.7952
284.0113
441.7952
284.0113
441.7952
284.0113
pt
473.35217
252.45448
473.35217
252.45448
473.35217
252.45448
pt
461.33054
290.0221
461.33054
290.0221
461.33054
290.0221
pt
488.37933
250.95172
488.37933
250.95172
488.37933
250.95172
pt
578.54175
262.97342
578.54175
262.97342
578.54175
262.97342
pt
548.4874
237.42743
548.4874
237.42743
548.4874
237.42743
pt
593.56866
249.44919
593.56866
249.44919
593.56866
249.44919
pt
557.5038
229.9139
557.5038
229.9139
557.5038
229.9139
pt
595.0715
226.90852
595.0715
226.90852
595.0715
226.90852
pt
557.5038
214.88686
557.5038
214.88686
557.5038
214.88686
pt
571.02795
100.681244
571.02795
100.681244
571.02795
100.681244
pt
536.46594
102.18398
536.46594
102.18398
536.46594
102.18398
pt
569.5256
82.6488
569.5256
82.6488
569.5256
82.6488
pt
525.94684
88.65964
525.94684
88.65964
525.94684
88.65964

satin
20.0
3.0
false
false
pt
755.86096
75.135284
755.86096
75.135284
755.86096
75.135284
pt
755.86096
109.697495
755.86096
109.697495
755.86096
109.697495
pt
740.8338
73.63258
740.8338
73.63258
740.8338
73.63258
pt
742.33685
103.68669
742.33685
103.68669
742.33685
103.68669
pt
640.1525
73.63258
640.1525
73.63258
640.1525
73.63258
pt
667.2012
103.68669
667.2012
103.68669
667.2012
103.68669
pt
620.6174
82.6488
620.6174
82.6488
620.6174
82.6488
pt
658.18494
108.194786
658.18494
108.194786
658.18494
108.194786
pt
619.1144
106.692085
619.1144
106.692085
619.1144
106.692085
pt
659.68756
121.719124
659.68756
121.719124
659.68756
121.719124
pt
647.6661
238.93018
647.6661
238.93018
647.6661
238.93018
pt
679.2229
213.38417
679.2229
213.38417
679.2229
213.38417
pt
653.6771
250.95172
653.6771
250.95172
653.6771
250.95172
pt
682.22833
223.90308
682.22833
223.90308
682.22833
223.90308
pt
674.71466
258.46533
674.71466
258.46533
674.71466
258.46533
pt
697.2552
225.40576
697.2552
225.40576
697.2552
225.40576
pt
731.8173
258.46533
731.8173
258.46533
731.8173
258.46533
pt
716.79034
225.40576
716.79034
225.40576
716.79034
225.40576
pt
751.3528
250.95172
751.3528
250.95172
751.3528
250.95172
pt
724.304
228.41124
724.304
228.41124
724.304
228.41124
pt
758.8663
235.92471
758.8663
235.92471
758.8663
235.92471
pt
722.80133
214.88686
722.80133
214.88686
722.80133
214.88686
pt
760.36896
139.75162
760.36896
139.75162
760.36896
139.75162
pt
725.80676
166.8003
725.80676
166.8003
725.80676
166.8003
pt
698.75806
138.24895
698.75806
138.24895
698.75806
138.24895
pt
700.26086
171.30836
700.26086
171.30836
700.26086
171.30836

satin
20.0
3.0
false
false
pt
799.4393
72.12985
799.4393
72.12985
799.4393
72.12985
pt
844.52014
76.637955
844.52014
76.637955
844.52014
76.637955
pt
803.9473
82.6488
803.9473
82.6488
803.9473
82.6488
pt
838.5098
87.1569
838.5098
87.1569
838.5098
87.1569
pt
805.44995
238.93018
805.44995
238.93018
805.44995
238.93018
pt
841.51526
217.89229
841.51526
217.89229
841.51526
217.89229
pt
797.93634
255.45985
797.93634
255.45985
797.93634
255.45985
pt
840.0124
228.41124
840.0124
228.41124
840.0124
228.41124
pt
821.98
256.96268
821.98
256.96268
821.98
256.96268
pt
856.5418
229.9139
856.5418
229.9139
856.5418
229.9139
pt
895.6123
265.97885
895.6123
265.97885
895.6123
265.97885
pt
898.618
234.42201
898.618
234.42201
898.618
234.42201
pt
910.6394
271.98962
910.6394
271.98962
910.6394
271.98962
pt
913.64496
231.41663
913.64496
231.41663
913.64496
231.41663

satin
20.0
3.0
false
false
pt
954.2179
192.34627
954.2179
192.34627
954.2179
192.34627
pt
954.2179
175.81656
954.2179
175.81656
954.2179
175.81656
pt
975.2557
199.85982
975.2557
199.85982
975.2557
199.85982
pt
973.753
168.303
973.753
168.303
973.753
168.303
pt
1006.8125
204.36797
1006.8125
204.36797
1006.8125
204.36797
pt
1009.81793
178.82198
1009.81793
178.82198
1009.81793
178.82198
pt
1026.3479
214.88686
1026.3479
214.88686
1026.3479
214.88686
pt
1029.3531
180.32463
1029.3531
180.32463
1029.3531
180.32463

satin
20.0
3.0
false
false
pt
1045.8832
151.77327
1045.8832
151.77327
1045.8832
151.77327
pt
1047.3859
112.70288
1047.3859
112.70288
1047.3859
112.70288
pt
1029.3531
142.75699
1029.3531
142.75699
1029.3531
142.75699
pt
1029.3531
108.194786
1029.3531
108.194786
1029.3531
108.194786
pt
975.2557
129.23267
975.2557
129.23267
975.2557
129.23267
pt
934.6827
88.65964
934.6827
88.65964
934.6827
88.65964
pt
973.753
141.2543
973.753
141.2543
973.753
141.2543
pt
937.68805
108.194786
937.68805
108.194786
937.68805
108.194786
pt
973.753
243.43825
973.753
243.43825
973.753
243.43825
pt
939.191
261.4708
939.191
261.4708
939.191
261.4708
pt
973.753
249.44919
973.753
249.44919
973.753
249.44919
pt
934.6827
270.48697
934.6827
270.48697
934.6827
270.48697
pt
979.7639
249.44919
979.7639
249.44919
979.7639
249.44919
pt
949.7097
276.4979
949.7097
276.4979
949.7097
276.4979
pt
1036.8665
267.48163
1036.8665
267.48163
1036.8665
267.48163
pt
1033.8613
302.0438
1033.8613
302.0438
1033.8613
302.0438
pt
1047.3859
264.47617
1047.3859
264.47617
1047.3859
264.47617
pt
1047.3859
303.54654
1047.3859
303.54654
1047.3859
303.54654

satin
20.0
3.0
false
false
pt
1071.429
306.55182
1071.429
306.55182
1071.429
306.55182
pt
1118.013
323.08167
1118.013
323.08167
1118.013
323.08167
pt
1078.9421
297.53574
1078.9421
297.53574
1078.9421
297.53574
pt
1116.5098
308.0547
1116.5098
308.0547
1116.5098
308.0547
pt
1074.4342
66.11904
1074.4342
66.11904
1074.4342
66.11904
pt
1116.5098
117.211006
1116.5098
117.211006
1116.5098
117.211006
pt
1187.1373
108.194786
1187.1373
108.194786
1187.1373
108.194786
pt
1157.0835
132.23808
1157.0835
132.23808
1157.0835
132.23808
pt
1203.6674
120.21642
1203.6674
120.21642
1203.6674
120.21642
pt
1169.1046
135.24348
1169.1046
135.24348
1169.1046
135.24348
pt
1209.6779
141.2543
1209.6779
141.2543
1209.6779
141.2543
pt
1169.1046
145.76245
1169.1046
145.76245
1169.1046
145.76245
pt
1209.6779
220.8976
1209.6779
220.8976
1209.6779
220.8976
pt
1170.6079
205.87067
1170.6079
205.87067
1170.6079
205.87067
pt
1197.6564
240.43285
1197.6564
240.43285
1197.6564
240.43285
pt
1167.6024
216.38957
1167.6024
216.38957
1167.6024
216.38957
pt
1173.6132
247.94638
1173.6132
247.94638
1173.6132
247.94638
pt
1143.5587
196.85446
1143.5587
196.85446
1143.5587
196.85446

satin
20.0
3.0
false
false
pt
1146.5645
190.84358
1146.5645
190.84358
1146.5645
190.84358
pt
1127.0289
216.38957
1127.0289
216.38957
1127.0289
216.38957
pt
1178.1213
247.94638
1178.1213
247.94638
1178.1213
247.94638
pt
1142.0559
261.4708
1142.0559
261.4708
1142.0559
261.4708
pt
1185.6344
276.4979
1185.6344
276.4979
1185.6344
276.4979
pt
1146.5645
282.5086
1146.5645
282.5086
1146.5645
282.5086
pt
1190.143
315.5681
1190.143
315.5681
1190.143
315.5681
pt
1151.0725
320.07626
1151.0725
320.07626
1151.0725
320.07626
pt
1191.6456
329.09247
1191.6456
329.09247
1191.6456
329.09247
pt
1164.5969
345.62225
1164.5969
345.62225
1164.5969
345.62225
pt
1202.1646
336.606
1202.1646
336.606
1202.1646
336.606
pt
1191.6456
357.64395
1191.6456
357.64395
1191.6456
357.64395
pt
1211.1807
338.10873
1211.1807
338.10873
1211.1807
338.10873
pt
1208.1752
365.15732
1208.1752
365.15732
1208.1752
365.15732

