running
12.0
3.0
false
pt
757.0535
448.93713
500.23965
448.93713
1013.86774
448.93713
pt
1185.5665
784.9966
1185.5665
625.0382
1185.5665
944.955
pt
761.45636
1116.6536
1015.3351
1116.6536
507.57718
1116.6536
pt
319.7361
780.59406
321.20343
977.24066
318.26852
583.94824
pt
779.06647
448.93713
539.86237
447.4698
1018.2704
450.40482

running
22.0
3.0
false
pt
756.62177
451.9878
502.47745
451.9878
1010.76624
451.9878
pt
1180.6793
784.5536
1180.6793
626.2581
1180.6793
942.84924
pt
760.9783
1112.7626
1012.2177
1112.7626
509.7388
1112.7626
pt
323.85046
780.19727
325.30286
974.79956
322.3983
585.5954
pt
778.4053
451.9878
541.6882
450.53604
1015.12317
453.44043

