satin
20.0
4.0
false
false
pt
267.4672
381.66663
267.4672
381.66663
267.4672
381.66663
pt
296.01697
398.19543
296.01697
398.19543
296.01697
398.19543
pt
290.0065
362.1325
290.0065
362.1325
290.0065
362.1325
pt
332.0801
380.1638
332.0801
380.1638
332.0801
380.1638
pt
368.14307
320.05927
368.14307
320.05927
368.14307
320.05927
pt
404.20618
341.09555
404.20618
341.09555
404.20618
341.09555
pt
384.67136
305.03284
384.67136
305.03284
384.67136
305.03284
pt
420.73508
323.0642
420.73508
323.0642
420.73508
323.0642
pt
392.18494
287.00134
392.18494
287.00134
392.18494
287.00134
pt
426.74512
302.02728
426.74512
302.02728
426.74512
302.02728
pt
390.68228
210.36754
390.68228
210.36754
390.68228
210.36754
pt
429.75064
228.39865
429.75064
228.39865
429.75064
228.39865
pt
375.65573
187.82787
375.65573
187.82787
375.65573
187.82787
pt
410.21634
204.35698
410.21634
204.35698
410.21634
204.35698
pt
386.17444
172.80179
386.17444
172.80179
386.17444
172.80179
pt
422.23782
186.32535
422.23782
186.32535
422.23782
186.32535
pt
386.17444
106.68628
386.17444
106.68628
386.17444
106.68628
pt
420.73508
123.21511
420.73508
123.21511
420.73508
123.21511
pt
380.1638
94.66537
380.1638
94.66537
380.1638
94.66537
pt
417.7294
108.18894
417.7294
108.18894
417.7294
108.18894
pt
368.14307
87.15223
368.14307
87.15223
368.14307
87.15223
pt
404.20618
96.16784
404.20618
96.16784
404.20618
96.16784

satin
20.0
4.0
false
false
pt
378.66147
138.2414
378.66147
138.2414
378.66147
138.2414
pt
357.62436
118.707344
357.62436
118.707344
357.62436
118.707344
pt
327.57208
160.78091
327.57208
160.78091
327.57208
160.78091
pt
303.53006
141.24663
303.53006
141.24663
303.53006
141.24663
pt
333.5824
333.5824
333.5824
333.5824
333.5824
333.5824
pt
311.04327
324.56683
311.04327
324.56683
311.04327
324.56683
pt
336.58752
332.0801
330.57727
327.57208
342.5984
336.58752

running
20.0
4.0
false
pt
353.1167
318.55627
353.1167
318.55627
353.1167
318.55627
pt
375.65573
302.02728
375.65573
302.02728
375.65573
302.02728
pt
375.65573
252.44089
375.65573
252.44089
375.65573
252.44089

satin
20.0
4.0
false
false
pt
321.56183
228.39865
321.56183
228.39865
321.56183
228.39865
pt
351.61392
252.44089
351.61392
252.44089
351.61392
252.44089
pt
366.6402
225.39351
366.6402
225.39351
366.6402
225.39351
pt
383.16913
249.43564
383.16913
249.43564
383.16913
249.43564

satin
20.0
4.0
false
false
pt
435.76114
274.98044
435.76114
274.98044
435.76114
274.98044
pt
462.80826
306.53534
462.80826
306.53534
462.80826
306.53534
pt
450.78702
280.9906
450.78702
280.9906
450.78702
280.9906
pt
479.33685
315.5512
479.33685
315.5512
479.33685
315.5512
pt
474.82938
277.98535
474.82938
277.98535
474.82938
277.98535
pt
494.36295
312.5458
494.36295
312.5458
494.36295
312.5458
pt
578.5104
253.94356
578.5104
253.94356
578.5104
253.94356
pt
590.5311
290.0065
590.5311
290.0065
590.5311
290.0065
pt
589.0286
234.40947
589.0286
234.40947
589.0286
234.40947
pt
614.5731
273.4779
614.5731
273.4779
614.5731
273.4779
pt
589.0286
217.88057
589.0286
217.88057
589.0286
217.88057
pt
620.5842
247.93295
620.5842
247.93295
620.5842
247.93295
pt
566.48895
111.19423
566.48895
111.19423
566.48895
111.19423
pt
593.53644
129.22565
593.53644
129.22565
593.53644
129.22565
pt
566.48895
81.14171
566.48895
81.14171
566.48895
81.14171
pt
596.5417
100.675804
596.5417
100.675804
596.5417
100.675804

satin
20.0
4.0
false
false
pt
477.8346
256.94864
477.8346
256.94864
477.8346
256.94864
pt
462.80826
249.43564
462.80826
249.43564
462.80826
249.43564
pt
494.36295
249.43564
494.36295
249.43564
494.36295
249.43564
pt
462.80826
228.39865
462.80826
228.39865
462.80826
228.39865
pt
510.89215
124.71782
510.89215
124.71782
510.89215
124.71782
pt
482.34238
108.18894
482.34238
108.18894
482.34238
108.18894
pt
519.9082
118.707344
519.9082
118.707344
519.9082
118.707344
pt
495.8659
96.16784
495.8659
96.16784
495.8659
96.16784

satin
20.0
4.0
false
false
pt
646.1284
235.91191
646.1284
235.91191
646.1284
235.91191
pt
659.6518
268.96982
659.6518
268.96982
659.6518
268.96982
pt
658.14935
243.42499
658.14935
243.42499
658.14935
243.42499
pt
671.6731
279.4879
671.6731
279.4879
671.6731
279.4879
pt
671.6731
246.43022
671.6731
246.43022
671.6731
246.43022
pt
685.1968
282.49326
685.1968
282.49326
685.1968
282.49326
pt
727.2704
249.43564
727.2704
249.43564
727.2704
249.43564
pt
749.8097
282.49326
749.8097
282.49326
749.8097
282.49326
pt
745.3014
246.43022
745.3014
246.43022
745.3014
246.43022
pt
770.8459
271.9751
770.8459
271.9751
770.8459
271.9751
pt
751.31146
228.39865
751.31146
228.39865
751.31146
228.39865
pt
779.86163
247.93295
779.86163
247.93295
779.86163
247.93295
pt
749.8097
159.27814
749.8097
159.27814
749.8097
159.27814
pt
778.35913
183.3201
778.35913
183.3201
778.35913
183.3201
pt
754.3172
138.2414
754.3172
138.2414
754.3172
138.2414
pt
779.86163
162.28342
779.86163
162.28342
779.86163
162.28342

satin
20.0
4.0
false
false
pt
724.265
168.29376
724.265
168.29376
724.265
168.29376
pt
730.27515
175.80696
730.27515
175.80696
730.27515
175.80696
pt
701.7254
169.79637
701.7254
169.79637
701.7254
169.79637
pt
731.77783
201.35161
731.77783
201.35161
731.77783
201.35161

satin
20.0
4.0
false
false
pt
686.6988
232.90675
686.6988
232.90675
686.6988
232.90675
pt
674.6783
223.89099
674.6783
223.89099
674.6783
223.89099
pt
698.7205
225.39351
698.7205
225.39351
698.7205
225.39351
pt
668.6675
211.86996
668.6675
211.86996
668.6675
211.86996
pt
683.6938
129.22565
683.6938
129.22565
683.6938
129.22565
pt
649.13367
102.17849
649.13367
102.17849
649.13367
102.17849
pt
748.30743
126.22044
748.30743
126.22044
748.30743
126.22044
pt
731.77783
99.17316
731.77783
99.17316
731.77783
99.17316
pt
775.35443
139.74396
775.35443
139.74396
775.35443
139.74396
pt
748.30743
100.675804
748.30743
100.675804
748.30743
100.675804
pt
776.85657
91.66005
776.85657
91.66005
776.85657
91.66005
pt
754.3172
73.62858
754.3172
73.62858
754.3172
73.62858

satin
20.0
4.0
false
false
pt
797.8934
252.44089
797.8934
252.44089
797.8934
252.44089
pt
820.4327
280.9906
820.4327
280.9906
820.4327
280.9906
pt
823.43774
244.92773
823.43774
244.92773
823.43774
244.92773
pt
848.9825
285.4985
848.9825
285.4985
848.9825
285.4985
pt
898.56995
256.94864
898.56995
256.94864
898.56995
256.94864
pt
924.11395
294.5143
924.11395
294.5143
924.11395
294.5143
pt
907.5854
231.40413
907.5854
231.40413
907.5854
231.40413
pt
927.1186
256.94864
927.1186
256.94864
927.1186
256.94864

satin
20.0
4.0
false
false
pt
845.9776
235.91191
845.9776
235.91191
845.9776
235.91191
pt
830.9511
217.88057
830.9511
217.88057
830.9511
217.88057
pt
864.00946
228.39865
864.00946
228.39865
864.00946
228.39865
pt
827.94604
196.84377
827.94604
196.84377
827.94604
196.84377
pt
861.00287
120.209915
861.00287
120.209915
861.00287
120.209915
pt
829.44916
85.6496
829.44916
85.6496
829.44916
85.6496
pt
870.01953
105.18377
870.01953
105.18377
870.01953
105.18377
pt
844.47565
76.633835
844.47565
76.633835
844.47565
76.633835

satin
20.0
4.0
false
false
pt
933.1293
271.9751
933.1293
271.9751
933.1293
271.9751
pt
949.65875
302.02728
949.65875
302.02728
949.65875
302.02728
pt
957.1712
268.96982
957.1712
268.96982
957.1712
268.96982
pt
972.19794
308.038
972.19794
308.038
972.19794
308.038
pt
1038.313
293.01178
1038.313
293.01178
1038.313
293.01178
pt
1060.8525
332.0801
1060.8525
332.0801
1060.8525
332.0801
pt
1048.832
267.4672
1048.832
267.4672
1048.832
267.4672
pt
1065.3596
287.00134
1065.3596
287.00134
1065.3596
287.00134

satin
20.0
4.0
false
false
pt
975.2027
258.4513
975.2027
258.4513
975.2027
258.4513
pt
963.1817
244.92773
963.1817
244.92773
963.1817
244.92773
pt
991.7318
255.44608
991.7318
255.44608
991.7318
255.44608
pt
963.1817
220.88576
963.1817
220.88576
963.1817
220.88576
pt
991.7318
225.39351
991.7318
225.39351
991.7318
225.39351
pt
967.69006
189.33073
967.69006
189.33073
967.69006
189.33073
pt
1023.2874
237.41469
1023.2874
237.41469
1023.2874
237.41469
pt
1002.25104
198.34631
1002.25104
198.34631
1002.25104
198.34631
pt
1041.3179
244.92773
1041.3179
244.92773
1041.3179
244.92773
pt
1017.27576
204.35698
1017.27576
204.35698
1017.27576
204.35698
pt
1041.3179
205.85944
1041.3179
205.85944
1041.3179
205.85944
pt
1026.292
180.31477
1026.292
180.31477
1026.292
180.31477

satin
20.0
4.0
false
false
pt
976.70605
177.30965
976.70605
177.30965
976.70605
177.30965
pt
964.68475
163.78604
964.68475
163.78604
964.68475
163.78604
pt
988.7259
171.2992
988.7259
171.2992
988.7259
171.2992
pt
963.1817
144.2519
963.1817
144.2519
963.1817
144.2519
pt
991.7318
154.7702
991.7318
154.7702
991.7318
154.7702
pt
969.1921
120.209915
969.1921
120.209915
969.1921
120.209915
pt
1041.3179
168.29376
1041.3179
168.29376
1041.3179
168.29376
pt
1021.7843
132.2308
1021.7843
132.2308
1021.7843
132.2308
pt
1065.3596
184.82274
1065.3596
184.82274
1065.3596
184.82274
pt
1038.313
138.2414
1038.313
138.2414
1038.313
138.2414
pt
1065.3596
138.2414
1065.3596
138.2414
1065.3596
138.2414
pt
1044.324
112.696754
1044.324
112.696754
1044.324
112.696754

satin
20.0
4.0
false
false
pt
1069.8688
306.53534
1069.8688
306.53534
1069.8688
306.53534
pt
1084.8949
339.59274
1084.8949
339.59274
1084.8949
339.59274
pt
1089.4028
305.03284
1089.4028
305.03284
1089.4028
305.03284
pt
1105.9312
350.11118
1105.9312
350.11118
1105.9312
350.11118
pt
1105.9312
311.04327
1105.9312
311.04327
1105.9312
311.04327
pt
1144.9994
360.62955
1144.9994
360.62955
1144.9994
360.62955
pt
1110.4388
299.02243
1110.4388
299.02243
1110.4388
299.02243
pt
1137.4862
338.09033
1137.4862
338.09033
1137.4862
338.09033
pt
1105.9312
106.68628
1105.9312
106.68628
1105.9312
106.68628
pt
1135.9838
151.76503
1135.9838
151.76503
1135.9838
151.76503
pt
1154.0153
121.712494
1154.0153
121.712494
1154.0153
121.712494
pt
1169.0414
162.28342
1169.0414
162.28342
1169.0414
162.28342
pt
1175.0521
126.22044
1175.0521
126.22044
1175.0521
126.22044
pt
1179.5598
141.24663
1179.5598
141.24663
1179.5598
141.24663

satin
20.0
4.0
false
false
pt
1197.5917
114.199326
1197.5917
114.199326
1197.5917
114.199326
pt
1217.1265
135.23622
1217.1265
135.23622
1217.1265
135.23622
pt
1199.0945
133.7336
1199.0945
133.7336
1199.0945
133.7336
pt
1227.6431
156.2729
1227.6431
156.2729
1227.6431
156.2729
pt
1200.5963
157.7756
1200.5963
157.7756
1200.5963
157.7756
pt
1230.6488
184.82274
1230.6488
184.82274
1230.6488
184.82274
pt
1200.5963
210.36754
1200.5963
210.36754
1200.5963
210.36754
pt
1229.1462
234.40947
1229.1462
234.40947
1229.1462
234.40947
pt
1194.5859
229.90152
1194.5859
229.90152
1194.5859
229.90152
pt
1218.6282
253.94356
1218.6282
253.94356
1218.6282
253.94356
pt
1157.0208
237.41469
1157.0208
237.41469
1157.0208
237.41469
pt
1199.0945
261.45667
1199.0945
261.45667
1199.0945
261.45667
pt
1172.0471
259.9541
1172.0471
259.9541
1172.0471
259.9541
pt
1206.6068
283.99594
1206.6068
283.99594
1206.6068
283.99594
pt
1178.0573
299.02243
1178.0573
299.02243
1178.0573
299.02243
pt
1211.1156
317.05368
1211.1156
317.05368
1211.1156
317.05368
pt
1179.5598
326.06955
1179.5598
326.06955
1179.5598
326.06955
pt
1212.6167
336.58752
1212.6167
336.58752
1212.6167
336.58752
pt
1200.5963
344.10098
1200.5963
344.10098
1200.5963
344.10098
pt
1217.1265
350.11118
1217.1265
350.11118
1217.1265
350.11118
pt
1206.6068
350.11118
1206.6068
350.11118
1206.6068
350.11118
pt
1229.1462
357.62436
1229.1462
357.62436
1229.1462
357.62436
pt
1203.6024
356.12195
1203.6024
356.12195
1203.6024
356.12195
pt
1232.152
384.67136
1232.152
384.67136
1232.152
384.67136
pt
1202.0994
360.62955
1202.0994
360.62955
1202.0994
360.62955
pt
1230.6488
398.19543
1230.6488
398.19543
1230.6488
398.19543
pt
1176.5543
345.60358
1176.5543
345.60358
1176.5543
345.60358
pt
1202.0994
383.16913
1202.0994
383.16913
1202.0994
383.16913
pt
1160.026
326.06955
1160.026
326.06955
1160.026
326.06955
pt
1182.5643
374.15372
1182.5643
374.15372
1182.5643
374.15372
pt
1157.0208
338.09033
1157.0208
338.09033
1157.0208
338.09033
pt
1172.0471
363.6352
1172.0471
363.6352
1172.0471
363.6352

running
15.0
9.0
false
pt
1116.4495
462.80826
1116.4495
462.80826
1116.4495
462.80826
pt
966.18756
395.19022
1053.3395
422.23782
879.0349
368.14307

running
15.0
9.0
true
pt
1117.9517
461.3057
1117.9517
461.3057
1117.9517
461.3057
pt
967.69006
393.68753
1054.8428
420.73508
880.53815
366.6402

running
15.0
9.0
false
pt
1119.4551
459.80304
1119.4551
459.80304
1119.4551
459.80304
pt
969.1921
392.18494
1056.3447
419.23196
882.0403
365.13757

running
15.0
9.0
true
pt
1120.9574
458.3003
1120.9574
458.3003
1120.9574
458.3003
pt
970.69525
390.68228
1057.8464
417.7294
883.543
363.6352

running
15.0
9.0
false
pt
1120.9574
456.7973
1120.9574
456.7973
1120.9574
456.7973
pt
970.69525
389.17957
1057.8464
416.22693
883.543
362.1325

running
54.0
22.0
false
pt
953.58466
391.08185
953.58466
391.08185
953.58466
391.08185
pt
947.4545
401.81143
947.4545
401.81143
947.4545
401.81143
pt
916.79724
391.08185
916.79724
391.08185
916.79724
391.08185
pt
922.9281
392.61475
922.9281
392.61475
922.9281
392.61475
pt
935.19055
358.89258
935.19055
358.89258
935.19055
358.89258
pt
925.99445
355.8267
925.99445
355.8267
925.99445
355.8267
pt
944.3878
360.42538
944.3878
360.42538
944.3878
360.42538
pt
936.72437
357.35947
936.72437
357.35947
936.72437
357.35947
pt
921.3955
392.61475
921.3955
392.61475
921.3955
392.61475
pt
904.5348
386.48346
904.5348
386.48346
904.5348
386.48346
pt
887.6741
381.88467
887.6741
381.88467
887.6741
381.88467
pt
893.8047
383.41757
893.8047
383.41757
893.8047
383.41757
pt
893.8047
369.62216
893.8047
369.62216
893.8047
369.62216
pt
889.20654
348.1624
889.20654
348.1624
889.20654
348.1624
pt
870.81226
365.02344
870.81226
365.02344
870.81226
365.02344
pt
895.3381
371.1551
895.3381
371.1551
895.3381
371.1551
pt
870.81226
365.02344
870.81226
365.02344
870.81226
365.02344
pt
863.148
377.28656
863.148
377.28656
863.148
377.28656
pt
872.3451
378.81918
872.3451
378.81918
872.3451
378.81918
pt
853.9514
374.22076
853.9514
374.22076
853.9514
374.22076
pt
838.62335
374.22076
838.62335
374.22076
838.62335
374.22076
pt
843.22107
338.96588
843.22107
338.96588
843.22107
338.96588
pt
834.02454
337.43286
834.02454
337.43286
834.02454
337.43286
pt
852.4188
338.96588
852.4188
338.96588
852.4188
338.96588
pt
844.754
337.43286
844.754
337.43286
844.754
337.43286
pt
838.62335
371.1551
838.62335
371.1551
838.62335
371.1551
pt
809.49976
335.90005
809.49976
335.90005
809.49976
335.90005
pt
797.2362
334.36716
797.2362
334.36716
797.2362
334.36716
pt
807.9664
334.36716
807.9664
334.36716
807.9664
334.36716
pt
803.36786
368.0894
803.36786
368.0894
803.36786
368.0894
pt
809.49976
368.0894
809.49976
368.0894
809.49976
368.0894
pt
794.17126
368.0894
794.17126
368.0894
794.17126
368.0894
pt
783.4413
368.0894
783.4413
368.0894
783.4413
368.0894
pt
761.98175
368.0894
761.98175
368.0894
761.98175
368.0894
pt
772.7116
366.55634
772.7116
366.55634
772.7116
366.55634
pt
775.77637
332.8342
775.77637
332.8342
775.77637
332.8342
pt
786.5067
332.8342
786.5067
332.8342
786.5067
332.8342
pt
763.51434
331.30157
763.51434
331.30157
763.51434
331.30157
pt
775.77637
331.30157
775.77637
331.30157
775.77637
331.30157
pt
772.7116
368.0894
772.7116
368.0894
772.7116
368.0894
pt
726.7264
369.62216
726.7264
369.62216
726.7264
369.62216
pt
748.1869
363.49097
748.1869
363.49097
748.1869
363.49097
pt
748.1869
355.8267
748.1869
355.8267
748.1869
355.8267
pt
734.3905
355.8267
734.3905
355.8267
734.3905
355.8267
pt
748.1869
352.76077
748.1869
352.76077
748.1869
352.76077
pt
749.719
361.95813
749.719
361.95813
749.719
361.95813
pt
728.25964
369.62216
728.25964
369.62216
728.25964
369.62216
pt
711.39813
361.95813
711.39813
361.95813
711.39813
361.95813
pt
708.33276
343.56418
708.33276
343.56418
708.33276
343.56418
pt
723.6612
332.8342
723.6612
332.8342
723.6612
332.8342
pt
738.9891
331.30157
738.9891
331.30157
738.9891
331.30157
pt
746.65295
332.8342
746.65295
332.8342
746.65295
332.8342
pt
748.1869
343.56418
748.1869
343.56418
748.1869
343.56418
pt
742.0549
329.76892
742.0549
329.76892
742.0549
329.76892
pt
723.6612
329.76892
723.6612
329.76892
723.6612
329.76892
pt
708.33276
343.56418
708.33276
343.56418
708.33276
343.56418
pt
709.8654
354.29407
709.8654
354.29407
709.8654
354.29407
pt
683.80743
354.29407
683.80743
354.29407
683.80743
354.29407
pt
683.80743
369.62216
683.80743
369.62216
683.80743
369.62216
pt
696.06995
368.0894
696.06995
368.0894
696.06995
368.0894
pt
673.0779
371.1551
673.0779
371.1551
673.0779
371.1551
pt
686.8728
369.62216
686.8728
369.62216
686.8728
369.62216
pt
680.7415
337.43286
680.7415
337.43286
680.7415
337.43286
pt
691.4713
335.90005
691.4713
335.90005
691.4713
335.90005
pt
670.012
337.43286
670.012
337.43286
670.012
337.43286
pt
679.20856
335.90005
679.20856
335.90005
679.20856
335.90005
pt
686.8728
369.62216
686.8728
369.62216
686.8728
369.62216
pt
663.8807
374.22076
663.8807
374.22076
663.8807
374.22076
pt
642.42163
361.95813
642.42163
361.95813
642.42163
361.95813
pt
628.62585
363.49097
628.62585
363.49097
628.62585
363.49097
pt
647.01935
361.95813
647.01935
361.95813
647.01935
361.95813
pt
653.15027
349.69522
653.15027
349.69522
653.15027
349.69522
pt
645.48676
340.49863
645.48676
340.49863
645.48676
340.49863
pt
616.36285
345.0972
616.36285
345.0972
616.36285
345.0972
pt
624.0274
343.56418
624.0274
343.56418
624.0274
343.56418
pt
631.6913
378.81918
631.6913
378.81918
631.6913
378.81918
pt
640.8884
378.81918
640.8884
378.81918
640.8884
378.81918
pt
620.9613
381.88467
620.9613
381.88467
620.9613
381.88467
pt
630.15796
378.81918
630.15796
378.81918
630.15796
378.81918
pt
627.0927
360.42538
627.0927
360.42538
627.0927
360.42538
pt
602.5677
363.49097
602.5677
363.49097
602.5677
363.49097
pt
594.90375
351.2282
594.90375
351.2282
594.90375
351.2282
pt
578.04236
348.1624
578.04236
348.1624
578.04236
348.1624
pt
562.7141
360.42538
562.7141
360.42538
562.7141
360.42538
pt
561.181
377.28656
561.181
377.28656
561.181
377.28656
pt
574.9767
389.549
574.9767
389.549
574.9767
389.549
pt
596.43616
384.95062
596.43616
384.95062
596.43616
384.95062
pt
605.6336
366.55634
605.6336
366.55634
605.6336
366.55634

running
54.0
22.0
true
pt
949.65875
389.17957
949.65875
389.17957
949.65875
389.17957
pt
943.64764
399.69785
943.64764
399.69785
943.64764
399.69785
pt
913.5946
389.17957
913.5946
389.17957
913.5946
389.17957
pt
919.6061
390.68228
919.6061
390.68228
919.6061
390.68228
pt
931.627
357.62436
931.627
357.62436
931.627
357.62436
pt
922.6114
354.6193
922.6114
354.6193
922.6114
354.6193
pt
940.6427
359.1271
940.6427
359.1271
940.6427
359.1271
pt
933.1293
356.12195
933.1293
356.12195
933.1293
356.12195
pt
918.1034
390.68228
918.1034
390.68228
918.1034
390.68228
pt
901.57404
384.67136
901.57404
384.67136
901.57404
384.67136
pt
885.04584
380.1638
885.04584
380.1638
885.04584
380.1638
pt
891.05615
381.66663
891.05615
381.66663
891.05615
381.66663
pt
891.05615
368.14307
891.05615
368.14307
891.05615
368.14307
pt
886.5475
347.10617
886.5475
347.10617
886.5475
347.10617
pt
868.51697
363.6352
868.51697
363.6352
868.51697
363.6352
pt
892.55835
369.64548
892.55835
369.64548
892.55835
369.64548
pt
868.51697
363.6352
868.51697
363.6352
868.51697
363.6352
pt
861.00287
375.65573
861.00287
375.65573
861.00287
375.65573
pt
870.01953
377.1586
870.01953
377.1586
870.01953
377.1586
pt
851.9882
372.6507
851.9882
372.6507
851.9882
372.6507
pt
836.9616
372.6507
836.9616
372.6507
836.9616
372.6507
pt
841.47015
338.09033
841.47015
338.09033
841.47015
338.09033
pt
832.45386
336.58752
832.45386
336.58752
832.45386
336.58752
pt
850.48486
338.09033
850.48486
338.09033
850.48486
338.09033
pt
842.9721
336.58752
842.9721
336.58752
842.9721
336.58752
pt
836.9616
369.64548
836.9616
369.64548
836.9616
369.64548
pt
808.41235
335.08517
808.41235
335.08517
808.41235
335.08517
pt
796.39087
333.5824
796.39087
333.5824
796.39087
333.5824
pt
806.90955
333.5824
806.90955
333.5824
806.90955
333.5824
pt
802.4011
366.6402
802.4011
366.6402
802.4011
366.6402
pt
808.41235
366.6402
808.41235
366.6402
808.41235
366.6402
pt
793.38525
366.6402
793.38525
366.6402
793.38525
366.6402
pt
782.86676
366.6402
782.86676
366.6402
782.86676
366.6402
pt
761.8306
366.6402
761.8306
366.6402
761.8306
366.6402
pt
772.3489
365.13757
772.3489
365.13757
772.3489
365.13757
pt
775.35443
332.0801
775.35443
332.0801
775.35443
332.0801
pt
785.87225
332.0801
785.87225
332.0801
785.87225
332.0801
pt
763.33325
330.57727
763.33325
330.57727
763.33325
330.57727
pt
775.35443
330.57727
775.35443
330.57727
775.35443
330.57727
pt
772.3489
366.6402
772.3489
366.6402
772.3489
366.6402
pt
727.2704
368.14307
727.2704
368.14307
727.2704
368.14307
pt
748.30743
362.1325
748.30743
362.1325
748.30743
362.1325
pt
748.30743
354.6193
748.30743
354.6193
748.30743
354.6193
pt
734.7832
354.6193
734.7832
354.6193
734.7832
354.6193
pt
748.30743
351.61392
748.30743
351.61392
748.30743
351.61392
pt
749.8097
360.62955
749.8097
360.62955
749.8097
360.62955
pt
728.7724
368.14307
728.7724
368.14307
728.7724
368.14307
pt
712.2439
360.62955
712.2439
360.62955
712.2439
360.62955
pt
709.2386
342.5984
709.2386
342.5984
709.2386
342.5984
pt
724.265
332.0801
724.265
332.0801
724.265
332.0801
pt
739.29095
330.57727
739.29095
330.57727
739.29095
330.57727
pt
746.8039
332.0801
746.8039
332.0801
746.8039
332.0801
pt
748.30743
342.5984
748.30743
342.5984
748.30743
342.5984
pt
742.29675
329.07468
742.29675
329.07468
742.29675
329.07468
pt
724.265
329.07468
724.265
329.07468
724.265
329.07468
pt
709.2386
342.5984
709.2386
342.5984
709.2386
342.5984
pt
710.74115
353.1167
710.74115
353.1167
710.74115
353.1167
pt
685.1968
353.1167
685.1968
353.1167
685.1968
353.1167
pt
685.1968
368.14307
685.1968
368.14307
685.1968
368.14307
pt
697.21783
366.6402
697.21783
366.6402
697.21783
366.6402
pt
674.6783
369.64548
674.6783
369.64548
674.6783
369.64548
pt
688.20197
368.14307
688.20197
368.14307
688.20197
368.14307
pt
682.1911
336.58752
682.1911
336.58752
682.1911
336.58752
pt
692.7093
335.08517
692.7093
335.08517
692.7093
335.08517
pt
671.6731
336.58752
671.6731
336.58752
671.6731
336.58752
pt
680.6889
335.08517
680.6889
335.08517
680.6889
335.08517
pt
688.20197
368.14307
688.20197
368.14307
688.20197
368.14307
pt
665.66284
372.6507
665.66284
372.6507
665.66284
372.6507
pt
644.62585
360.62955
644.62585
360.62955
644.62585
360.62955
pt
631.1024
362.1325
631.1024
362.1325
631.1024
362.1325
pt
649.13367
360.62955
649.13367
360.62955
649.13367
360.62955
pt
655.14417
348.60892
655.14417
348.60892
655.14417
348.60892
pt
647.6313
339.59274
647.6313
339.59274
647.6313
339.59274
pt
619.0808
344.10098
619.0808
344.10098
619.0808
344.10098
pt
626.5945
342.5984
626.5945
342.5984
626.5945
342.5984
pt
634.10736
377.1586
634.10736
377.1586
634.10736
377.1586
pt
643.12366
377.1586
643.12366
377.1586
643.12366
377.1586
pt
623.58923
380.1638
623.58923
380.1638
623.58923
380.1638
pt
632.6042
377.1586
632.6042
377.1586
632.6042
377.1586
pt
629.59894
359.1271
629.59894
359.1271
629.59894
359.1271
pt
605.5578
362.1325
605.5578
362.1325
605.5578
362.1325
pt
598.04486
350.11118
598.04486
350.11118
598.04486
350.11118
pt
581.5156
347.10617
581.5156
347.10617
581.5156
347.10617
pt
566.48895
359.1271
566.48895
359.1271
566.48895
359.1271
pt
564.9865
375.65573
564.9865
375.65573
564.9865
375.65573
pt
578.5104
387.67722
578.5104
387.67722
578.5104
387.67722
pt
599.54724
383.16913
599.54724
383.16913
599.54724
383.16913
pt
608.56323
365.13757
608.56323
365.13757
608.56323
365.13757

running
54.0
22.0
false
pt
951.671
389.7532
951.671
389.7532
951.671
389.7532
pt
945.6009
400.37665
945.6009
400.37665
945.6009
400.37665
pt
915.2476
389.7532
915.2476
389.7532
915.2476
389.7532
pt
921.31757
391.27075
921.31757
391.27075
921.31757
391.27075
pt
933.45874
357.88248
933.45874
357.88248
933.45874
357.88248
pt
924.3535
354.84717
924.3535
354.84717
924.3535
354.84717
pt
942.56476
359.4001
942.56476
359.4001
942.56476
359.4001
pt
934.97705
356.36462
934.97705
356.36462
934.97705
356.36462
pt
919.80023
391.27075
919.80023
391.27075
919.80023
391.27075
pt
903.10675
385.20026
903.10675
385.20026
903.10675
385.20026
pt
886.4113
380.6473
886.4113
380.6473
886.4113
380.6473
pt
892.4832
382.16507
892.4832
382.16507
892.4832
382.16507
pt
892.4832
368.50613
892.4832
368.50613
892.4832
368.50613
pt
887.93024
347.25897
887.93024
347.25897
887.93024
347.25897
pt
869.7183
363.953
869.7183
363.953
869.7183
363.953
pt
894.0001
370.02374
894.0001
370.02374
894.0001
370.02374
pt
869.7183
363.953
869.7183
363.953
869.7183
363.953
pt
862.13
376.09433
862.13
376.09433
862.13
376.09433
pt
871.23566
377.61188
871.23566
377.61188
871.23566
377.61188
pt
853.0242
373.05927
853.0242
373.05927
853.0242
373.05927
pt
837.84717
373.05927
837.84717
373.05927
837.84717
373.05927
pt
842.4004
338.15305
842.4004
338.15305
842.4004
338.15305
pt
833.29443
336.6354
833.29443
336.6354
833.29443
336.6354
pt
851.50635
338.15305
851.50635
338.15305
851.50635
338.15305
pt
843.918
336.6354
843.918
336.6354
843.918
336.6354
pt
837.84717
370.02374
837.84717
370.02374
837.84717
370.02374
pt
809.01263
335.1178
809.01263
335.1178
809.01263
335.1178
pt
796.87103
333.6
796.87103
333.6
796.87103
333.6
pt
807.4942
333.6
807.4942
333.6
807.4942
333.6
pt
802.94055
366.98856
802.94055
366.98856
802.94055
366.98856
pt
809.01263
366.98856
809.01263
366.98856
809.01263
366.98856
pt
793.8354
366.98856
793.8354
366.98856
793.8354
366.98856
pt
783.2122
366.98856
783.2122
366.98856
783.2122
366.98856
pt
761.9648
366.98856
761.9648
366.98856
761.9648
366.98856
pt
772.5876
365.4709
772.5876
365.4709
772.5876
365.4709
pt
775.6234
332.0827
775.6234
332.0827
775.6234
332.0827
pt
786.24713
332.0827
786.24713
332.0827
786.24713
332.0827
pt
763.482
330.56482
763.482
330.56482
763.482
330.56482
pt
775.6234
330.56482
775.6234
330.56482
775.6234
330.56482
pt
772.5876
366.98856
772.5876
366.98856
772.5876
366.98856
pt
727.05865
368.50613
727.05865
368.50613
727.05865
368.50613
pt
748.30585
362.43552
748.30585
362.43552
748.30585
362.43552
pt
748.30585
354.84717
748.30585
354.84717
748.30585
354.84717
pt
734.6468
354.84717
734.6468
354.84717
734.6468
354.84717
pt
748.30585
351.81195
748.30585
351.81195
748.30585
351.81195
pt
749.8236
360.91788
749.8236
360.91788
749.8236
360.91788
pt
728.57635
368.50613
728.57635
368.50613
728.57635
368.50613
pt
711.88184
360.91788
711.88184
360.91788
711.88184
360.91788
pt
708.8471
342.70615
708.8471
342.70615
708.8471
342.70615
pt
724.0228
332.0827
724.0228
332.0827
724.0228
332.0827
pt
739.2006
330.56482
739.2006
330.56482
739.2006
330.56482
pt
746.78796
332.0827
746.78796
332.0827
746.78796
332.0827
pt
748.30585
342.70615
748.30585
342.70615
748.30585
342.70615
pt
742.23553
329.0472
742.23553
329.0472
742.23553
329.0472
pt
724.0228
329.0472
724.0228
329.0472
724.0228
329.0472
pt
708.8471
342.70615
708.8471
342.70615
708.8471
342.70615
pt
710.36426
353.3295
710.36426
353.3295
710.36426
353.3295
pt
684.5644
353.3295
684.5644
353.3295
684.5644
353.3295
pt
684.5644
368.50613
684.5644
368.50613
684.5644
368.50613
pt
696.70544
366.98856
696.70544
366.98856
696.70544
366.98856
pt
673.94073
370.02374
673.94073
370.02374
673.94073
370.02374
pt
687.5998
368.50613
687.5998
368.50613
687.5998
368.50613
pt
681.5288
336.6354
681.5288
336.6354
681.5288
336.6354
pt
692.1527
335.1178
692.1527
335.1178
692.1527
335.1178
pt
670.90607
336.6354
670.90607
336.6354
670.90607
336.6354
pt
680.01154
335.1178
680.01154
335.1178
680.01154
335.1178
pt
687.5998
368.50613
687.5998
368.50613
687.5998
368.50613
pt
664.83496
373.05927
664.83496
373.05927
664.83496
373.05927
pt
643.58777
360.91788
643.58777
360.91788
643.58777
360.91788
pt
629.92865
362.43552
629.92865
362.43552
629.92865
362.43552
pt
648.14124
360.91788
648.14124
360.91788
648.14124
360.91788
pt
654.2114
348.7766
654.2114
348.7766
654.2114
348.7766
pt
646.62396
339.6708
646.62396
339.6708
646.62396
339.6708
pt
617.7878
344.22336
617.7878
344.22336
617.7878
344.22336
pt
625.376
342.70615
625.376
342.70615
625.376
342.70615
pt
632.96436
377.61188
632.96436
377.61188
632.96436
377.61188
pt
642.0705
377.61188
642.0705
377.61188
642.0705
377.61188
pt
622.34076
380.6473
622.34076
380.6473
622.34076
380.6473
pt
631.4467
377.61188
631.4467
377.61188
631.4467
377.61188
pt
628.4115
359.4001
628.4115
359.4001
628.4115
359.4001
pt
604.1287
362.43552
604.1287
362.43552
604.1287
362.43552
pt
596.5405
350.29428
596.5405
350.29428
596.5405
350.29428
pt
579.8461
347.25897
579.8461
347.25897
579.8461
347.25897
pt
564.67004
359.4001
564.67004
359.4001
564.67004
359.4001
pt
563.1524
376.09433
563.1524
376.09433
563.1524
376.09433
pt
576.81134
388.23557
576.81134
388.23557
576.81134
388.23557
pt
598.0586
383.68283
598.0586
383.68283
598.0586
383.68283
pt
607.1648
365.4709
607.1648
365.4709
607.1648
365.4709

running
15.0
9.0
true
pt
373.08594
459.80344
373.08594
459.80344
373.08594
459.80344
pt
523.3481
392.18527
436.19604
419.23227
610.5004
365.13782

running
15.0
9.0
false
pt
371.58304
458.3003
371.58304
458.3003
371.58304
458.3003
pt
521.84546
390.68246
434.69315
417.72952
608.9976
363.6353

running
15.0
9.0
true
pt
371.58304
456.7973
371.58304
456.7973
371.58304
456.7973
pt
521.84546
389.17957
434.69315
416.22693
608.9976
362.1325

running
15.0
9.0
false
pt
370.0803
455.29523
370.0803
455.29523
370.0803
455.29523
pt
520.34283
387.67706
433.19025
414.72424
607.4945
360.6294

running
15.0
9.0
true
pt
368.57745
453.79233
368.57745
453.79233
368.57745
453.79233
pt
518.8396
386.17416
431.68756
413.22128
605.9917
359.12674

satin
16.0
3.0
true
false
pt
383.2073
629.66284
383.2073
629.66284
383.2073
629.66284
pt
383.2073
569.5516
383.2073
569.5516
383.2073
569.5516
pt
769.42053
461.3519
485.53244
452.42413
1008.3611
468.86548
pt
841.5537
432.79898
528.0624
384.7179
1086.5056
470.36807
pt
1178.1754
776.9339
1178.1754
628.15967
1178.1754
901.7011
pt
1211.2367
834.0406
1244.6405
644.7501
1193.2026
936.22833
pt
793.46454
1107.544
1088.9177
1086.1119
503.4291
1128.5841
pt
707.8066
1142.1086
1099.7025
1159.8326
408.75467
1128.5841
pt
330.61008
782.9458
326.47928
927.537
333.61594
677.751
pt
303.5603
704.80084
241.2354
884.4437
329.10748
631.1657
pt
383.2073
629.66284
383.2073
629.66284
383.2073
629.66284
pt
381.70456
569.5516
381.70456
569.5516
381.70456
569.5516

running
15.0
9.0
false
pt
355.7188
1095.5348
355.7188
1095.5348
355.7188
1095.5348
pt
499.51596
1175.9915
415.05273
1141.4512
583.98035
1210.5314

running
15.0
9.0
true
pt
354.21616
1097.0375
354.21616
1097.0375
354.21616
1097.0375
pt
498.0133
1177.4939
413.5497
1142.9548
582.477
1212.0334

running
15.0
9.0
false
pt
352.71335
1098.54
352.71335
1098.54
352.71335
1098.54
pt
496.51025
1178.9971
412.04712
1144.4568
580.975
1213.538

running
15.0
9.0
true
pt
351.2103
1100.0431
351.2103
1100.0431
351.2103
1100.0431
pt
495.00732
1180.4988
410.54428
1145.9602
579.47235
1215.0405

running
15.0
9.0
false
pt
349.7078
1101.5459
349.7078
1101.5459
349.7078
1101.5459
pt
493.5045
1182.003
409.04205
1147.4622
577.9691
1216.5426

running
16.0
3.0
false
pt
514.62555
1194.5403
514.62555
1194.5403
514.62555
1194.5403
pt
525.2495
1202.1294
525.2495
1202.1294
525.2495
1202.1294
pt
535.87463
1202.1294
535.87463
1202.1294
535.87463
1202.1294
pt
538.91016
1193.0219
538.91016
1193.0219
538.91016
1193.0219
pt
528.2854
1185.4341
528.2854
1185.4341
528.2854
1185.4341
pt
523.73206
1179.3611
523.73206
1179.3611
523.73206
1179.3611
pt
528.2854
1173.2914
528.2854
1173.2914
528.2854
1173.2914
pt
537.3925
1173.2914
537.3925
1173.2914
537.3925
1173.2914
pt
544.98145
1179.3611
544.98145
1179.3611
544.98145
1179.3611
pt
537.3925
1171.7734
537.3925
1171.7734
537.3925
1171.7734
pt
525.2495
1173.2914
525.2495
1173.2914
525.2495
1173.2914
pt
526.76764
1186.9517
526.76764
1186.9517
526.76764
1186.9517
pt
534.3566
1188.4684
534.3566
1188.4684
534.3566
1188.4684
pt
540.4282
1197.5757
540.4282
1197.5757
540.4282
1197.5757
pt
569.26605
1200.6107
569.26605
1200.6107
569.26605
1200.6107
pt
568.049
1212.739
568.049
1212.739
568.049
1212.739
pt
573.8195
1182.3992
573.8195
1182.3992
573.8195
1182.3992
pt
569.5516
1199.2134
569.5516
1199.2134
569.5516
1199.2134
pt
601.10986
1218.7511
601.10986
1218.7511
601.10986
1218.7511
pt
605.6935
1188.4684
605.6935
1188.4684
605.6935
1188.4684
pt
634.5317
1223.3778
634.5317
1223.3778
634.5317
1223.3778
pt
639.08484
1193.0219
639.08484
1193.0219
639.08484
1193.0219
pt
636.0493
1220.3441
636.0493
1220.3441
636.0493
1220.3441
pt
673.99475
1223.3778
673.99475
1223.3778
673.99475
1223.3778
pt
689.17236
1227.9309
689.17236
1227.9309
689.17236
1227.9309
pt
695.2434
1224.896
695.2434
1224.896
695.2434
1224.896
pt
677.02954
1227.9309
677.02954
1227.9309
677.02954
1227.9309
pt
669.44055
1215.789
669.44055
1215.789
669.44055
1215.789
pt
673.99475
1202.1294
673.99475
1202.1294
673.99475
1202.1294
pt
687.6542
1199.094
687.6542
1199.094
687.6542
1199.094
pt
695.2434
1203.6472
695.2434
1203.6472
695.2434
1203.6472
pt
681.58344
1199.094
681.58344
1199.094
681.58344
1199.094
pt
669.44055
1208.1998
669.44055
1208.1998
669.44055
1208.1998
pt
672.4762
1226.4137
672.4762
1226.4137
672.4762
1226.4137
pt
721.0457
1229.4496
721.0457
1229.4496
721.0457
1229.4496
pt
742.2953
1229.4496
742.2953
1229.4496
742.2953
1229.4496
pt
721.0457
1227.9309
721.0457
1227.9309
721.0457
1227.9309
pt
721.0457
1215.789
721.0457
1215.789
721.0457
1215.789
pt
740.7778
1215.789
740.7778
1215.789
740.7778
1215.789
pt
721.0457
1214.2715
721.0457
1214.2715
721.0457
1214.2715
pt
721.0457
1202.1294
721.0457
1202.1294
721.0457
1202.1294
pt
742.2953
1202.1294
742.2953
1202.1294
742.2953
1202.1294
pt
721.0457
1200.6107
721.0457
1200.6107
721.0457
1200.6107
pt
721.0457
1227.9309
721.0457
1227.9309
721.0457
1227.9309
pt
742.2953
1229.4496
742.2953
1229.4496
742.2953
1229.4496

running
16.0
3.0
true
pt
513.7596
1194.7156
513.7596
1194.7156
513.7596
1194.7156
pt
524.49054
1202.3793
524.49054
1202.3793
524.49054
1202.3793
pt
535.2216
1202.3793
535.2216
1202.3793
535.2216
1202.3793
pt
538.2873
1193.1825
538.2873
1193.1825
538.2873
1193.1825
pt
527.55676
1185.5165
527.55676
1185.5165
527.55676
1185.5165
pt
522.9571
1179.385
522.9571
1179.385
522.9571
1179.385
pt
527.55676
1173.2535
527.55676
1173.2535
527.55676
1173.2535
pt
536.7543
1173.2535
536.7543
1173.2535
536.7543
1173.2535
pt
544.4194
1179.385
544.4194
1179.385
544.4194
1179.385
pt
536.7543
1171.7202
536.7543
1171.7202
536.7543
1171.7202
pt
524.49054
1173.2535
524.49054
1173.2535
524.49054
1173.2535
pt
526.0232
1187.0503
526.0232
1187.0503
526.0232
1187.0503
pt
533.6881
1188.5833
533.6881
1188.5833
533.6881
1188.5833
pt
539.8203
1197.781
539.8203
1197.781
539.8203
1197.781
pt
568.9466
1200.8467
568.9466
1200.8467
568.9466
1200.8467
pt
567.71765
1213.0964
567.71765
1213.0964
567.71765
1213.0964
pt
573.54584
1182.4513
573.54584
1182.4513
573.54584
1182.4513
pt
569.23517
1199.4347
569.23517
1199.4347
569.23517
1199.4347
pt
601.1092
1219.1678
601.1092
1219.1678
601.1092
1219.1678
pt
605.7386
1188.5833
605.7386
1188.5833
605.7386
1188.5833
pt
634.86487
1223.8418
634.86487
1223.8418
634.86487
1223.8418
pt
639.4643
1193.1825
639.4643
1193.1825
639.4643
1193.1825
pt
636.3981
1220.7765
636.3981
1220.7765
636.3981
1220.7765
pt
674.7227
1223.8418
674.7227
1223.8418
674.7227
1223.8418
pt
690.0528
1228.4402
690.0528
1228.4402
690.0528
1228.4402
pt
696.1838
1225.3746
696.1838
1225.3746
696.1838
1225.3746
pt
677.7883
1228.4402
677.7883
1228.4402
677.7883
1228.4402
pt
670.12396
1216.1771
670.12396
1216.1771
670.12396
1216.1771
pt
674.7227
1202.3793
674.7227
1202.3793
674.7227
1202.3793
pt
688.5194
1199.3141
688.5194
1199.3141
688.5194
1199.3141
pt
696.1838
1203.9136
696.1838
1203.9136
696.1838
1203.9136
pt
682.38745
1199.3141
682.38745
1199.3141
682.38745
1199.3141
pt
670.12396
1208.5123
670.12396
1208.5123
670.12396
1208.5123
pt
673.1902
1226.9078
673.1902
1226.9078
673.1902
1226.9078
pt
722.245
1229.974
722.245
1229.974
722.245
1229.974
pt
743.70624
1229.974
743.70624
1229.974
743.70624
1229.974
pt
722.245
1228.4402
722.245
1228.4402
722.245
1228.4402
pt
722.245
1216.1771
722.245
1216.1771
722.245
1216.1771
pt
742.1735
1216.1771
742.1735
1216.1771
742.1735
1216.1771
pt
722.245
1214.6434
722.245
1214.6434
722.245
1214.6434
pt
722.245
1202.3793
722.245
1202.3793
722.245
1202.3793
pt
743.70624
1202.3793
743.70624
1202.3793
743.70624
1202.3793
pt
722.245
1200.8467
722.245
1200.8467
722.245
1200.8467
pt
722.245
1228.4402
722.245
1228.4402
722.245
1228.4402
pt
743.70624
1229.974
743.70624
1229.974
743.70624
1229.974

running
16.0
3.0
false
pt
512.7295
1195.1282
512.7295
1195.1282
512.7295
1195.1282
pt
523.567
1202.8685
523.567
1202.8685
523.567
1202.8685
pt
534.4037
1202.8685
534.4037
1202.8685
534.4037
1202.8685
pt
537.50006
1193.5804
537.50006
1193.5804
537.50006
1193.5804
pt
526.663
1185.8396
526.663
1185.8396
526.663
1185.8396
pt
522.0184
1179.6461
522.0184
1179.6461
522.0184
1179.6461
pt
526.663
1173.4543
526.663
1173.4543
526.663
1173.4543
pt
535.9518
1173.4543
535.9518
1173.4543
535.9518
1173.4543
pt
543.693
1179.6461
543.693
1179.6461
543.693
1179.6461
pt
535.9518
1171.9061
535.9518
1171.9061
535.9518
1171.9061
pt
523.567
1173.4543
523.567
1173.4543
523.567
1173.4543
pt
525.1148
1187.3871
525.1148
1187.3871
525.1148
1187.3871
pt
532.8552
1188.9359
532.8552
1188.9359
532.8552
1188.9359
pt
539.04803
1198.224
539.04803
1198.224
539.04803
1198.224
pt
568.46313
1201.3207
568.46313
1201.3207
568.46313
1201.3207
pt
567.22174
1213.6902
567.22174
1213.6902
567.22174
1213.6902
pt
573.1072
1182.7426
573.1072
1182.7426
573.1072
1182.7426
pt
568.7544
1199.8948
568.7544
1199.8948
568.7544
1199.8948
pt
600.9437
1219.8217
600.9437
1219.8217
600.9437
1219.8217
pt
605.619
1188.9359
605.619
1188.9359
605.619
1188.9359
pt
635.03375
1224.5426
635.03375
1224.5426
635.03375
1224.5426
pt
639.67786
1193.5804
639.67786
1193.5804
639.67786
1193.5804
pt
636.58167
1221.4469
636.58167
1221.4469
636.58167
1221.4469
pt
675.28577
1224.5426
675.28577
1224.5426
675.28577
1224.5426
pt
690.76697
1229.1881
690.76697
1229.1881
690.76697
1229.1881
pt
696.96027
1226.0907
696.96027
1226.0907
696.96027
1226.0907
pt
678.3822
1229.1881
678.3822
1229.1881
678.3822
1229.1881
pt
670.6413
1216.8025
670.6413
1216.8025
670.6413
1216.8025
pt
675.28577
1202.8685
675.28577
1202.8685
675.28577
1202.8685
pt
689.2194
1199.7732
689.2194
1199.7732
689.2194
1199.7732
pt
696.96027
1204.4176
696.96027
1204.4176
696.96027
1204.4176
pt
683.02686
1199.7732
683.02686
1199.7732
683.02686
1199.7732
pt
670.6413
1209.0607
670.6413
1209.0607
670.6413
1209.0607
pt
673.738
1227.6395
673.738
1227.6395
673.738
1227.6395
pt
723.2778
1230.7357
723.2778
1230.7357
723.2778
1230.7357
pt
744.9528
1230.7357
744.9528
1230.7357
744.9528
1230.7357
pt
723.2778
1229.1881
723.2778
1229.1881
723.2778
1229.1881
pt
723.2778
1216.8025
723.2778
1216.8025
723.2778
1216.8025
pt
743.4043
1216.8025
743.4043
1216.8025
743.4043
1216.8025
pt
723.2778
1215.2548
723.2778
1215.2548
723.2778
1215.2548
pt
723.2778
1202.8685
723.2778
1202.8685
723.2778
1202.8685
pt
744.9528
1202.8685
744.9528
1202.8685
744.9528
1202.8685
pt
723.2778
1201.3207
723.2778
1201.3207
723.2778
1201.3207
pt
723.2778
1229.1881
723.2778
1229.1881
723.2778
1229.1881
pt
744.9528
1230.7357
744.9528
1230.7357
744.9528
1230.7357

running
16.0
3.0
false
pt
813.0825
1226.3862
813.0825
1226.3862
813.0825
1226.3862
pt
811.5794
1196.3281
811.5794
1196.3281
811.5794
1196.3281
pt
801.0583
1197.8307
801.0583
1197.8307
801.0583
1197.8307
pt
811.5794
1194.8246
811.5794
1194.8246
811.5794
1194.8246
pt
814.58496
1226.3862
814.58496
1226.3862
814.58496
1226.3862
pt
862.6793
1223.3806
862.6793
1223.3806
862.6793
1223.3806
pt
876.2049
1208.3512
876.2049
1208.3512
876.2049
1208.3512
pt
877.7084
1194.8246
877.7084
1194.8246
877.7084
1194.8246
pt
867.1874
1187.3103
867.1874
1187.3103
867.1874
1187.3103
pt
855.16364
1194.8246
855.16364
1194.8246
855.16364
1194.8246
pt
855.16364
1206.8486
855.16364
1206.8486
855.16364
1206.8486
pt
867.1874
1209.8538
867.1874
1209.8538
867.1874
1209.8538
pt
880.7137
1202.3395
880.7137
1202.3395
880.7137
1202.3395
pt
870.1931
1215.8665
870.1931
1215.8665
870.1931
1215.8665
pt
909.269
1203.8422
909.269
1203.8422
909.269
1203.8422
pt
918.28705
1208.3512
918.28705
1208.3512
918.28705
1208.3512
pt
930.31006
1205.3461
930.31006
1205.3461
930.31006
1205.3461
pt
931.8131
1196.3281
931.8131
1196.3281
931.8131
1196.3281
pt
918.28705
1191.8188
918.28705
1191.8188
918.28705
1191.8188
pt
927.3045
1184.3046
927.3045
1184.3046
927.3045
1184.3046
pt
922.7958
1178.2932
922.7958
1178.2932
922.7958
1178.2932
pt
910.77295
1179.7958
910.77295
1179.7958
910.77295
1179.7958
pt
904.761
1188.8135
904.761
1188.8135
904.761
1188.8135
pt
907.76605
1184.3046
907.76605
1184.3046
907.76605
1184.3046
pt
916.78467
1176.7908
916.78467
1176.7908
916.78467
1176.7908
pt
927.3045
1179.7958
927.3045
1179.7958
927.3045
1179.7958
pt
924.2988
1188.8135
924.2988
1188.8135
924.2988
1188.8135
pt
925.80115
1193.3215
925.80115
1193.3215
925.80115
1193.3215
pt
931.8131
1200.8368
931.8131
1200.8368
931.8131
1200.8368
pt
966.38104
1194.8246
966.38104
1194.8246
966.38104
1194.8246
pt
990.42694
1185.8086
990.42694
1184.3046
990.42694
1187.3103
pt
964.87805
1196.3281
964.87805
1196.3281
964.87805
1196.3281
pt
978.40393
1178.2932
978.40393
1178.2932
978.40393
1178.2932
pt
979.90674
1164.7671
979.90674
1164.7671
979.90674
1164.7671
pt
960.3689
1164.7671
960.3689
1164.7671
960.3689
1164.7671
pt
954.35754
1176.7908
954.35754
1176.7908
954.35754
1176.7908
pt
967.88306
1164.7671
967.88306
1164.7671
967.88306
1164.7671
pt
979.90674
1170.7773
979.90674
1170.7773
979.90674
1170.7773
pt
972.3926
1187.3103
972.3926
1187.3103
972.3926
1187.3103

running
16.0
3.0
true
pt
812.1959
1228.4298
812.1959
1228.4298
812.1959
1228.4298
pt
810.67786
1198.0712
810.67786
1198.0712
810.67786
1198.0712
pt
800.0522
1199.5894
800.0522
1199.5894
800.0522
1199.5894
pt
810.67786
1196.5532
810.67786
1196.5532
810.67786
1196.5532
pt
813.7136
1228.4298
813.7136
1228.4298
813.7136
1228.4298
pt
862.2876
1225.3949
862.2876
1225.3949
862.2876
1225.3949
pt
875.95
1210.2145
875.95
1210.2145
875.95
1210.2145
pt
877.46704
1196.5532
877.46704
1196.5532
877.46704
1196.5532
pt
866.8409
1188.9639
866.8409
1188.9639
866.8409
1188.9639
pt
854.69885
1196.5532
854.69885
1196.5532
854.69885
1196.5532
pt
854.69885
1208.6971
854.69885
1208.6971
854.69885
1208.6971
pt
866.8409
1211.7329
866.8409
1211.7329
866.8409
1211.7329
pt
880.5033
1204.1437
880.5033
1204.1437
880.5033
1204.1437
pt
869.8775
1217.8052
869.8775
1217.8052
869.8775
1217.8052
pt
909.3447
1205.6615
909.3447
1205.6615
909.3447
1205.6615
pt
918.4521
1210.2145
918.4521
1210.2145
918.4521
1210.2145
pt
930.59595
1207.1798
930.59595
1207.1798
930.59595
1207.1798
pt
932.1135
1198.0712
932.1135
1198.0712
932.1135
1198.0712
pt
918.4521
1193.5176
918.4521
1193.5176
918.4521
1193.5176
pt
927.55927
1185.9287
927.55927
1185.9287
927.55927
1185.9287
pt
923.0063
1179.8563
923.0063
1179.8563
923.0063
1179.8563
pt
910.8631
1181.3734
910.8631
1181.3734
910.8631
1181.3734
pt
904.7907
1190.4816
904.7907
1190.4816
904.7907
1190.4816
pt
907.82623
1185.9287
907.82623
1185.9287
907.82623
1185.9287
pt
916.93427
1178.3381
916.93427
1178.3381
916.93427
1178.3381
pt
927.55927
1181.3734
927.55927
1181.3734
927.55927
1181.3734
pt
924.5242
1190.4816
924.5242
1190.4816
924.5242
1190.4816
pt
926.0423
1195.0353
926.0423
1195.0353
926.0423
1195.0353
pt
932.1135
1202.625
932.1135
1202.625
932.1135
1202.625
pt
967.02637
1196.5532
967.02637
1196.5532
967.02637
1196.5532
pt
991.3143
1187.4457
991.3143
1185.9287
991.3143
1188.9639
pt
965.5088
1198.0712
965.5088
1198.0712
965.5088
1198.0712
pt
979.1706
1179.8563
979.1706
1179.8563
979.1706
1179.8563
pt
980.68915
1166.194
980.68915
1166.194
980.68915
1166.194
pt
960.9557
1166.194
960.9557
1166.194
960.9557
1166.194
pt
954.88275
1178.3381
954.88275
1178.3381
954.88275
1178.3381
pt
968.54504
1166.194
968.54504
1166.194
968.54504
1166.194
pt
980.68915
1172.2661
980.68915
1172.2661
980.68915
1172.2661
pt
973.0987
1188.9639
973.0987
1188.9639
973.0987
1188.9639

running
16.0
3.0
false
pt
811.28534
1228.9325
811.28534
1228.9325
811.28534
1228.9325
pt
809.75116
1198.2688
809.75116
1198.2688
809.75116
1198.2688
pt
799.02
1199.8016
799.02
1199.8016
799.02
1199.8016
pt
809.75116
1196.7356
809.75116
1196.7356
809.75116
1196.7356
pt
812.818
1228.9325
812.818
1228.9325
812.818
1228.9325
pt
861.87885
1225.8661
861.87885
1225.8661
861.87885
1225.8661
pt
875.6764
1210.5342
875.6764
1210.5342
875.6764
1210.5342
pt
877.2094
1196.7356
877.2094
1196.7356
877.2094
1196.7356
pt
866.47784
1189.0708
866.47784
1189.0708
866.47784
1189.0708
pt
854.2126
1196.7356
854.2126
1196.7356
854.2126
1196.7356
pt
854.2126
1209.001
854.2126
1209.001
854.2126
1209.001
pt
866.47784
1212.0676
866.47784
1212.0676
866.47784
1212.0676
pt
880.2761
1204.4026
880.2761
1204.4026
880.2761
1204.4026
pt
869.5446
1218.2001
869.5446
1218.2001
869.5446
1218.2001
pt
909.40576
1205.9349
909.40576
1205.9349
909.40576
1205.9349
pt
918.6035
1210.5342
918.6035
1210.5342
918.6035
1210.5342
pt
930.8698
1207.4667
930.8698
1207.4667
930.8698
1207.4667
pt
932.4024
1198.2688
932.4024
1198.2688
932.4024
1198.2688
pt
918.6035
1193.6699
918.6035
1193.6699
918.6035
1193.6699
pt
927.8038
1186.0038
927.8038
1186.0038
927.8038
1186.0038
pt
923.2039
1179.8717
923.2039
1179.8717
923.2039
1179.8717
pt
910.93884
1181.4047
910.93884
1181.4047
910.93884
1181.4047
pt
904.80664
1190.6041
904.80664
1190.6041
904.80664
1190.6041
pt
907.872
1186.0038
907.872
1186.0038
907.872
1186.0038
pt
917.0704
1178.3384
917.0704
1178.3384
917.0704
1178.3384
pt
927.8038
1181.4047
927.8038
1181.4047
927.8038
1181.4047
pt
924.7369
1190.6041
924.7369
1190.6041
924.7369
1190.6041
pt
926.26984
1195.2037
926.26984
1195.2037
926.26984
1195.2037
pt
932.4024
1202.8684
932.4024
1202.8684
932.4024
1202.8684
pt
967.66437
1196.7356
967.66437
1196.7356
967.66437
1196.7356
pt
992.1949
1187.5376
992.1949
1186.0038
992.1949
1189.0708
pt
966.1318
1198.2688
966.1318
1198.2688
966.1318
1198.2688
pt
979.92993
1179.8717
979.92993
1179.8717
979.92993
1179.8717
pt
981.4622
1166.0731
981.4622
1166.0731
981.4622
1166.0731
pt
961.5323
1166.0731
961.5323
1166.0731
961.5323
1166.0731
pt
955.39984
1178.3384
955.39984
1178.3384
955.39984
1178.3384
pt
969.19794
1166.0731
969.19794
1166.0731
969.19794
1166.0731
pt
981.4622
1172.2062
981.4622
1172.2062
981.4622
1172.2062
pt
973.7975
1189.0708
973.7975
1189.0708
973.7975
1189.0708

running
15.0
9.0
true
pt
1156.4364
1086.5159
1156.4364
1086.5159
1156.4364
1086.5159
pt
1012.63934
1166.9731
1097.1025
1132.4336
928.1743
1201.5139

running
15.0
9.0
false
pt
1157.9397
1088.019
1157.9397
1088.019
1157.9397
1088.019
pt
1014.142
1168.4767
1098.6046
1133.9359
929.6782
1203.0168

running
15.0
9.0
true
pt
1159.4429
1089.5221
1159.4429
1089.5221
1159.4429
1089.5221
pt
1015.645
1169.9786
1100.1078
1135.439
931.1808
1204.5193

running
15.0
9.0
false
pt
1160.9447
1091.0247
1160.9447
1091.0247
1160.9447
1091.0247
pt
1017.14825
1171.483
1101.6111
1136.9421
932.6837
1206.023

running
15.0
9.0
true
pt
1162.4475
1092.5288
1162.4475
1092.5288
1162.4475
1092.5288
pt
1018.6508
1172.9844
1103.1136
1138.4451
934.1868
1207.5245

