running
20.0
4.0
false
pt
406.0
111.0
406.0
111.0
406.0
111.0
pt
409.0
91.0
421.0
111.0
397.0
71.0
pt
368.0
48.0
382.0
46.0
354.0
50.0
pt
336.0
86.0
336.0
69.0
336.0
103.0
pt
345.0
109.0
338.0
107.0
352.0
111.0

satin
20.0
4.0
false
pt
352.0
99.0
352.0
99.0
352.0
99.0
pt
346.0
112.0
346.0
112.0
346.0
112.0
pt
351.0
82.0
345.0
94.0
357.0
70.0
pt
334.0
78.0
328.5144
109.54218
338.0
55.0
pt
366.0
67.0
356.0
67.0
376.0
67.0
pt
367.0
44.0
365.0
45.0
369.0
43.0
pt
382.0
76.0
382.0
76.0
382.0
76.0
pt
390.0
58.0
390.0
58.0
390.0
58.0
pt
396.0
96.0
396.0
85.0
396.0
107.0
pt
414.0
99.0
418.0
86.0
410.0
112.0
pt
385.0
104.0
385.0
104.0
385.0
104.0
pt
407.0
116.0
407.0
116.0
407.0
116.0
pt
380.0
111.0
380.0
111.0
380.0
111.0

running
20.0
3.0
false
pt
431.0
138.0
431.0
138.0
431.0
138.0
pt
381.0
117.0
417.0
118.0
345.0
116.0
pt
346.0
117.0
346.0
117.0
346.0
117.0
pt
375.0
119.0
375.0
119.0
375.0
119.0
pt
377.0
144.0
362.0
128.0
392.0
160.0
pt
408.0
201.0
438.0
184.0
378.0
218.0
pt
409.0
176.0
409.0
176.0
409.0
176.0
pt
390.0
160.0
390.0
160.0
390.0
160.0
pt
346.0
123.0
346.0
123.0
346.0
123.0
pt
374.0
150.0
374.0
150.0
374.0
150.0
pt
402.0
176.0
402.0
176.0
402.0
176.0

satin
20.0
4.0
false
pt
389.0
193.0
389.0
193.0
389.0
193.0
pt
410.0
204.0
410.0
204.0
410.0
204.0
pt
398.0
185.0
398.0
191.0
398.0
179.0
pt
420.0
188.0
422.0
201.0
418.0
175.0
pt
394.0
173.0
398.0
178.0
390.0
168.0
pt
404.0
164.0
408.0
168.0
400.0
160.0
pt
345.0
121.0
345.0
121.0
345.0
121.0
pt
386.0
117.0
358.0
130.0
414.0
104.0

satin
20.0
4.0
false
pt
342.0
103.0
342.0
103.0
342.0
103.0
pt
343.0
123.0
343.0
123.0
343.0
123.0
pt
398.0
104.0
385.0
100.0
411.0
108.0
pt
395.0
124.0
373.0
118.0
417.0
130.0
pt
440.0
138.0
440.0
138.0
440.0
138.0
pt
433.0
139.0
433.0
139.0
433.0
139.0

running
13.0
4.0
false
pt
446.0
123.0
446.0
123.0
446.0
123.0
pt
444.0
59.0
444.0
59.0
444.0
59.0
pt
367.0
12.0
400.0
13.0
334.0
11.0
pt
301.0
57.0
304.0
46.0
298.0
68.0
pt
299.0
127.0
299.0
127.0
299.0
127.0
pt
305.0
135.0
305.0
135.0
305.0
135.0
pt
338.0
160.0
338.0
160.0
338.0
160.0
pt
385.0
160.0
385.0
160.0
385.0
160.0
pt
335.0
169.0
330.0
143.0
340.0
195.0
pt
327.0
194.0
336.0
206.0
318.0
182.0
pt
298.0
163.0
298.0
163.0
298.0
163.0
pt
300.0
143.0
300.0
143.0
300.0
143.0
pt
307.0
136.0
307.0
136.0
307.0
136.0

satin
13.0
7.0
false
pt
298.0
142.0
298.0
142.0
298.0
142.0
pt
297.0
162.0
297.0
162.0
297.0
162.0
pt
305.0
137.0
305.0
137.0
305.0
137.0
pt
305.0
171.0
305.0
171.0
305.0
171.0
pt
344.0
166.0
344.0
166.0
344.0
166.0
pt
343.0
204.0
343.0
204.0
343.0
204.0

running
13.0
6.0
false
pt
343.0
162.0
343.0
162.0
343.0
162.0
pt
360.0
159.0
360.0
159.0
360.0
159.0
pt
381.0
164.0
381.0
164.0
381.0
164.0

satin
13.0
4.0
false
pt
393.0
172.0
393.0
172.0
393.0
172.0
pt
376.0
150.0
376.0
150.0
376.0
150.0
pt
350.0
177.0
351.0
168.0
349.0
186.0
pt
333.0
163.0
338.0
146.0
328.0
180.0
pt
354.0
199.0
349.0
195.0
359.0
203.0
pt
346.0
213.0
323.0
203.0
369.0
223.0

running
20.0
4.0
false
pt
354.0
202.0
354.0
202.0
354.0
202.0
pt
390.0
200.0
390.0
200.0
390.0
200.0
pt
436.0
223.0
436.0
223.0
436.0
223.0
pt
429.0
223.0
429.0
223.0
429.0
223.0
pt
389.0
208.0
389.0
208.0
389.0
208.0
pt
369.0
217.0
369.0
199.0
369.0
235.0
pt
400.0
248.0
400.0
248.0
400.0
248.0
pt
413.0
290.0
431.0
274.0
395.0
306.0

satin
20.0
4.0
false
pt
416.0
292.0
416.0
292.0
416.0
292.0
pt
392.0
277.0
392.0
277.0
392.0
277.0
pt
417.0
263.0
431.0
285.0
403.0
241.0
pt
400.0
265.0
409.0
275.0
391.0
255.0
pt
390.0
237.0
402.0
245.0
378.0
229.0
pt
379.0
244.0
385.0
246.0
373.0
242.0
pt
377.0
208.0
373.0
212.0
381.0
204.0
pt
350.0
209.0
335.0
222.0
365.0
196.0

satin
20.0
4.0
false
pt
338.0
211.0
338.0
211.0
338.0
211.0
pt
353.0
190.0
353.0
190.0
353.0
190.0
pt
364.0
216.0
349.0
218.0
379.0
214.0
pt
367.0
191.0
367.0
191.0
367.0
191.0
pt
389.0
211.0
389.0
211.0
389.0
211.0
pt
392.0
190.0
392.0
190.0
392.0
190.0
pt
430.0
227.0
430.0
227.0
430.0
227.0
pt
439.0
224.0
439.0
224.0
439.0
224.0

running
20.0
4.0
false
pt
439.0
223.0
439.0
223.0
439.0
223.0
pt
428.0
227.0
428.0
227.0
428.0
227.0
pt
388.0
210.0
388.0
210.0
388.0
210.0
pt
340.0
211.0
351.0
221.0
329.0
201.0
pt
299.0
167.0
299.0
167.0
299.0
167.0
pt
300.0
217.0
300.0
217.0
300.0
217.0
pt
304.0
225.0
304.0
225.0
304.0
225.0
pt
338.0
250.0
338.0
250.0
338.0
250.0
pt
337.0
277.0
337.0
277.0
337.0
277.0
pt
299.0
254.0
299.0
254.0
299.0
254.0
pt
298.0
229.0
298.0
229.0
298.0
229.0
pt
304.0
225.0
304.0
225.0
304.0
225.0

satin
13.0
7.0
false
pt
296.0
226.0
296.0
226.0
296.0
226.0
pt
295.0
246.0
295.0
246.0
295.0
246.0
pt
303.0
221.0
303.0
221.0
303.0
221.0
pt
303.0
255.0
303.0
255.0
303.0
255.0
pt
342.0
250.0
342.0
250.0
342.0
250.0
pt
341.0
283.0
341.0
283.0
341.0
283.0

running
20.0
4.0
false
pt
335.0
245.0
335.0
245.0
335.0
245.0
pt
376.0
244.0
376.0
244.0
376.0
244.0

satin
13.0
4.0
false
pt
395.0
258.0
395.0
258.0
395.0
258.0
pt
378.0
236.0
378.0
236.0
378.0
236.0
pt
352.0
263.0
353.0
254.0
351.0
272.0
pt
335.0
249.0
340.0
232.0
330.0
266.0
pt
356.0
285.0
351.0
281.0
361.0
289.0
pt
348.0
299.0
325.0
289.0
371.0
309.0

running
20.0
4.0
false
pt
352.0
288.0
352.0
288.0
352.0
288.0
pt
388.0
286.0
388.0
286.0
388.0
286.0
pt
434.0
309.0
434.0
309.0
434.0
309.0
pt
427.0
309.0
427.0
309.0
427.0
309.0
pt
387.0
294.0
387.0
294.0
387.0
294.0
pt
367.0
303.0
367.0
285.0
367.0
321.0
pt
398.0
334.0
398.0
334.0
398.0
334.0
pt
411.0
376.0
429.0
360.0
393.0
392.0

satin
20.0
4.0
false
pt
414.0
375.0
414.0
375.0
414.0
375.0
pt
390.0
360.0
390.0
360.0
390.0
360.0
pt
415.0
346.0
429.0
368.0
401.0
324.0
pt
398.0
348.0
407.0
358.0
389.0
338.0
pt
388.0
320.0
400.0
328.0
376.0
312.0
pt
377.0
327.0
383.0
329.0
371.0
325.0
pt
375.0
291.0
371.0
295.0
379.0
287.0
pt
348.0
292.0
333.0
305.0
363.0
279.0

satin
20.0
4.0
false
pt
337.0
297.0
337.0
297.0
337.0
297.0
pt
352.0
276.0
352.0
276.0
352.0
276.0
pt
363.0
302.0
348.0
304.0
378.0
300.0
pt
366.0
277.0
366.0
277.0
366.0
277.0
pt
388.0
297.0
388.0
297.0
388.0
297.0
pt
391.0
276.0
391.0
276.0
391.0
276.0
pt
429.0
313.0
429.0
313.0
429.0
313.0
pt
438.0
310.0
438.0
310.0
438.0
310.0

running
20.0
4.0
false
pt
442.0
309.0
442.0
309.0
442.0
309.0
pt
431.0
313.0
431.0
313.0
431.0
313.0
pt
391.0
296.0
391.0
296.0
391.0
296.0
pt
343.0
297.0
354.0
307.0
332.0
287.0
pt
302.0
253.0
302.0
253.0
302.0
253.0
pt
303.0
303.0
303.0
303.0
303.0
303.0
pt
307.0
311.0
307.0
311.0
307.0
311.0
pt
341.0
336.0
341.0
336.0
341.0
336.0
pt
340.0
363.0
340.0
363.0
340.0
363.0
pt
302.0
340.0
302.0
340.0
302.0
340.0
pt
301.0
315.0
301.0
315.0
301.0
315.0
pt
307.0
311.0
307.0
311.0
307.0
311.0

satin
13.0
7.0
false
pt
299.0
311.0
299.0
311.0
299.0
311.0
pt
298.0
331.0
298.0
331.0
298.0
331.0
pt
306.0
306.0
306.0
306.0
306.0
306.0
pt
306.0
340.0
306.0
340.0
306.0
340.0
pt
345.0
335.0
345.0
335.0
345.0
335.0
pt
344.0
368.0
344.0
368.0
344.0
368.0

running
20.0
4.0
false
pt
337.0
330.0
337.0
330.0
337.0
330.0
pt
378.0
329.0
378.0
329.0
378.0
329.0

satin
13.0
4.0
false
pt
393.0
340.0
393.0
340.0
393.0
340.0
pt
376.0
318.0
376.0
318.0
376.0
318.0
pt
350.0
345.0
351.0
336.0
349.0
354.0
pt
333.0
331.0
338.0
314.0
328.0
348.0
pt
354.0
367.0
349.0
363.0
359.0
371.0
pt
346.0
381.0
323.0
371.0
369.0
391.0

running
20.0
4.0
false
pt
356.0
365.0
356.0
365.0
356.0
365.0
pt
392.0
363.0
392.0
363.0
392.0
363.0
pt
438.0
386.0
438.0
386.0
438.0
386.0
pt
431.0
386.0
431.0
386.0
431.0
386.0
pt
391.0
371.0
391.0
371.0
391.0
371.0
pt
371.0
380.0
371.0
362.0
371.0
398.0
pt
402.0
411.0
402.0
411.0
402.0
411.0
pt
415.0
453.0
433.0
437.0
397.0
469.0

satin
20.0
4.0
false
pt
414.0
453.0
414.0
453.0
414.0
453.0
pt
390.0
438.0
390.0
438.0
390.0
438.0
pt
415.0
424.0
429.0
446.0
401.0
402.0
pt
398.0
426.0
407.0
436.0
389.0
416.0
pt
388.0
398.0
400.0
406.0
376.0
390.0
pt
377.0
405.0
383.0
407.0
371.0
403.0
pt
375.0
369.0
371.0
373.0
379.0
365.0
pt
348.0
370.0
333.0
383.0
363.0
357.0

satin
20.0
4.0
false
pt
341.0
376.0
341.0
376.0
341.0
376.0
pt
356.0
355.0
356.0
355.0
356.0
355.0
pt
367.0
381.0
352.0
383.0
382.0
379.0
pt
370.0
356.0
370.0
356.0
370.0
356.0
pt
392.0
376.0
392.0
376.0
392.0
376.0
pt
395.0
355.0
395.0
355.0
395.0
355.0
pt
433.0
392.0
433.0
392.0
433.0
392.0
pt
442.0
389.0
442.0
389.0
442.0
389.0

running
20.0
4.0
false
pt
444.0
386.0
444.0
386.0
444.0
386.0
pt
433.0
390.0
433.0
390.0
433.0
390.0
pt
393.0
373.0
393.0
373.0
393.0
373.0
pt
345.0
374.0
356.0
384.0
334.0
364.0
pt
304.0
330.0
304.0
330.0
304.0
330.0
pt
305.0
380.0
305.0
380.0
305.0
380.0
pt
309.0
388.0
309.0
388.0
309.0
388.0
pt
343.0
413.0
343.0
413.0
343.0
413.0
pt
342.0
440.0
342.0
440.0
342.0
440.0
pt
304.0
417.0
304.0
417.0
304.0
417.0
pt
303.0
392.0
303.0
392.0
303.0
392.0
pt
309.0
388.0
309.0
388.0
309.0
388.0

satin
13.0
7.0
false
pt
299.0
388.0
299.0
388.0
299.0
388.0
pt
298.0
408.0
298.0
408.0
298.0
408.0
pt
306.0
383.0
306.0
383.0
306.0
383.0
pt
306.0
417.0
306.0
417.0
306.0
417.0
pt
345.0
412.0
345.0
412.0
345.0
412.0
pt
344.0
445.0
344.0
445.0
344.0
445.0

running
20.0
4.0
false
pt
333.0
404.0
333.0
404.0
333.0
404.0
pt
374.0
403.0
374.0
403.0
374.0
403.0

satin
13.0
4.0
false
pt
393.0
418.0
393.0
418.0
393.0
418.0
pt
376.0
396.0
376.0
396.0
376.0
396.0
pt
350.0
423.0
351.0
414.0
349.0
432.0
pt
333.0
409.0
338.0
392.0
328.0
426.0
pt
354.0
445.0
349.0
441.0
359.0
449.0
pt
346.0
459.0
323.0
449.0
369.0
469.0

running
20.0
4.0
false
pt
353.0
449.0
353.0
449.0
353.0
449.0
pt
389.0
447.0
389.0
447.0
389.0
447.0
pt
435.0
470.0
435.0
470.0
435.0
470.0
pt
428.0
470.0
428.0
470.0
428.0
470.0
pt
388.0
455.0
388.0
455.0
388.0
455.0
pt
368.0
464.0
368.0
446.0
368.0
482.0
pt
399.0
495.0
399.0
495.0
399.0
495.0
pt
412.0
537.0
430.0
521.0
394.0
553.0

satin
20.0
4.0
false
pt
415.0
537.0
415.0
537.0
415.0
537.0
pt
391.0
522.0
391.0
522.0
391.0
522.0
pt
416.0
508.0
430.0
530.0
402.0
486.0
pt
399.0
510.0
408.0
520.0
390.0
500.0
pt
389.0
482.0
401.0
490.0
377.0
474.0
pt
378.0
489.0
384.0
491.0
372.0
487.0
pt
376.0
453.0
372.0
457.0
380.0
449.0
pt
349.0
454.0
334.0
467.0
364.0
441.0

satin
20.0
4.0
false
pt
342.0
460.0
342.0
460.0
342.0
460.0
pt
357.0
439.0
357.0
439.0
357.0
439.0
pt
368.0
465.0
353.0
467.0
383.0
463.0
pt
371.0
440.0
371.0
440.0
371.0
440.0
pt
393.0
460.0
393.0
460.0
393.0
460.0
pt
396.0
439.0
396.0
439.0
396.0
439.0
pt
434.0
476.0
434.0
476.0
434.0
476.0
pt
443.0
473.0
443.0
473.0
443.0
473.0

running
20.0
4.0
false
pt
444.0
471.0
444.0
471.0
444.0
471.0
pt
433.0
475.0
433.0
475.0
433.0
475.0
pt
393.0
458.0
393.0
458.0
393.0
458.0
pt
345.0
459.0
356.0
469.0
334.0
449.0
pt
304.0
415.0
304.0
415.0
304.0
415.0
pt
305.0
465.0
305.0
465.0
305.0
465.0
pt
309.0
473.0
309.0
473.0
309.0
473.0
pt
343.0
498.0
343.0
498.0
343.0
498.0
pt
342.0
525.0
342.0
525.0
342.0
525.0
pt
304.0
502.0
304.0
502.0
304.0
502.0
pt
303.0
477.0
303.0
477.0
303.0
477.0
pt
309.0
473.0
309.0
473.0
309.0
473.0

satin
13.0
7.0
false
pt
300.0
473.0
300.0
473.0
300.0
473.0
pt
299.0
493.0
299.0
493.0
299.0
493.0
pt
307.0
468.0
307.0
468.0
307.0
468.0
pt
307.0
502.0
307.0
502.0
307.0
502.0
pt
346.0
497.0
346.0
497.0
346.0
497.0
pt
345.0
530.0
345.0
530.0
345.0
530.0

running
20.0
4.0
false
pt
338.0
491.0
338.0
491.0
338.0
491.0
pt
379.0
490.0
379.0
490.0
379.0
490.0

satin
13.0
4.0
false
pt
395.0
503.0
395.0
503.0
395.0
503.0
pt
378.0
481.0
378.0
481.0
378.0
481.0
pt
352.0
508.0
353.0
499.0
351.0
517.0
pt
335.0
494.0
340.0
477.0
330.0
511.0
pt
356.0
530.0
351.0
526.0
361.0
534.0
pt
348.0
544.0
325.0
534.0
371.0
554.0

running
20.0
4.0
false
pt
354.0
532.0
354.0
532.0
354.0
532.0
pt
390.0
530.0
390.0
530.0
390.0
530.0
pt
436.0
553.0
436.0
553.0
436.0
553.0
pt
429.0
553.0
429.0
553.0
429.0
553.0
pt
389.0
538.0
389.0
538.0
389.0
538.0
pt
369.0
547.0
369.0
529.0
369.0
565.0
pt
400.0
578.0
400.0
578.0
400.0
578.0
pt
413.0
620.0
431.0
604.0
395.0
636.0

satin
20.0
4.0
false
pt
416.0
620.0
416.0
620.0
416.0
620.0
pt
392.0
605.0
392.0
605.0
392.0
605.0
pt
417.0
591.0
431.0
613.0
403.0
569.0
pt
400.0
593.0
409.0
603.0
391.0
583.0
pt
390.0
565.0
402.0
573.0
378.0
557.0
pt
379.0
572.0
385.0
574.0
373.0
570.0
pt
377.0
536.0
373.0
540.0
381.0
532.0
pt
350.0
537.0
335.0
550.0
365.0
524.0

satin
20.0
4.0
false
pt
341.0
542.0
341.0
542.0
341.0
542.0
pt
356.0
521.0
356.0
521.0
356.0
521.0
pt
367.0
547.0
352.0
549.0
382.0
545.0
pt
370.0
522.0
370.0
522.0
370.0
522.0
pt
392.0
542.0
392.0
542.0
392.0
542.0
pt
395.0
521.0
395.0
521.0
395.0
521.0
pt
433.0
558.0
433.0
558.0
433.0
558.0
pt
442.0
555.0
442.0
555.0
442.0
555.0

running
20.0
4.0
false
pt
444.0
554.0
444.0
554.0
444.0
554.0
pt
433.0
558.0
433.0
558.0
433.0
558.0
pt
393.0
541.0
393.0
541.0
393.0
541.0
pt
345.0
542.0
356.0
552.0
334.0
532.0
pt
304.0
498.0
304.0
498.0
304.0
498.0
pt
305.0
548.0
305.0
548.0
305.0
548.0
pt
309.0
556.0
309.0
556.0
309.0
556.0
pt
343.0
581.0
343.0
581.0
343.0
581.0
pt
342.0
608.0
342.0
608.0
342.0
608.0
pt
304.0
585.0
304.0
585.0
304.0
585.0
pt
303.0
560.0
303.0
560.0
303.0
560.0
pt
309.0
556.0
309.0
556.0
309.0
556.0

satin
13.0
7.0
false
pt
299.0
556.0
299.0
556.0
299.0
556.0
pt
298.0
576.0
298.0
576.0
298.0
576.0
pt
306.0
551.0
306.0
551.0
306.0
551.0
pt
306.0
585.0
306.0
585.0
306.0
585.0
pt
345.0
580.0
345.0
580.0
345.0
580.0
pt
344.0
613.0
344.0
613.0
344.0
613.0

running
20.0
4.0
false
pt
339.0
576.0
339.0
576.0
339.0
576.0
pt
380.0
575.0
380.0
575.0
380.0
575.0

satin
13.0
4.0
false
pt
399.0
591.0
399.0
591.0
399.0
591.0
pt
382.0
569.0
382.0
569.0
382.0
569.0
pt
356.0
596.0
357.0
587.0
355.0
605.0
pt
339.0
582.0
344.0
565.0
334.0
599.0
pt
360.0
618.0
355.0
614.0
365.0
622.0
pt
352.0
632.0
329.0
622.0
375.0
642.0

running
20.0
4.0
false
pt
357.0
620.0
357.0
620.0
357.0
620.0
pt
393.0
618.0
393.0
618.0
393.0
618.0
pt
439.0
641.0
439.0
641.0
439.0
641.0
pt
432.0
641.0
432.0
641.0
432.0
641.0
pt
392.0
626.0
392.0
626.0
392.0
626.0
pt
372.0
635.0
372.0
617.0
372.0
653.0
pt
403.0
666.0
403.0
666.0
403.0
666.0
pt
416.0
708.0
434.0
692.0
398.0
724.0

satin
20.0
4.0
false
pt
414.0
709.0
414.0
709.0
414.0
709.0
pt
390.0
694.0
390.0
694.0
390.0
694.0
pt
415.0
680.0
429.0
702.0
401.0
658.0
pt
398.0
682.0
407.0
692.0
389.0
672.0
pt
388.0
654.0
400.0
662.0
376.0
646.0
pt
377.0
661.0
383.0
663.0
371.0
659.0
pt
375.0
625.0
371.0
629.0
379.0
621.0
pt
348.0
626.0
333.0
639.0
363.0
613.0

satin
20.0
4.0
false
pt
342.0
630.0
342.0
630.0
342.0
630.0
pt
357.0
609.0
357.0
609.0
357.0
609.0
pt
368.0
635.0
353.0
637.0
383.0
633.0
pt
371.0
610.0
371.0
610.0
371.0
610.0
pt
393.0
630.0
393.0
630.0
393.0
630.0
pt
396.0
609.0
396.0
609.0
396.0
609.0
pt
434.0
646.0
434.0
646.0
434.0
646.0
pt
443.0
643.0
443.0
643.0
443.0
643.0

running
20.0
4.0
false
pt
445.0
641.0
445.0
641.0
445.0
641.0
pt
434.0
645.0
434.0
645.0
434.0
645.0
pt
394.0
628.0
394.0
628.0
394.0
628.0
pt
346.0
629.0
357.0
639.0
335.0
619.0
pt
305.0
585.0
305.0
585.0
305.0
585.0
pt
306.0
635.0
306.0
635.0
306.0
635.0
pt
310.0
643.0
310.0
643.0
310.0
643.0
pt
344.0
668.0
344.0
668.0
344.0
668.0
pt
343.0
695.0
343.0
695.0
343.0
695.0
pt
305.0
672.0
305.0
672.0
305.0
672.0
pt
304.0
647.0
304.0
647.0
304.0
647.0
pt
310.0
643.0
310.0
643.0
310.0
643.0

satin
13.0
7.0
false
pt
301.0
644.0
301.0
644.0
301.0
644.0
pt
300.0
664.0
300.0
664.0
300.0
664.0
pt
308.0
639.0
308.0
639.0
308.0
639.0
pt
308.0
673.0
308.0
673.0
308.0
673.0
pt
347.0
668.0
347.0
668.0
347.0
668.0
pt
346.0
701.0
346.0
701.0
346.0
701.0

running
20.0
4.0
false
pt
339.0
663.0
339.0
663.0
339.0
663.0
pt
376.0
661.0
376.0
661.0
376.0
661.0

satin
13.0
4.0
false
pt
396.0
677.0
396.0
677.0
396.0
677.0
pt
379.0
655.0
379.0
655.0
379.0
655.0
pt
353.0
682.0
354.0
673.0
352.0
691.0
pt
336.0
668.0
341.0
651.0
331.0
685.0
pt
357.0
704.0
352.0
700.0
362.0
708.0
pt
349.0
718.0
326.0
708.0
372.0
728.0

running
20.0
4.0
false
pt
356.0
707.0
356.0
707.0
356.0
707.0
pt
392.0
705.0
392.0
705.0
392.0
705.0
pt
438.0
728.0
438.0
728.0
438.0
728.0
pt
431.0
728.0
431.0
728.0
431.0
728.0
pt
391.0
713.0
391.0
713.0
391.0
713.0
pt
371.0
722.0
371.0
704.0
371.0
740.0
pt
402.0
753.0
402.0
753.0
402.0
753.0
pt
415.0
795.0
433.0
779.0
397.0
811.0

satin
20.0
4.0
false
pt
417.0
795.0
417.0
795.0
417.0
795.0
pt
393.0
780.0
393.0
780.0
393.0
780.0
pt
418.0
766.0
432.0
788.0
404.0
744.0
pt
401.0
768.0
410.0
778.0
392.0
758.0
pt
391.0
740.0
403.0
748.0
379.0
732.0
pt
380.0
747.0
386.0
749.0
374.0
745.0
pt
378.0
711.0
374.0
715.0
382.0
707.0
pt
351.0
712.0
336.0
725.0
366.0
699.0

satin
20.0
4.0
false
pt
343.0
718.0
343.0
718.0
343.0
718.0
pt
358.0
697.0
358.0
697.0
358.0
697.0
pt
369.0
723.0
354.0
725.0
384.0
721.0
pt
372.0
698.0
372.0
698.0
372.0
698.0
pt
394.0
718.0
394.0
718.0
394.0
718.0
pt
397.0
697.0
397.0
697.0
397.0
697.0
pt
435.0
734.0
435.0
734.0
435.0
734.0
pt
444.0
731.0
444.0
731.0
444.0
731.0

running
20.0
4.0
false
pt
446.0
731.0
446.0
731.0
446.0
731.0
pt
435.0
735.0
435.0
735.0
435.0
735.0
pt
395.0
718.0
395.0
718.0
395.0
718.0
pt
347.0
719.0
358.0
729.0
336.0
709.0
pt
306.0
675.0
306.0
675.0
306.0
675.0
pt
307.0
725.0
307.0
725.0
307.0
725.0
pt
311.0
733.0
311.0
733.0
311.0
733.0
pt
345.0
758.0
345.0
758.0
345.0
758.0
pt
344.0
785.0
344.0
785.0
344.0
785.0
pt
306.0
762.0
306.0
762.0
306.0
762.0
pt
305.0
737.0
305.0
737.0
305.0
737.0
pt
311.0
733.0
311.0
733.0
311.0
733.0

satin
13.0
7.0
false
pt
303.0
734.0
303.0
734.0
303.0
734.0
pt
302.0
754.0
302.0
754.0
302.0
754.0
pt
310.0
729.0
310.0
729.0
310.0
729.0
pt
310.0
763.0
310.0
763.0
310.0
763.0
pt
349.0
758.0
349.0
758.0
349.0
758.0
pt
348.0
791.0
348.0
791.0
348.0
791.0

running
20.0
4.0
false
pt
335.0
747.0
335.0
747.0
335.0
747.0
pt
372.0
744.0
372.0
744.0
372.0
744.0

satin
13.0
4.0
false
pt
393.0
761.0
393.0
761.0
393.0
761.0
pt
376.0
739.0
376.0
739.0
376.0
739.0
pt
350.0
766.0
351.0
757.0
349.0
775.0
pt
333.0
752.0
338.0
735.0
328.0
769.0
pt
354.0
788.0
349.0
784.0
359.0
792.0
pt
346.0
802.0
323.0
792.0
369.0
812.0

running
20.0
4.0
false
pt
357.0
790.0
357.0
790.0
357.0
790.0
pt
393.0
788.0
393.0
788.0
393.0
788.0
pt
439.0
811.0
439.0
811.0
439.0
811.0
pt
432.0
811.0
432.0
811.0
432.0
811.0
pt
392.0
796.0
392.0
796.0
392.0
796.0
pt
372.0
805.0
372.0
787.0
372.0
823.0
pt
403.0
836.0
403.0
836.0
403.0
836.0
pt
416.0
878.0
434.0
862.0
398.0
894.0
pt
383.0
905.0
394.0
911.0
372.0
899.0
pt
362.0
887.0
362.0
887.0
362.0
887.0
pt
341.0
855.0
339.0
867.0
343.0
843.0
pt
344.0
832.0
344.0
832.0
344.0
832.0

satin
20.0
4.0
false
pt
341.0
829.0
341.0
829.0
341.0
829.0
pt
355.0
835.0
355.0
835.0
355.0
835.0
pt
337.0
856.0
337.0
856.0
337.0
856.0
pt
354.0
856.0
354.0
856.0
354.0
856.0
pt
346.0
875.0
346.0
875.0
346.0
875.0
pt
359.0
867.0
359.0
867.0
359.0
867.0
pt
387.0
909.0
379.0
914.0
395.0
904.0
pt
375.0
879.0
367.0
884.0
383.0
874.0
pt
418.0
880.0
413.0
887.0
423.0
873.0
pt
397.0
863.0
396.0
867.0
398.0
859.0
pt
418.0
850.0
426.0
862.0
410.0
838.0
pt
397.0
853.0
397.0
853.0
397.0
853.0
pt
404.0
834.0
404.0
834.0
404.0
834.0
pt
390.0
842.0
390.0
842.0
390.0
842.0
pt
385.0
819.0
385.0
819.0
385.0
819.0
pt
374.0
827.0
374.0
827.0
374.0
827.0
pt
391.0
793.0
359.0
798.0
423.0
788.0
pt
352.0
786.0
341.0
809.0
363.0
763.0

satin
20.0
4.0
false
pt
342.0
801.0
342.0
801.0
342.0
801.0
pt
357.0
780.0
357.0
780.0
357.0
780.0
pt
368.0
806.0
353.0
808.0
383.0
804.0
pt
371.0
781.0
371.0
781.0
371.0
781.0
pt
393.0
801.0
393.0
801.0
393.0
801.0
pt
396.0
780.0
396.0
780.0
396.0
780.0
pt
434.0
817.0
434.0
817.0
434.0
817.0
pt
443.0
814.0
443.0
814.0
443.0
814.0

running
20.0
4.0
false
pt
445.0
812.0
445.0
812.0
445.0
812.0
pt
434.0
816.0
434.0
816.0
434.0
816.0
pt
394.0
799.0
394.0
799.0
394.0
799.0
pt
346.0
800.0
357.0
810.0
335.0
790.0
pt
305.0
756.0
305.0
756.0
305.0
756.0
pt
306.0
806.0
306.0
806.0
306.0
806.0
pt
310.0
814.0
310.0
814.0
310.0
814.0
pt
344.0
839.0
344.0
839.0
344.0
839.0
pt
343.0
866.0
343.0
866.0
343.0
866.0
pt
305.0
843.0
305.0
843.0
305.0
843.0
pt
304.0
818.0
304.0
818.0
304.0
818.0
pt
310.0
814.0
310.0
814.0
310.0
814.0

satin
13.0
6.0
false
pt
302.0
818.0
302.0
818.0
302.0
818.0
pt
301.0
838.0
301.0
838.0
301.0
838.0
pt
309.0
813.0
309.0
813.0
309.0
813.0
pt
309.0
847.0
309.0
847.0
309.0
847.0
pt
348.0
842.0
348.0
842.0
348.0
842.0
pt
347.0
875.0
347.0
875.0
347.0
875.0

running
20.0
4.0
false
pt
341.0
833.0
341.0
833.0
341.0
833.0
pt
379.0
831.0
379.0
831.0
379.0
831.0

satin
13.0
4.0
false
pt
399.0
845.0
399.0
845.0
399.0
845.0
pt
382.0
823.0
382.0
823.0
382.0
823.0
pt
356.0
850.0
357.0
841.0
355.0
859.0
pt
339.0
836.0
344.0
819.0
334.0
853.0
pt
360.0
872.0
355.0
868.0
365.0
876.0
pt
352.0
886.0
329.0
876.0
375.0
896.0

running
20.0
4.0
false
pt
337.0
866.0
337.0
866.0
337.0
866.0
pt
302.0
842.0
302.0
842.0
302.0
842.0
pt
304.0
890.0
304.0
890.0
304.0
890.0
pt
379.0
934.0
335.5075
943.665
388.0
932.0
pt
391.0
932.0
388.0
944.0
394.0
920.0

satin
20.0
9.0
false
pt
381.0
907.0
381.0
907.0
381.0
907.0
pt
393.0
932.0
393.0
932.0
393.0
932.0
pt
420.0
865.0
425.0
884.0
415.0
846.0
pt
443.0
896.0
441.0
898.0
445.0
894.0

running
20.0
9.0
false
pt
445.0
893.0
445.0
893.0
445.0
893.0
pt
452.0
876.0
452.0
891.0
452.0
861.0
pt
451.0
823.0
451.0
823.0
451.0
823.0
pt
443.0
813.0
443.0
813.0
443.0
813.0

satin
20.0
9.0
false
pt
443.0
813.0
443.0
812.0
443.0
814.0
pt
411.0
793.0
411.0
794.0
411.0
792.0
pt
453.0
784.0
456.0
802.0
450.0
766.0
pt
421.0
774.0
430.0
793.0
412.0
755.0

running
20.0
9.0
false
pt
453.0
783.0
453.0
783.0
453.0
783.0
pt
450.0
742.0
450.0
742.0
450.0
742.0
pt
445.0
732.0
445.0
732.0
445.0
732.0

satin
20.0
9.0
false
pt
442.0
727.0
442.0
726.0
442.0
728.0
pt
410.0
707.0
410.0
708.0
410.0
706.0
pt
452.0
698.0
455.0
716.0
449.0
680.0
pt
420.0
688.0
429.0
707.0
411.0
669.0

running
20.0
9.0
false
pt
453.0
694.0
453.0
694.0
453.0
694.0
pt
450.0
653.0
450.0
653.0
450.0
653.0
pt
445.0
643.0
445.0
643.0
445.0
643.0

satin
20.0
9.0
false
pt
439.0
640.0
439.0
639.0
439.0
641.0
pt
407.0
620.0
407.0
621.0
407.0
619.0
pt
449.0
611.0
452.0
629.0
446.0
593.0
pt
417.0
601.0
426.0
620.0
408.0
582.0

running
20.0
9.0
false
pt
449.0
610.0
449.0
610.0
449.0
610.0
pt
446.0
569.0
446.0
569.0
446.0
569.0
pt
441.0
559.0
441.0
559.0
441.0
559.0

satin
20.0
9.0
false
pt
439.0
556.0
439.0
555.0
439.0
557.0
pt
407.0
536.0
407.0
537.0
407.0
535.0
pt
449.0
527.0
452.0
545.0
446.0
509.0
pt
417.0
517.0
426.0
536.0
408.0
498.0

running
20.0
9.0
false
pt
450.0
524.0
450.0
524.0
450.0
524.0
pt
447.0
483.0
447.0
483.0
447.0
483.0
pt
442.0
473.0
442.0
473.0
442.0
473.0

satin
20.0
9.0
false
pt
438.0
469.0
438.0
468.0
438.0
470.0
pt
406.0
449.0
406.0
450.0
406.0
448.0
pt
448.0
440.0
451.0
458.0
445.0
422.0
pt
416.0
430.0
425.0
449.0
407.0
411.0

running
20.0
9.0
false
pt
449.0
439.0
449.0
439.0
449.0
439.0
pt
446.0
398.0
446.0
398.0
446.0
398.0
pt
441.0
388.0
441.0
388.0
441.0
388.0

satin
20.0
9.0
false
pt
439.0
386.0
439.0
385.0
439.0
387.0
pt
407.0
366.0
407.0
367.0
407.0
365.0
pt
449.0
357.0
452.0
375.0
446.0
339.0
pt
417.0
347.0
426.0
366.0
408.0
328.0

running
20.0
9.0
false
pt
447.0
357.0
447.0
357.0
447.0
357.0
pt
444.0
316.0
444.0
316.0
444.0
316.0
pt
439.0
306.0
439.0
306.0
439.0
306.0

satin
20.0
9.0
false
pt
440.0
308.0
440.0
307.0
440.0
309.0
pt
408.0
288.0
408.0
289.0
408.0
287.0
pt
450.0
279.0
453.0
297.0
447.0
261.0
pt
418.0
269.0
427.0
288.0
409.0
250.0

running
20.0
9.0
false
pt
446.0
277.0
446.0
277.0
446.0
277.0
pt
443.0
236.0
443.0
236.0
443.0
236.0
pt
438.0
226.0
438.0
226.0
438.0
226.0

satin
20.0
9.0
false
pt
436.0
227.0
436.0
226.0
436.0
228.0
pt
404.0
207.0
404.0
208.0
404.0
206.0
pt
446.0
198.0
449.0
216.0
443.0
180.0
pt
414.0
188.0
423.0
207.0
405.0
169.0

running
20.0
9.0
false
pt
447.0
193.0
447.0
193.0
447.0
193.0
pt
444.0
152.0
444.0
152.0
444.0
152.0
pt
439.0
142.0
439.0
142.0
439.0
142.0

satin
20.0
9.0
false
pt
437.0
135.0
437.0
134.0
437.0
136.0
pt
405.0
115.0
405.0
116.0
405.0
114.0
pt
447.0
106.0
450.0
124.0
444.0
88.0
pt
415.0
96.0
424.0
115.0
406.0
77.0

running
20.0
7.0
false
pt
446.0
100.0
446.0
100.0
446.0
100.0
pt
445.0
58.0
445.0
58.0
445.0
58.0
pt
363.0
11.0
387.0
6.0
339.0
16.0
pt
328.0
25.0
328.0
25.0
328.0
25.0

satin
20.0
8.0
false
pt
332.0
22.0
332.0
22.0
332.0
22.0
pt
372.0
46.0
372.0
46.0
372.0
46.0
pt
301.0
64.0
301.0
41.0
301.0
87.0
pt
334.0
88.0
337.0
52.0
329.5978
140.82632

free
20.0
4.0
false

satin
20.0
4.0
false
pt
520.0
540.0
347.0
553.0
693.0
527.0

free
20.0
4.0
false

free
20.0
4.0
false

