running
20.0
4.0
false
pt
365.0
29.0
365.0
29.0
365.0
29.0
pt
321.0
69.0
321.0
69.0
321.0
69.0
pt
326.0
878.0
326.0
878.0
326.0
878.0
pt
374.0
915.0
374.0
915.0
374.0
915.0
pt
423.0
873.0
423.0
873.0
423.0
873.0
pt
416.0
68.0
416.0
68.0
416.0
68.0
pt
365.0
29.0
365.0
29.0
365.0
29.0

running
20.0
4.0
false
pt
365.0
29.0
365.0
29.0
365.0
29.0
pt
321.0
69.0
321.0
69.0
321.0
69.0
pt
326.0
878.0
326.0
878.0
326.0
878.0
pt
374.0
915.0
374.0
915.0
374.0
915.0
pt
423.0
873.0
423.0
873.0
423.0
873.0
pt
416.0
68.0
416.0
68.0
416.0
68.0
pt
365.0
29.0
365.0
29.0
365.0
29.0

running
20.0
4.0
false
pt
373.0
29.0
373.0
29.0
373.0
29.0
pt
329.0
69.0
329.0
69.0
329.0
69.0
pt
334.0
878.0
334.0
878.0
334.0
878.0
pt
382.0
915.0
382.0
915.0
382.0
915.0
pt
431.0
873.0
431.0
873.0
431.0
873.0
pt
424.0
68.0
424.0
68.0
424.0
68.0
pt
373.0
29.0
373.0
29.0
373.0
29.0

running
20.0
4.0
false
pt
369.0
41.0
369.0
41.0
369.0
41.0
pt
406.0
74.0
406.0
74.0
406.0
74.0
pt
421.0
102.0
421.0
102.0
421.0
102.0
pt
408.0
116.0
408.0
116.0
408.0
116.0
pt
403.0
156.0
403.0
156.0
403.0
156.0
pt
389.0
116.0
389.0
116.0
389.0
116.0
pt
379.0
160.0
379.0
160.0
379.0
160.0
pt
365.0
116.0
365.0
116.0
365.0
116.0
pt
346.0
157.0
346.0
157.0
346.0
157.0
pt
349.0
117.0
349.0
117.0
349.0
117.0
pt
330.0
161.0
330.0
161.0
330.0
161.0
pt
325.0
119.0
325.0
119.0
325.0
119.0
pt
375.0
119.0
375.0
119.0
375.0
119.0

running
20.0
4.0
false
pt
378.0
128.0
378.0
128.0
378.0
128.0
pt
415.0
161.0
415.0
161.0
415.0
161.0
pt
430.0
189.0
430.0
189.0
430.0
189.0
pt
417.0
203.0
417.0
203.0
417.0
203.0
pt
412.0
243.0
412.0
243.0
412.0
243.0
pt
398.0
203.0
398.0
203.0
398.0
203.0
pt
388.0
247.0
388.0
247.0
388.0
247.0
pt
374.0
203.0
374.0
203.0
374.0
203.0
pt
355.0
244.0
355.0
244.0
355.0
244.0
pt
358.0
204.0
358.0
204.0
358.0
204.0
pt
339.0
248.0
339.0
248.0
339.0
248.0
pt
334.0
206.0
334.0
206.0
334.0
206.0
pt
384.0
206.0
384.0
206.0
384.0
206.0

running
20.0
4.0
false
pt
378.0
210.0
378.0
210.0
378.0
210.0
pt
415.0
243.0
415.0
243.0
415.0
243.0
pt
430.0
271.0
430.0
271.0
430.0
271.0
pt
417.0
285.0
417.0
285.0
417.0
285.0
pt
412.0
325.0
412.0
325.0
412.0
325.0
pt
398.0
285.0
398.0
285.0
398.0
285.0
pt
388.0
329.0
388.0
329.0
388.0
329.0
pt
374.0
285.0
374.0
285.0
374.0
285.0
pt
355.0
326.0
355.0
326.0
355.0
326.0
pt
358.0
286.0
358.0
286.0
358.0
286.0
pt
339.0
330.0
339.0
330.0
339.0
330.0
pt
334.0
288.0
334.0
288.0
334.0
288.0
pt
384.0
288.0
384.0
288.0
384.0
288.0

running
20.0
4.0
false
pt
377.0
286.0
377.0
286.0
377.0
286.0
pt
414.0
319.0
414.0
319.0
414.0
319.0
pt
429.0
347.0
429.0
347.0
429.0
347.0
pt
416.0
361.0
416.0
361.0
416.0
361.0
pt
411.0
401.0
411.0
401.0
411.0
401.0
pt
397.0
361.0
397.0
361.0
397.0
361.0
pt
387.0
405.0
387.0
405.0
387.0
405.0
pt
373.0
361.0
373.0
361.0
373.0
361.0
pt
354.0
402.0
354.0
402.0
354.0
402.0
pt
357.0
362.0
357.0
362.0
357.0
362.0
pt
338.0
406.0
338.0
406.0
338.0
406.0
pt
333.0
364.0
333.0
364.0
333.0
364.0
pt
383.0
364.0
383.0
364.0
383.0
364.0

running
20.0
4.0
false
pt
377.0
372.0
377.0
372.0
377.0
372.0
pt
414.0
405.0
414.0
405.0
414.0
405.0
pt
429.0
433.0
429.0
433.0
429.0
433.0
pt
416.0
447.0
416.0
447.0
416.0
447.0
pt
411.0
487.0
411.0
487.0
411.0
487.0
pt
397.0
447.0
397.0
447.0
397.0
447.0
pt
387.0
491.0
387.0
491.0
387.0
491.0
pt
373.0
447.0
373.0
447.0
373.0
447.0
pt
354.0
488.0
354.0
488.0
354.0
488.0
pt
357.0
448.0
357.0
448.0
357.0
448.0
pt
338.0
492.0
338.0
492.0
338.0
492.0
pt
333.0
450.0
333.0
450.0
333.0
450.0
pt
383.0
450.0
383.0
450.0
383.0
450.0

running
20.0
4.0
false
pt
376.0
457.0
376.0
457.0
376.0
457.0
pt
413.0
490.0
413.0
490.0
413.0
490.0
pt
428.0
518.0
428.0
518.0
428.0
518.0
pt
415.0
532.0
415.0
532.0
415.0
532.0
pt
410.0
572.0
410.0
572.0
410.0
572.0
pt
396.0
532.0
396.0
532.0
396.0
532.0
pt
386.0
576.0
386.0
576.0
386.0
576.0
pt
372.0
532.0
372.0
532.0
372.0
532.0
pt
353.0
573.0
353.0
573.0
353.0
573.0
pt
356.0
533.0
356.0
533.0
356.0
533.0
pt
337.0
577.0
337.0
577.0
337.0
577.0
pt
332.0
535.0
332.0
535.0
332.0
535.0
pt
382.0
535.0
382.0
535.0
382.0
535.0

running
20.0
4.0
false
pt
378.0
544.0
378.0
544.0
378.0
544.0
pt
415.0
577.0
415.0
577.0
415.0
577.0
pt
430.0
605.0
430.0
605.0
430.0
605.0
pt
417.0
619.0
417.0
619.0
417.0
619.0
pt
412.0
659.0
412.0
659.0
412.0
659.0
pt
398.0
619.0
398.0
619.0
398.0
619.0
pt
388.0
663.0
388.0
663.0
388.0
663.0
pt
374.0
619.0
374.0
619.0
374.0
619.0
pt
355.0
660.0
355.0
660.0
355.0
660.0
pt
358.0
620.0
358.0
620.0
358.0
620.0
pt
339.0
664.0
339.0
664.0
339.0
664.0
pt
334.0
622.0
334.0
622.0
334.0
622.0
pt
384.0
622.0
384.0
622.0
384.0
622.0

running
20.0
4.0
false
pt
376.0
627.0
376.0
627.0
376.0
627.0
pt
413.0
660.0
413.0
660.0
413.0
660.0
pt
428.0
688.0
428.0
688.0
428.0
688.0
pt
415.0
702.0
415.0
702.0
415.0
702.0
pt
410.0
742.0
410.0
742.0
410.0
742.0
pt
396.0
702.0
396.0
702.0
396.0
702.0
pt
386.0
746.0
386.0
746.0
386.0
746.0
pt
372.0
702.0
372.0
702.0
372.0
702.0
pt
353.0
743.0
353.0
743.0
353.0
743.0
pt
356.0
703.0
356.0
703.0
356.0
703.0
pt
337.0
747.0
337.0
747.0
337.0
747.0
pt
332.0
705.0
332.0
705.0
332.0
705.0
pt
382.0
705.0
382.0
705.0
382.0
705.0

running
20.0
4.0
false
pt
380.0
711.0
380.0
711.0
380.0
711.0
pt
417.0
744.0
417.0
744.0
417.0
744.0
pt
432.0
772.0
432.0
772.0
432.0
772.0
pt
419.0
786.0
419.0
786.0
419.0
786.0
pt
414.0
826.0
414.0
826.0
414.0
826.0
pt
400.0
786.0
400.0
786.0
400.0
786.0
pt
390.0
830.0
390.0
830.0
390.0
830.0
pt
376.0
786.0
376.0
786.0
376.0
786.0
pt
357.0
827.0
357.0
827.0
357.0
827.0
pt
360.0
787.0
360.0
787.0
360.0
787.0
pt
341.0
831.0
341.0
831.0
341.0
831.0
pt
336.0
789.0
336.0
789.0
336.0
789.0
pt
386.0
789.0
386.0
789.0
386.0
789.0

running
20.0
4.0
false
pt
399.0
808.0
399.0
808.0
399.0
808.0
pt
440.0
829.0
440.0
829.0
440.0
829.0
pt
440.0
878.0
440.0
878.0
440.0
878.0
pt
377.0
928.0
407.0
927.0
347.0
929.0
pt
313.0
883.0
313.0
883.0
313.0
883.0
pt
309.0
56.0
309.0
56.0
309.0
56.0
pt
366.0
19.0
336.0
20.0
396.0
18.0
pt
432.0
62.0
432.0
62.0
432.0
62.0
pt
440.0
869.0
440.0
869.0
440.0
869.0

