running
20.0
4.0
false
pt
410.0
92.0
410.0
92.0
410.0
92.0
pt
419.0
862.0
419.0
862.0
419.0
862.0
pt
366.0
912.0
366.0
912.0
366.0
912.0
pt
321.0
867.0
321.0
867.0
321.0
867.0
pt
320.0
97.0
320.0
97.0
320.0
97.0
pt
362.0
68.0
362.0
68.0
362.0
68.0
pt
409.0
100.0
409.0
100.0
409.0
100.0
pt
417.0
140.0
417.0
140.0
417.0
140.0

running
20.0
4.0
false
pt
424.0
93.0
424.0
93.0
424.0
93.0
pt
433.0
863.0
433.0
863.0
433.0
863.0
pt
380.0
913.0
380.0
913.0
380.0
913.0
pt
335.0
868.0
335.0
868.0
335.0
868.0
pt
334.0
98.0
334.0
98.0
334.0
98.0
pt
376.0
69.0
376.0
69.0
376.0
69.0
pt
423.0
101.0
423.0
101.0
423.0
101.0
pt
431.0
141.0
431.0
141.0
431.0
141.0

running
20.0
4.0
false
pt
410.0
92.0
410.0
92.0
410.0
92.0
pt
419.0
862.0
419.0
862.0
419.0
862.0
pt
366.0
912.0
366.0
912.0
366.0
912.0
pt
321.0
867.0
321.0
867.0
321.0
867.0
pt
320.0
97.0
320.0
97.0
320.0
97.0
pt
362.0
68.0
362.0
68.0
362.0
68.0
pt
409.0
100.0
409.0
100.0
409.0
100.0
pt
417.0
140.0
417.0
140.0
417.0
140.0

running
20.0
4.0
false
pt
423.0
169.0
423.0
169.0
423.0
169.0
pt
429.0
150.0
429.0
150.0
429.0
150.0
pt
428.0
102.0
428.0
102.0
428.0
102.0
pt
381.0
60.0
381.0
60.0
381.0
60.0
pt
365.0
58.0
365.0
58.0
365.0
58.0
pt
345.0
65.0
345.0
65.0
345.0
65.0
pt
361.0
90.0
361.0
90.0
361.0
90.0
pt
374.0
93.0
374.0
93.0
374.0
93.0
pt
407.0
132.0
407.0
132.0
407.0
132.0
pt
396.0
148.0
396.0
148.0
396.0
148.0

satin
20.0
4.0
false
pt
301.0
90.0
301.0
90.0
301.0
90.0
pt
342.0
124.0
342.0
124.0
342.0
124.0
pt
345.0
56.0
345.0
56.0
345.0
56.0
pt
376.0
99.0
376.0
99.0
376.0
99.0

satin
20.0
4.0
false
pt
388.0
144.0
388.0
144.0
388.0
144.0
pt
428.0
177.0
428.0
177.0
428.0
177.0
pt
407.0
124.0
407.0
124.0
407.0
124.0
pt
433.0
141.0
433.0
165.0
433.0
117.0
pt
409.0
149.0
409.0
149.0
409.0
149.0
pt
430.0
107.0
430.0
107.0
430.0
107.0
pt
367.0
100.0
367.0
100.0
367.0
100.0
pt
373.0
53.0
405.0
59.0
341.0
47.0
pt
354.0
88.0
354.0
88.0
354.0
88.0
pt
341.0
70.0
341.0
70.0
341.0
70.0

running
20.0
4.0
false
pt
339.0
120.0
339.0
120.0
339.0
120.0
pt
338.0
141.0
338.0
141.0
338.0
141.0
pt
365.0
176.0
365.0
176.0
365.0
176.0
pt
373.0
178.0
373.0
177.0
373.0
179.0
pt
391.0
197.0
391.0
197.0
391.0
197.0
pt
367.0
206.0
382.0
209.0
352.0
203.0
pt
343.0
197.0
343.0
197.0
343.0
197.0
pt
314.0
161.0
314.0
161.0
314.0
161.0
pt
312.0
104.0
312.0
104.0
312.0
104.0
pt
315.0
91.0
315.0
91.0
315.0
91.0

satin
20.0
4.0
false
pt
338.0
122.0
338.0
122.0
338.0
122.0
pt
305.0
83.0
305.0
83.0
305.0
83.0
pt
335.0
142.0
335.0
142.0
335.0
142.0
pt
306.0
148.0
306.0
147.0
306.0
149.0
pt
320.0
120.0
320.0
120.0
320.0
120.0
pt
308.0
164.0
308.0
164.0
308.0
164.0
pt
356.0
164.0
356.0
164.0
356.0
164.0
pt
341.0
202.0
340.0
203.0
342.0
201.0
pt
368.0
176.0
368.0
176.0
368.0
176.0
pt
369.0
208.0
361.0
209.0
377.0
207.0
pt
378.0
185.0
378.0
185.0
378.0
185.0
pt
390.0
202.0
390.0
202.0
390.0
202.0
pt
370.0
893.0
370.0
893.0
370.0
893.0

running
20.0
4.0
false
pt
422.0
248.0
422.0
248.0
422.0
248.0
pt
428.0
229.0
428.0
229.0
428.0
229.0
pt
427.0
181.0
427.0
181.0
427.0
181.0
pt
380.0
139.0
380.0
139.0
380.0
139.0
pt
364.0
137.0
364.0
137.0
364.0
137.0
pt
344.0
144.0
344.0
144.0
344.0
144.0
pt
360.0
169.0
360.0
169.0
360.0
169.0
pt
373.0
172.0
373.0
172.0
373.0
172.0
pt
406.0
211.0
406.0
211.0
406.0
211.0
pt
395.0
227.0
395.0
227.0
395.0
227.0

satin
20.0
4.0
false
pt
389.0
225.0
389.0
225.0
389.0
225.0
pt
429.0
258.0
429.0
258.0
429.0
258.0
pt
408.0
205.0
408.0
205.0
408.0
205.0
pt
434.0
222.0
434.0
246.0
434.0
198.0
pt
410.0
230.0
410.0
230.0
410.0
230.0
pt
431.0
188.0
431.0
188.0
431.0
188.0
pt
368.0
181.0
368.0
181.0
368.0
181.0
pt
374.0
134.0
406.0
140.0
342.0
128.0
pt
355.0
169.0
355.0
169.0
355.0
169.0
pt
342.0
151.0
342.0
151.0
342.0
151.0

running
20.0
4.0
false
pt
340.0
202.0
340.0
202.0
340.0
202.0
pt
339.0
223.0
339.0
223.0
339.0
223.0
pt
366.0
258.0
366.0
258.0
366.0
258.0
pt
374.0
260.0
374.0
259.0
374.0
261.0
pt
392.0
279.0
392.0
279.0
392.0
279.0
pt
368.0
288.0
383.0
291.0
353.0
285.0
pt
344.0
279.0
344.0
279.0
344.0
279.0
pt
315.0
243.0
315.0
243.0
315.0
243.0
pt
313.0
186.0
313.0
186.0
313.0
186.0
pt
316.0
173.0
316.0
173.0
316.0
173.0

satin
20.0
4.0
false
pt
344.0
200.0
344.0
200.0
344.0
200.0
pt
311.0
161.0
311.0
161.0
311.0
161.0
pt
341.0
220.0
341.0
220.0
341.0
220.0
pt
312.0
226.0
312.0
225.0
312.0
227.0
pt
326.0
198.0
326.0
198.0
326.0
198.0
pt
314.0
242.0
314.0
242.0
314.0
242.0
pt
362.0
242.0
362.0
242.0
362.0
242.0
pt
347.0
280.0
346.0
281.0
348.0
279.0
pt
374.0
254.0
374.0
254.0
374.0
254.0
pt
375.0
286.0
367.0
287.0
383.0
285.0
pt
384.0
263.0
384.0
263.0
384.0
263.0
pt
396.0
280.0
396.0
280.0
396.0
280.0

running
20.0
4.0
false
pt
424.0
330.0
424.0
330.0
424.0
330.0
pt
430.0
311.0
430.0
311.0
430.0
311.0
pt
429.0
263.0
429.0
263.0
429.0
263.0
pt
382.0
221.0
382.0
221.0
382.0
221.0
pt
366.0
219.0
366.0
219.0
366.0
219.0
pt
346.0
226.0
346.0
226.0
346.0
226.0
pt
362.0
251.0
362.0
251.0
362.0
251.0
pt
375.0
254.0
375.0
254.0
375.0
254.0
pt
408.0
293.0
408.0
293.0
408.0
293.0
pt
397.0
309.0
397.0
309.0
397.0
309.0

satin
20.0
4.0
false
pt
387.0
302.0
387.0
302.0
387.0
302.0
pt
427.0
335.0
427.0
335.0
427.0
335.0
pt
406.0
282.0
406.0
282.0
406.0
282.0
pt
432.0
299.0
432.0
323.0
432.0
275.0
pt
408.0
307.0
408.0
307.0
408.0
307.0
pt
429.0
265.0
429.0
265.0
429.0
265.0
pt
366.0
258.0
366.0
258.0
366.0
258.0
pt
372.0
211.0
404.0
217.0
340.0
205.0
pt
353.0
246.0
353.0
246.0
353.0
246.0
pt
340.0
228.0
340.0
228.0
340.0
228.0

satin
20.0
4.0
false
pt
344.0
279.0
344.0
279.0
344.0
279.0
pt
311.0
240.0
311.0
240.0
311.0
240.0
pt
341.0
299.0
341.0
299.0
341.0
299.0
pt
312.0
305.0
312.0
304.0
312.0
306.0
pt
326.0
277.0
326.0
277.0
326.0
277.0
pt
314.0
321.0
314.0
321.0
314.0
321.0
pt
362.0
321.0
362.0
321.0
362.0
321.0
pt
347.0
359.0
346.0
360.0
348.0
358.0
pt
374.0
333.0
374.0
333.0
374.0
333.0
pt
375.0
365.0
367.0
366.0
383.0
364.0
pt
384.0
342.0
384.0
342.0
384.0
342.0
pt
396.0
359.0
396.0
359.0
396.0
359.0

running
20.0
4.0
false
pt
423.0
409.0
423.0
409.0
423.0
409.0
pt
429.0
390.0
429.0
390.0
429.0
390.0
pt
428.0
342.0
428.0
342.0
428.0
342.0
pt
381.0
300.0
381.0
300.0
381.0
300.0
pt
365.0
298.0
365.0
298.0
365.0
298.0
pt
345.0
305.0
345.0
305.0
345.0
305.0
pt
361.0
330.0
361.0
330.0
361.0
330.0
pt
374.0
333.0
374.0
333.0
374.0
333.0
pt
407.0
372.0
407.0
372.0
407.0
372.0
pt
396.0
388.0
396.0
388.0
396.0
388.0

satin
20.0
4.0
false
pt
388.0
381.0
388.0
381.0
388.0
381.0
pt
428.0
414.0
428.0
414.0
428.0
414.0
pt
407.0
361.0
407.0
361.0
407.0
361.0
pt
433.0
378.0
433.0
402.0
433.0
354.0
pt
409.0
386.0
409.0
386.0
409.0
386.0
pt
430.0
344.0
430.0
344.0
430.0
344.0
pt
367.0
337.0
367.0
337.0
367.0
337.0
pt
373.0
290.0
405.0
296.0
341.0
284.0
pt
354.0
325.0
354.0
325.0
354.0
325.0
pt
341.0
307.0
341.0
307.0
341.0
307.0

running
20.0
4.0
false
pt
341.0
360.0
341.0
360.0
341.0
360.0
pt
340.0
381.0
340.0
381.0
340.0
381.0
pt
367.0
416.0
367.0
416.0
367.0
416.0
pt
375.0
418.0
375.0
417.0
375.0
419.0
pt
393.0
437.0
393.0
437.0
393.0
437.0
pt
369.0
446.0
384.0
449.0
354.0
443.0
pt
345.0
437.0
345.0
437.0
345.0
437.0
pt
316.0
401.0
316.0
401.0
316.0
401.0
pt
314.0
344.0
314.0
344.0
314.0
344.0
pt
317.0
331.0
317.0
331.0
317.0
331.0

satin
20.0
4.0
false
pt
344.0
361.0
344.0
361.0
344.0
361.0
pt
311.0
322.0
311.0
322.0
311.0
322.0
pt
341.0
381.0
341.0
381.0
341.0
381.0
pt
312.0
387.0
312.0
386.0
312.0
388.0
pt
326.0
359.0
326.0
359.0
326.0
359.0
pt
314.0
403.0
314.0
403.0
314.0
403.0
pt
362.0
403.0
362.0
403.0
362.0
403.0
pt
347.0
441.0
346.0
442.0
348.0
440.0
pt
374.0
415.0
374.0
415.0
374.0
415.0
pt
375.0
447.0
367.0
448.0
383.0
446.0
pt
384.0
424.0
384.0
424.0
384.0
424.0
pt
396.0
441.0
396.0
441.0
396.0
441.0

running
20.0
4.0
false
pt
424.0
485.0
424.0
485.0
424.0
485.0
pt
430.0
466.0
430.0
466.0
430.0
466.0
pt
429.0
418.0
429.0
418.0
429.0
418.0
pt
382.0
376.0
382.0
376.0
382.0
376.0
pt
366.0
374.0
366.0
374.0
366.0
374.0
pt
346.0
381.0
346.0
381.0
346.0
381.0
pt
362.0
406.0
362.0
406.0
362.0
406.0
pt
375.0
409.0
375.0
409.0
375.0
409.0
pt
408.0
448.0
408.0
448.0
408.0
448.0
pt
397.0
464.0
397.0
464.0
397.0
464.0

satin
20.0
4.0
false
pt
388.0
456.0
388.0
456.0
388.0
456.0
pt
428.0
489.0
428.0
489.0
428.0
489.0
pt
407.0
436.0
407.0
436.0
407.0
436.0
pt
433.0
453.0
433.0
477.0
433.0
429.0
pt
409.0
461.0
409.0
461.0
409.0
461.0
pt
430.0
419.0
430.0
419.0
430.0
419.0
pt
367.0
412.0
367.0
412.0
367.0
412.0
pt
373.0
365.0
405.0
371.0
341.0
359.0
pt
354.0
400.0
354.0
400.0
354.0
400.0
pt
341.0
382.0
341.0
382.0
341.0
382.0

running
20.0
4.0
false
pt
341.0
439.0
341.0
439.0
341.0
439.0
pt
340.0
460.0
340.0
460.0
340.0
460.0
pt
367.0
495.0
367.0
495.0
367.0
495.0
pt
375.0
497.0
375.0
496.0
375.0
498.0
pt
393.0
516.0
393.0
516.0
393.0
516.0
pt
369.0
525.0
384.0
528.0
354.0
522.0
pt
345.0
516.0
345.0
516.0
345.0
516.0
pt
316.0
480.0
316.0
480.0
316.0
480.0
pt
314.0
423.0
314.0
423.0
314.0
423.0
pt
317.0
410.0
317.0
410.0
317.0
410.0

satin
20.0
4.0
false
pt
344.0
440.0
344.0
440.0
344.0
440.0
pt
311.0
401.0
311.0
401.0
311.0
401.0
pt
341.0
460.0
341.0
460.0
341.0
460.0
pt
312.0
466.0
312.0
465.0
312.0
467.0
pt
326.0
438.0
326.0
438.0
326.0
438.0
pt
314.0
482.0
314.0
482.0
314.0
482.0
pt
362.0
482.0
362.0
482.0
362.0
482.0
pt
347.0
520.0
346.0
521.0
348.0
519.0
pt
374.0
494.0
374.0
494.0
374.0
494.0
pt
375.0
526.0
367.0
527.0
383.0
525.0
pt
384.0
503.0
384.0
503.0
384.0
503.0
pt
396.0
520.0
396.0
520.0
396.0
520.0

running
20.0
4.0
false
pt
426.0
565.0
426.0
565.0
426.0
565.0
pt
432.0
546.0
432.0
546.0
432.0
546.0
pt
431.0
498.0
431.0
498.0
431.0
498.0
pt
384.0
456.0
384.0
456.0
384.0
456.0
pt
368.0
454.0
368.0
454.0
368.0
454.0
pt
348.0
461.0
348.0
461.0
348.0
461.0
pt
364.0
486.0
364.0
486.0
364.0
486.0
pt
377.0
489.0
377.0
489.0
377.0
489.0
pt
410.0
528.0
410.0
528.0
410.0
528.0
pt
399.0
544.0
399.0
544.0
399.0
544.0

satin
20.0
4.0
false
pt
389.0
538.0
389.0
538.0
389.0
538.0
pt
429.0
571.0
429.0
571.0
429.0
571.0
pt
408.0
518.0
408.0
518.0
408.0
518.0
pt
434.0
535.0
434.0
559.0
434.0
511.0
pt
410.0
543.0
410.0
543.0
410.0
543.0
pt
431.0
501.0
431.0
501.0
431.0
501.0
pt
368.0
494.0
368.0
494.0
368.0
494.0
pt
374.0
447.0
406.0
453.0
342.0
441.0
pt
355.0
482.0
355.0
482.0
355.0
482.0
pt
342.0
464.0
342.0
464.0
342.0
464.0

running
20.0
4.0
false
pt
343.0
516.0
343.0
516.0
343.0
516.0
pt
342.0
537.0
342.0
537.0
342.0
537.0
pt
369.0
572.0
369.0
572.0
369.0
572.0
pt
377.0
574.0
377.0
573.0
377.0
575.0
pt
395.0
593.0
395.0
593.0
395.0
593.0
pt
371.0
602.0
386.0
605.0
356.0
599.0
pt
347.0
593.0
347.0
593.0
347.0
593.0
pt
318.0
557.0
318.0
557.0
318.0
557.0
pt
316.0
500.0
316.0
500.0
316.0
500.0
pt
319.0
487.0
319.0
487.0
319.0
487.0

satin
20.0
4.0
false
pt
343.0
519.0
343.0
519.0
343.0
519.0
pt
310.0
480.0
310.0
480.0
310.0
480.0
pt
340.0
539.0
340.0
539.0
340.0
539.0
pt
311.0
545.0
311.0
544.0
311.0
546.0
pt
325.0
517.0
325.0
517.0
325.0
517.0
pt
313.0
561.0
313.0
561.0
313.0
561.0
pt
361.0
561.0
361.0
561.0
361.0
561.0
pt
346.0
599.0
345.0
600.0
347.0
598.0
pt
373.0
573.0
373.0
573.0
373.0
573.0
pt
374.0
605.0
366.0
606.0
382.0
604.0
pt
383.0
582.0
383.0
582.0
383.0
582.0
pt
395.0
599.0
395.0
599.0
395.0
599.0

running
20.0
4.0
false
pt
426.0
646.0
426.0
646.0
426.0
646.0
pt
432.0
627.0
432.0
627.0
432.0
627.0
pt
431.0
579.0
431.0
579.0
431.0
579.0
pt
384.0
537.0
384.0
537.0
384.0
537.0
pt
368.0
535.0
368.0
535.0
368.0
535.0
pt
348.0
542.0
348.0
542.0
348.0
542.0
pt
364.0
567.0
364.0
567.0
364.0
567.0
pt
377.0
570.0
377.0
570.0
377.0
570.0
pt
410.0
609.0
410.0
609.0
410.0
609.0
pt
399.0
625.0
399.0
625.0
399.0
625.0

satin
20.0
4.0
false
pt
386.0
619.0
386.0
619.0
386.0
619.0
pt
426.0
652.0
426.0
652.0
426.0
652.0
pt
405.0
599.0
405.0
599.0
405.0
599.0
pt
431.0
616.0
431.0
640.0
431.0
592.0
pt
407.0
624.0
407.0
624.0
407.0
624.0
pt
428.0
582.0
428.0
582.0
428.0
582.0
pt
365.0
575.0
365.0
575.0
365.0
575.0
pt
371.0
528.0
403.0
534.0
339.0
522.0
pt
352.0
563.0
352.0
563.0
352.0
563.0
pt
339.0
545.0
339.0
545.0
339.0
545.0

running
20.0
4.0
false
pt
341.0
598.0
341.0
598.0
341.0
598.0
pt
340.0
619.0
340.0
619.0
340.0
619.0
pt
367.0
654.0
367.0
654.0
367.0
654.0
pt
375.0
656.0
375.0
655.0
375.0
657.0
pt
393.0
675.0
393.0
675.0
393.0
675.0
pt
369.0
684.0
384.0
687.0
354.0
681.0
pt
345.0
675.0
345.0
675.0
345.0
675.0
pt
316.0
639.0
316.0
639.0
316.0
639.0
pt
314.0
582.0
314.0
582.0
314.0
582.0
pt
317.0
569.0
317.0
569.0
317.0
569.0

satin
20.0
4.0
false
pt
343.0
600.0
343.0
600.0
343.0
600.0
pt
310.0
561.0
310.0
561.0
310.0
561.0
pt
340.0
620.0
340.0
620.0
340.0
620.0
pt
311.0
626.0
311.0
625.0
311.0
627.0
pt
325.0
598.0
325.0
598.0
325.0
598.0
pt
313.0
642.0
313.0
642.0
313.0
642.0
pt
361.0
642.0
361.0
642.0
361.0
642.0
pt
346.0
680.0
345.0
681.0
347.0
679.0
pt
373.0
654.0
373.0
654.0
373.0
654.0
pt
374.0
686.0
366.0
687.0
382.0
685.0
pt
383.0
663.0
383.0
663.0
383.0
663.0
pt
395.0
680.0
395.0
680.0
395.0
680.0

running
20.0
4.0
false
pt
426.0
729.0
426.0
729.0
426.0
729.0
pt
432.0
710.0
432.0
710.0
432.0
710.0
pt
431.0
662.0
431.0
662.0
431.0
662.0
pt
384.0
620.0
384.0
620.0
384.0
620.0
pt
368.0
618.0
368.0
618.0
368.0
618.0
pt
348.0
625.0
348.0
625.0
348.0
625.0
pt
364.0
650.0
364.0
650.0
364.0
650.0
pt
377.0
653.0
377.0
653.0
377.0
653.0
pt
410.0
692.0
410.0
692.0
410.0
692.0
pt
399.0
708.0
399.0
708.0
399.0
708.0

satin
20.0
4.0
false
pt
388.0
701.0
388.0
701.0
388.0
701.0
pt
428.0
734.0
428.0
734.0
428.0
734.0
pt
407.0
681.0
407.0
681.0
407.0
681.0
pt
433.0
698.0
433.0
722.0
433.0
674.0
pt
409.0
706.0
409.0
706.0
409.0
706.0
pt
430.0
664.0
430.0
664.0
430.0
664.0
pt
367.0
657.0
367.0
657.0
367.0
657.0
pt
373.0
610.0
405.0
616.0
341.0
604.0
pt
354.0
645.0
354.0
645.0
354.0
645.0
pt
341.0
627.0
341.0
627.0
341.0
627.0

running
20.0
4.0
false
pt
341.0
683.0
341.0
683.0
341.0
683.0
pt
340.0
704.0
340.0
704.0
340.0
704.0
pt
367.0
739.0
367.0
739.0
367.0
739.0
pt
375.0
741.0
375.0
740.0
375.0
742.0
pt
393.0
760.0
393.0
760.0
393.0
760.0
pt
369.0
769.0
384.0
772.0
354.0
766.0
pt
345.0
760.0
345.0
760.0
345.0
760.0
pt
316.0
724.0
316.0
724.0
316.0
724.0
pt
314.0
667.0
314.0
667.0
314.0
667.0
pt
317.0
654.0
317.0
654.0
317.0
654.0

satin
20.0
4.0
false
pt
347.0
684.0
347.0
684.0
347.0
684.0
pt
314.0
645.0
314.0
645.0
314.0
645.0
pt
344.0
704.0
344.0
704.0
344.0
704.0
pt
315.0
710.0
315.0
709.0
315.0
711.0
pt
329.0
682.0
329.0
682.0
329.0
682.0
pt
317.0
726.0
317.0
726.0
317.0
726.0
pt
365.0
726.0
365.0
726.0
365.0
726.0
pt
350.0
764.0
349.0
765.0
351.0
763.0
pt
377.0
738.0
377.0
738.0
377.0
738.0
pt
378.0
770.0
370.0
771.0
386.0
769.0
pt
387.0
747.0
387.0
747.0
387.0
747.0
pt
399.0
764.0
399.0
764.0
399.0
764.0

running
20.0
4.0
false
pt
427.0
814.0
427.0
814.0
427.0
814.0
pt
433.0
795.0
433.0
795.0
433.0
795.0
pt
432.0
747.0
432.0
747.0
432.0
747.0
pt
385.0
705.0
385.0
705.0
385.0
705.0
pt
369.0
703.0
369.0
703.0
369.0
703.0
pt
349.0
710.0
349.0
710.0
349.0
710.0
pt
365.0
735.0
365.0
735.0
365.0
735.0
pt
378.0
738.0
378.0
738.0
378.0
738.0
pt
411.0
777.0
411.0
777.0
411.0
777.0
pt
400.0
793.0
400.0
793.0
400.0
793.0

satin
20.0
4.0
false
pt
393.0
785.0
393.0
785.0
393.0
785.0
pt
433.0
818.0
433.0
818.0
433.0
818.0
pt
412.0
765.0
412.0
765.0
412.0
765.0
pt
438.0
782.0
438.0
806.0
438.0
758.0
pt
414.0
790.0
414.0
790.0
414.0
790.0
pt
435.0
748.0
435.0
748.0
435.0
748.0
pt
372.0
741.0
372.0
741.0
372.0
741.0
pt
378.0
694.0
410.0
700.0
346.0
688.0
pt
359.0
729.0
359.0
729.0
359.0
729.0
pt
346.0
711.0
346.0
711.0
346.0
711.0

running
20.0
4.0
false
pt
339.0
763.0
339.0
763.0
339.0
763.0
pt
338.0
784.0
338.0
784.0
338.0
784.0
pt
365.0
819.0
365.0
819.0
365.0
819.0
pt
373.0
821.0
373.0
820.0
373.0
822.0
pt
391.0
840.0
391.0
840.0
391.0
840.0
pt
367.0
849.0
382.0
852.0
352.0
846.0
pt
343.0
840.0
343.0
840.0
343.0
840.0
pt
314.0
804.0
314.0
804.0
314.0
804.0
pt
312.0
747.0
312.0
747.0
312.0
747.0
pt
315.0
734.0
315.0
734.0
315.0
734.0

satin
20.0
4.0
false
pt
348.0
768.0
348.0
768.0
348.0
768.0
pt
315.0
729.0
315.0
729.0
315.0
729.0
pt
345.0
788.0
345.0
788.0
345.0
788.0
pt
316.0
794.0
316.0
793.0
316.0
795.0
pt
330.0
766.0
330.0
766.0
330.0
766.0
pt
318.0
810.0
318.0
810.0
318.0
810.0
pt
366.0
810.0
366.0
810.0
366.0
810.0
pt
351.0
848.0
350.0
849.0
352.0
847.0
pt
378.0
822.0
378.0
822.0
378.0
822.0
pt
379.0
854.0
371.0
855.0
387.0
853.0
pt
388.0
831.0
388.0
831.0
388.0
831.0
pt
400.0
848.0
400.0
848.0
400.0
848.0

running
20.0
4.0
false
pt
427.0
898.0
427.0
898.0
427.0
898.0
pt
433.0
879.0
433.0
879.0
433.0
879.0
pt
432.0
831.0
432.0
831.0
432.0
831.0
pt
385.0
789.0
385.0
789.0
385.0
789.0
pt
369.0
787.0
369.0
787.0
369.0
787.0
pt
349.0
794.0
349.0
794.0
349.0
794.0
pt
365.0
819.0
365.0
819.0
365.0
819.0
pt
378.0
822.0
378.0
822.0
378.0
822.0
pt
411.0
861.0
411.0
861.0
411.0
861.0
pt
400.0
877.0
400.0
877.0
400.0
877.0

satin
20.0
4.0
false
pt
390.0
867.0
390.0
867.0
390.0
867.0
pt
430.0
900.0
430.0
900.0
430.0
900.0
pt
409.0
847.0
409.0
847.0
409.0
847.0
pt
435.0
864.0
435.0
888.0
435.0
840.0
pt
411.0
872.0
411.0
872.0
411.0
872.0
pt
432.0
830.0
432.0
830.0
432.0
830.0
pt
369.0
823.0
369.0
823.0
369.0
823.0
pt
375.0
776.0
407.0
782.0
343.0
770.0
pt
356.0
811.0
356.0
811.0
356.0
811.0
pt
343.0
793.0
343.0
793.0
343.0
793.0

satin
20.0
4.0
false
pt
346.0
850.0
346.0
850.0
346.0
850.0
pt
313.0
811.0
313.0
811.0
313.0
811.0
pt
343.0
870.0
343.0
870.0
343.0
870.0
pt
314.0
876.0
314.0
875.0
314.0
877.0
pt
328.0
848.0
328.0
848.0
328.0
848.0
pt
316.0
892.0
316.0
892.0
316.0
892.0
pt
364.0
892.0
364.0
892.0
364.0
892.0
pt
349.0
930.0
348.0
931.0
350.0
929.0
pt
376.0
904.0
376.0
904.0
376.0
904.0
pt
377.0
936.0
369.0
937.0
385.0
935.0
pt
386.0
913.0
386.0
913.0
386.0
913.0
pt
398.0
930.0
398.0
930.0
398.0
930.0

satin
20.0
4.0
false
pt
368.0
894.0
368.0
894.0
368.0
894.0
pt
402.0
929.0
402.0
929.0
402.0
929.0
pt
388.0
861.0
388.0
861.0
388.0
861.0
pt
429.0
898.0
425.0
903.0
433.0
893.0

satin
20.0
4.0
false
pt
422.0
905.0
422.0
905.0
422.0
905.0
pt
455.0
912.0
455.0
912.0
455.0
912.0
pt
425.0
823.0
440.0
876.0
410.0
770.0
pt
457.0
823.0
480.12912
865.4034
433.0
779.0

satin
20.0
4.0
false
pt
427.0
825.0
427.0
825.0
427.0
825.0
pt
460.0
832.0
460.0
832.0
460.0
832.0
pt
428.0
741.0
443.0
794.0
413.0
688.0
pt
458.0
735.0
481.12912
777.4034
434.0
691.0

satin
20.0
4.0
false
pt
426.0
738.0
426.0
738.0
426.0
738.0
pt
459.0
745.0
459.0
745.0
459.0
745.0
pt
427.0
654.0
442.0
707.0
412.0
601.0
pt
457.0
648.0
480.12912
690.4034
433.0
604.0

satin
20.0
4.0
false
pt
426.0
738.0
426.0
738.0
426.0
738.0
pt
459.0
745.0
459.0
745.0
459.0
745.0
pt
427.0
654.0
442.0
707.0
412.0
601.0
pt
457.0
648.0
480.12912
690.4034
433.0
604.0

satin
20.0
4.0
false
pt
424.0
655.0
424.0
655.0
424.0
655.0
pt
457.0
662.0
457.0
662.0
457.0
662.0
pt
425.0
571.0
440.0
624.0
410.0
518.0
pt
455.0
565.0
478.12912
607.4034
431.0
521.0

satin
20.0
4.0
false
pt
426.0
571.0
426.0
571.0
426.0
571.0
pt
459.0
578.0
459.0
578.0
459.0
578.0
pt
427.0
487.0
442.0
540.0
412.0
434.0
pt
457.0
481.0
480.12912
523.4034
433.0
437.0

satin
20.0
4.0
false
pt
426.0
487.0
426.0
487.0
426.0
487.0
pt
459.0
494.0
459.0
494.0
459.0
494.0
pt
427.0
403.0
442.0
456.0
412.0
350.0
pt
457.0
397.0
480.12912
439.40338
433.0
353.0

satin
20.0
4.0
false
pt
426.0
405.0
426.0
405.0
426.0
405.0
pt
459.0
412.0
459.0
412.0
459.0
412.0
pt
427.0
321.0
442.0
374.0
412.0
268.0
pt
457.0
315.0
480.12912
357.40338
433.0
271.0

satin
20.0
4.0
false
pt
427.0
327.0
427.0
327.0
427.0
327.0
pt
460.0
334.0
460.0
334.0
460.0
334.0
pt
428.0
243.0
443.0
296.0
413.0
190.0
pt
458.0
237.0
481.12912
279.40338
434.0
193.0

satin
20.0
4.0
false
pt
426.0
253.0
426.0
253.0
426.0
253.0
pt
459.0
260.0
459.0
260.0
459.0
260.0
pt
427.0
169.0
442.0
222.0
412.0
116.0
pt
457.0
163.0
480.12912
205.40338
433.0
119.0

satin
20.0
4.0
false
pt
426.0
171.0
426.0
171.0
426.0
171.0
pt
459.0
178.0
459.0
178.0
459.0
178.0
pt
416.0
89.0
448.49915
133.47253
397.0
63.0
pt
445.0
72.0
490.0
120.0
410.721
35.435738
pt
368.0
61.0
368.0
61.0
368.0
61.0
pt
369.0
32.0
369.0
32.0
369.0
32.0
pt
315.0
93.0
323.50122
70.8024
297.0
140.0
pt
283.0
84.0
302.0
31.0
264.0
137.0
pt
319.0
167.0
319.0
167.0
319.0
167.0
pt
287.0
181.0
287.0
181.0
287.0
181.0

satin
20.0
4.0
false
pt
321.0
166.0
321.0
166.0
321.0
166.0
pt
285.0
155.0
285.0
155.0
285.0
155.0
pt
312.0
206.0
311.0
189.0
313.0
223.0
pt
275.0
208.0
275.0
188.0
275.0
228.0
pt
316.0
245.0
316.0
245.0
316.0
245.0
pt
289.0
260.0
289.0
259.0
289.0
261.0

satin
20.0
4.0
false
pt
320.0
248.0
320.0
248.0
320.0
248.0
pt
285.0
242.0
285.0
242.0
285.0
242.0
pt
312.0
293.0
311.0
276.0
313.0
310.0
pt
275.0
295.0
275.0
275.0
275.0
315.0
pt
322.0
338.0
322.0
338.0
322.0
338.0
pt
289.0
347.0
289.0
346.0
289.0
348.0
pt
319.0
330.0
317.0
324.0
321.0
336.0

satin
20.0
4.0
false
pt
322.0
331.0
322.0
331.0
322.0
331.0
pt
287.0
325.0
287.0
325.0
287.0
325.0
pt
314.0
376.0
313.0
359.0
315.0
393.0
pt
277.0
378.0
277.0
358.0
277.0
398.0
pt
324.0
421.0
324.0
421.0
324.0
421.0
pt
291.0
430.0
291.0
429.0
291.0
431.0
pt
321.0
413.0
319.0
407.0
323.0
419.0

satin
20.0
4.0
false
pt
319.0
412.0
319.0
412.0
319.0
412.0
pt
284.0
406.0
284.0
406.0
284.0
406.0
pt
311.0
457.0
310.0
440.0
312.0
474.0
pt
274.0
459.0
274.0
439.0
274.0
479.0
pt
321.0
502.0
321.0
502.0
321.0
502.0
pt
288.0
511.0
288.0
510.0
288.0
512.0
pt
318.0
494.0
316.0
488.0
320.0
500.0

satin
20.0
4.0
false
pt
321.0
493.0
321.0
493.0
321.0
493.0
pt
286.0
487.0
286.0
487.0
286.0
487.0
pt
313.0
538.0
312.0
521.0
314.0
555.0
pt
276.0
540.0
276.0
520.0
276.0
560.0
pt
323.0
583.0
323.0
583.0
323.0
583.0
pt
290.0
592.0
290.0
591.0
290.0
593.0
pt
320.0
575.0
318.0
569.0
322.0
581.0

satin
20.0
4.0
false
pt
321.0
574.0
321.0
574.0
321.0
574.0
pt
286.0
568.0
286.0
568.0
286.0
568.0
pt
313.0
619.0
312.0
602.0
314.0
636.0
pt
276.0
621.0
276.0
601.0
276.0
641.0
pt
323.0
664.0
323.0
664.0
323.0
664.0
pt
290.0
673.0
290.0
672.0
290.0
674.0
pt
320.0
656.0
318.0
650.0
322.0
662.0

satin
20.0
4.0
false
pt
321.0
652.0
321.0
652.0
321.0
652.0
pt
286.0
646.0
286.0
646.0
286.0
646.0
pt
313.0
697.0
312.0
680.0
314.0
714.0
pt
276.0
699.0
276.0
679.0
276.0
719.0
pt
323.0
742.0
323.0
742.0
323.0
742.0
pt
290.0
751.0
290.0
750.0
290.0
752.0
pt
320.0
734.0
318.0
728.0
322.0
740.0

satin
20.0
4.0
false
pt
322.0
740.0
322.0
740.0
322.0
740.0
pt
287.0
734.0
287.0
734.0
287.0
734.0
pt
314.0
785.0
313.0
768.0
315.0
802.0
pt
277.0
787.0
277.0
767.0
277.0
807.0
pt
324.0
830.0
324.0
830.0
324.0
830.0
pt
291.0
839.0
291.0
838.0
291.0
840.0
pt
321.0
822.0
319.0
816.0
323.0
828.0

satin
20.0
4.0
false
pt
325.0
827.0
325.0
827.0
325.0
827.0
pt
290.0
821.0
290.0
821.0
290.0
821.0
pt
317.0
872.0
316.0
855.0
318.0
889.0
pt
280.0
874.0
280.0
854.0
280.0
894.0
pt
333.0
907.0
333.0
907.0
333.0
907.0
pt
317.0
940.0
317.0
939.0
317.0
941.0
pt
356.0
930.0
354.0
924.0
358.0
936.0
pt
356.0
947.0
355.0
946.0
357.0
948.0
pt
394.0
923.0
394.0
923.0
394.0
923.0
pt
403.0
950.0
403.0
950.0
403.0
950.0
pt
409.0
910.0
409.0
910.0
409.0
910.0
pt
437.0
933.0
437.0
933.0
437.0
933.0
pt
419.0
895.0
419.0
895.0
419.0
895.0
pt
462.0
900.0
462.0
900.0
462.0
900.0

