running
20.0
4.0
false
pt
201.0
9.0
201.0
9.0
201.0
9.0
pt
212.0
29.0
212.0
29.0
212.0
29.0
pt
183.0
55.0
183.0
55.0
183.0
55.0
pt
162.0
36.0
162.0
36.0
162.0
36.0
pt
163.0
13.0
163.0
13.0
163.0
13.0
pt
195.0
8.0
195.0
8.0
195.0
8.0
pt
203.0
17.0
203.0
17.0
203.0
17.0
pt
205.0
41.0
205.0
41.0
205.0
41.0
pt
164.0
47.0
164.0
47.0
164.0
47.0
pt
164.0
81.0
164.0
81.0
164.0
81.0
pt
182.0
93.0
182.0
93.0
182.0
93.0
pt
205.0
77.0
205.0
77.0
205.0
77.0
pt
207.0
54.0
207.0
54.0
207.0
54.0
pt
165.0
54.0
165.0
54.0
165.0
54.0
pt
163.0
73.0
163.0
73.0
163.0
73.0
pt
170.0
85.0
170.0
85.0
170.0
85.0
pt
191.0
87.0
191.0
87.0
191.0
87.0
pt
203.0
90.0
203.0
90.0
203.0
90.0
pt
209.0
115.0
209.0
115.0
209.0
115.0
pt
186.0
133.0
186.0
133.0
186.0
133.0
pt
163.0
116.0
163.0
116.0
163.0
116.0
pt
163.0
95.0
163.0
95.0
163.0
95.0
pt
208.0
94.0
208.0
94.0
208.0
94.0
pt
203.0
120.0
203.0
120.0
203.0
120.0
pt
172.0
125.0
172.0
125.0
172.0
125.0
pt
163.0
140.0
163.0
140.0
163.0
140.0
pt
166.0
161.0
166.0
161.0
166.0
161.0
pt
184.0
175.0
184.0
175.0
184.0
175.0
pt
210.0
154.0
210.0
154.0
210.0
154.0
pt
209.0
135.0
209.0
135.0
209.0
135.0
pt
202.0
129.0
202.0
129.0
202.0
129.0
pt
166.0
131.0
166.0
131.0
166.0
131.0
pt
164.0
150.0
164.0
150.0
164.0
150.0
pt
172.0
167.0
172.0
167.0
172.0
167.0
pt
200.0
169.0
200.0
169.0
200.0
169.0
pt
211.0
184.0
211.0
184.0
211.0
184.0

running
20.0
4.0
false
pt
202.0
170.0
202.0
170.0
202.0
170.0
pt
213.0
190.0
213.0
190.0
213.0
190.0
pt
184.0
216.0
184.0
216.0
184.0
216.0
pt
163.0
197.0
163.0
197.0
163.0
197.0
pt
164.0
174.0
164.0
174.0
164.0
174.0
pt
196.0
169.0
196.0
169.0
196.0
169.0
pt
204.0
178.0
204.0
178.0
204.0
178.0
pt
206.0
202.0
206.0
202.0
206.0
202.0
pt
165.0
208.0
165.0
208.0
165.0
208.0
pt
165.0
242.0
165.0
242.0
165.0
242.0
pt
183.0
254.0
183.0
254.0
183.0
254.0
pt
206.0
238.0
206.0
238.0
206.0
238.0
pt
208.0
215.0
208.0
215.0
208.0
215.0
pt
166.0
215.0
166.0
215.0
166.0
215.0
pt
164.0
234.0
164.0
234.0
164.0
234.0
pt
171.0
246.0
171.0
246.0
171.0
246.0
pt
192.0
248.0
192.0
248.0
192.0
248.0
pt
204.0
251.0
204.0
251.0
204.0
251.0
pt
210.0
276.0
210.0
276.0
210.0
276.0
pt
187.0
294.0
187.0
294.0
187.0
294.0
pt
164.0
277.0
164.0
277.0
164.0
277.0
pt
164.0
256.0
164.0
256.0
164.0
256.0
pt
209.0
255.0
209.0
255.0
209.0
255.0
pt
204.0
281.0
204.0
281.0
204.0
281.0
pt
173.0
286.0
173.0
286.0
173.0
286.0
pt
164.0
301.0
164.0
301.0
164.0
301.0
pt
167.0
322.0
167.0
322.0
167.0
322.0
pt
185.0
336.0
185.0
336.0
185.0
336.0
pt
211.0
315.0
211.0
315.0
211.0
315.0
pt
210.0
296.0
210.0
296.0
210.0
296.0
pt
203.0
290.0
203.0
290.0
203.0
290.0
pt
167.0
292.0
167.0
292.0
167.0
292.0
pt
165.0
311.0
165.0
311.0
165.0
311.0
pt
173.0
328.0
173.0
328.0
173.0
328.0
pt
201.0
330.0
201.0
330.0
201.0
330.0
pt
212.0
345.0
212.0
345.0
212.0
345.0

running
20.0
4.0
false
pt
211.0
347.0
211.0
347.0
211.0
347.0
pt
184.0
377.0
184.0
377.0
184.0
377.0
pt
163.0
356.0
163.0
356.0
163.0
356.0
pt
163.0
335.0
163.0
335.0
163.0
335.0
pt
185.0
317.0
185.0
317.0
185.0
317.0
pt
205.0
338.0
205.0
338.0
205.0
338.0
pt
209.0
361.0
209.0
361.0
209.0
361.0
pt
188.0
357.0
188.0
357.0
188.0
357.0
pt
162.0
372.0
162.0
371.0
162.0
373.0
pt
166.0
406.0
166.0
406.0
166.0
406.0
pt
174.0
413.0
174.0
413.0
174.0
413.0
pt
182.0
399.0
182.0
399.0
182.0
399.0
pt
203.0
406.0
203.0
406.0
203.0
406.0
pt
212.0
393.0
212.0
393.0
212.0
393.0
pt
197.0
365.0
197.0
365.0
197.0
365.0
pt
182.0
363.0
182.0
363.0
182.0
363.0
pt
207.0
368.0
207.0
368.0
207.0
368.0
pt
207.0
397.0
207.0
397.0
207.0
397.0
pt
195.0
410.0
195.0
410.0
195.0
410.0
pt
207.0
417.0
207.0
417.0
207.0
417.0
pt
210.0
440.0
210.0
440.0
210.0
440.0
pt
215.0
422.0
215.0
422.0
215.0
422.0
pt
208.0
408.0
208.0
408.0
208.0
408.0
pt
184.0
393.0
184.0
393.0
184.0
393.0
pt
163.0
420.0
163.0
420.0
163.0
420.0
pt
166.0
448.0
166.0
448.0
166.0
448.0
pt
186.0
461.0
186.0
461.0
186.0
461.0
pt
193.0
457.0
193.0
457.0
193.0
457.0

satin
20.0
4.0
false
pt
183.0
447.0
183.0
447.0
183.0
447.0
pt
199.0
463.0
199.0
463.0
199.0
463.0
pt
175.0
451.0
175.0
451.0
175.0
451.0
pt
182.0
466.0
182.0
466.0
182.0
466.0
pt
184.0
453.0
184.0
453.0
184.0
453.0
pt
173.0
463.0
173.0
463.0
173.0
463.0
pt
172.0
433.0
172.0
433.0
172.0
433.0
pt
158.0
445.0
158.0
445.0
158.0
445.0
pt
172.0
423.0
172.0
423.0
172.0
423.0
pt
159.0
409.0
156.0
430.0
162.0
388.0

satin
20.0
4.0
false
pt
190.0
412.0
190.0
412.0
190.0
412.0
pt
172.0
394.0
172.0
394.0
172.0
394.0
pt
199.0
403.0
199.0
403.0
199.0
403.0
pt
190.0
390.0
186.0
389.0
194.0
391.0
pt
189.0
407.0
189.0
407.0
189.0
407.0
pt
201.0
396.0
201.0
396.0
201.0
396.0
pt
203.0
430.0
203.0
430.0
203.0
430.0
pt
219.0
429.0
219.0
409.0
219.0
449.0
pt
202.0
438.0
202.0
438.0
202.0
438.0
pt
214.0
449.0
214.0
449.0
214.0
449.0

satin
20.0
4.0
false
pt
183.0
406.0
183.0
406.0
183.0
406.0
pt
199.0
422.0
199.0
422.0
199.0
422.0
pt
175.0
410.0
175.0
410.0
175.0
410.0
pt
182.0
425.0
182.0
425.0
182.0
425.0
pt
184.0
412.0
184.0
412.0
184.0
412.0
pt
173.0
422.0
173.0
422.0
173.0
422.0
pt
172.0
392.0
172.0
392.0
172.0
392.0
pt
158.0
404.0
158.0
404.0
158.0
404.0
pt
172.0
382.0
172.0
382.0
172.0
382.0
pt
159.0
368.0
156.0
389.0
162.0
347.0

satin
20.0
4.0
false
pt
191.0
368.0
191.0
368.0
191.0
368.0
pt
173.0
350.0
173.0
350.0
173.0
350.0
pt
200.0
359.0
200.0
359.0
200.0
359.0
pt
191.0
346.0
187.0
345.0
195.0
347.0
pt
190.0
363.0
190.0
363.0
190.0
363.0
pt
202.0
352.0
202.0
352.0
202.0
352.0
pt
204.0
386.0
204.0
386.0
204.0
386.0
pt
220.0
385.0
220.0
365.0
220.0
405.0
pt
203.0
394.0
203.0
394.0
203.0
394.0
pt
215.0
405.0
215.0
405.0
215.0
405.0

satin
20.0
4.0
false
pt
182.0
365.0
182.0
365.0
182.0
365.0
pt
198.0
381.0
198.0
381.0
198.0
381.0
pt
174.0
369.0
174.0
369.0
174.0
369.0
pt
181.0
384.0
181.0
384.0
181.0
384.0
pt
183.0
371.0
183.0
371.0
183.0
371.0
pt
172.0
381.0
172.0
381.0
172.0
381.0
pt
171.0
351.0
171.0
351.0
171.0
351.0
pt
157.0
363.0
157.0
363.0
157.0
363.0
pt
171.0
341.0
171.0
341.0
171.0
341.0
pt
158.0
327.0
155.0
348.0
161.0
306.0

satin
20.0
4.0
false
pt
190.0
327.0
190.0
327.0
190.0
327.0
pt
172.0
309.0
172.0
309.0
172.0
309.0
pt
199.0
318.0
199.0
318.0
199.0
318.0
pt
190.0
305.0
186.0
304.0
194.0
306.0
pt
189.0
322.0
189.0
322.0
189.0
322.0
pt
201.0
311.0
201.0
311.0
201.0
311.0
pt
203.0
345.0
203.0
345.0
203.0
345.0
pt
219.0
344.0
219.0
324.0
219.0
364.0
pt
202.0
353.0
202.0
353.0
202.0
353.0
pt
214.0
364.0
214.0
364.0
214.0
364.0

satin
20.0
4.0
false
pt
182.0
321.0
182.0
321.0
182.0
321.0
pt
198.0
337.0
198.0
337.0
198.0
337.0
pt
174.0
325.0
174.0
325.0
174.0
325.0
pt
181.0
340.0
181.0
340.0
181.0
340.0
pt
183.0
327.0
183.0
327.0
183.0
327.0
pt
172.0
337.0
172.0
337.0
172.0
337.0
pt
171.0
307.0
171.0
307.0
171.0
307.0
pt
157.0
319.0
157.0
319.0
157.0
319.0
pt
171.0
297.0
171.0
297.0
171.0
297.0
pt
158.0
283.0
155.0
304.0
161.0
262.0

satin
20.0
4.0
false
pt
190.0
287.0
190.0
287.0
190.0
287.0
pt
172.0
269.0
172.0
269.0
172.0
269.0
pt
199.0
278.0
199.0
278.0
199.0
278.0
pt
190.0
265.0
186.0
264.0
194.0
266.0
pt
189.0
282.0
189.0
282.0
189.0
282.0
pt
201.0
271.0
201.0
271.0
201.0
271.0
pt
203.0
305.0
203.0
305.0
203.0
305.0
pt
219.0
304.0
219.0
284.0
219.0
324.0
pt
202.0
313.0
202.0
313.0
202.0
313.0
pt
214.0
324.0
214.0
324.0
214.0
324.0

satin
20.0
4.0
false
pt
180.0
281.0
180.0
281.0
180.0
281.0
pt
196.0
297.0
196.0
297.0
196.0
297.0
pt
172.0
285.0
172.0
285.0
172.0
285.0
pt
179.0
300.0
179.0
300.0
179.0
300.0
pt
181.0
287.0
181.0
287.0
181.0
287.0
pt
170.0
297.0
170.0
297.0
170.0
297.0
pt
169.0
267.0
169.0
267.0
169.0
267.0
pt
155.0
279.0
155.0
279.0
155.0
279.0
pt
169.0
257.0
169.0
257.0
169.0
257.0
pt
156.0
243.0
153.0
264.0
159.0
222.0

satin
20.0
4.0
false
pt
189.0
246.0
189.0
246.0
189.0
246.0
pt
171.0
228.0
171.0
228.0
171.0
228.0
pt
198.0
237.0
198.0
237.0
198.0
237.0
pt
189.0
224.0
185.0
223.0
193.0
225.0
pt
188.0
241.0
188.0
241.0
188.0
241.0
pt
200.0
230.0
200.0
230.0
200.0
230.0
pt
202.0
264.0
202.0
264.0
202.0
264.0
pt
218.0
263.0
218.0
243.0
218.0
283.0
pt
201.0
272.0
201.0
272.0
201.0
272.0
pt
213.0
283.0
213.0
283.0
213.0
283.0

satin
20.0
4.0
false
pt
181.0
241.0
181.0
241.0
181.0
241.0
pt
197.0
257.0
197.0
257.0
197.0
257.0
pt
173.0
245.0
173.0
245.0
173.0
245.0
pt
180.0
260.0
180.0
260.0
180.0
260.0
pt
182.0
247.0
182.0
247.0
182.0
247.0
pt
171.0
257.0
171.0
257.0
171.0
257.0
pt
170.0
227.0
170.0
227.0
170.0
227.0
pt
156.0
239.0
156.0
239.0
156.0
239.0
pt
170.0
217.0
170.0
217.0
170.0
217.0
pt
157.0
203.0
154.0
224.0
160.0
182.0

satin
20.0
4.0
false
pt
189.0
204.0
189.0
204.0
189.0
204.0
pt
171.0
186.0
171.0
186.0
171.0
186.0
pt
198.0
195.0
198.0
195.0
198.0
195.0
pt
189.0
182.0
185.0
181.0
193.0
183.0
pt
188.0
199.0
188.0
199.0
188.0
199.0
pt
200.0
188.0
200.0
188.0
200.0
188.0
pt
202.0
222.0
202.0
222.0
202.0
222.0
pt
218.0
221.0
218.0
201.0
218.0
241.0
pt
201.0
230.0
201.0
230.0
201.0
230.0
pt
213.0
241.0
213.0
241.0
213.0
241.0

satin
20.0
4.0
false
pt
184.0
200.0
184.0
200.0
184.0
200.0
pt
200.0
216.0
200.0
216.0
200.0
216.0
pt
176.0
204.0
176.0
204.0
176.0
204.0
pt
183.0
219.0
183.0
219.0
183.0
219.0
pt
185.0
206.0
185.0
206.0
185.0
206.0
pt
174.0
216.0
174.0
216.0
174.0
216.0
pt
173.0
186.0
173.0
186.0
173.0
186.0
pt
159.0
198.0
159.0
198.0
159.0
198.0
pt
173.0
176.0
173.0
176.0
173.0
176.0
pt
160.0
162.0
157.0
183.0
163.0
141.0

satin
20.0
4.0
false
pt
191.0
172.0
191.0
172.0
191.0
172.0
pt
173.0
154.0
173.0
154.0
173.0
154.0
pt
200.0
163.0
200.0
163.0
200.0
163.0
pt
191.0
150.0
187.0
149.0
195.0
151.0
pt
190.0
167.0
190.0
167.0
190.0
167.0
pt
202.0
156.0
202.0
156.0
202.0
156.0
pt
204.0
190.0
204.0
190.0
204.0
190.0
pt
220.0
189.0
220.0
169.0
220.0
209.0
pt
203.0
198.0
203.0
198.0
203.0
198.0
pt
215.0
209.0
215.0
209.0
215.0
209.0

satin
20.0
4.0
false
pt
183.0
163.0
183.0
163.0
183.0
163.0
pt
199.0
179.0
199.0
179.0
199.0
179.0
pt
175.0
167.0
175.0
167.0
175.0
167.0
pt
182.0
182.0
182.0
182.0
182.0
182.0
pt
184.0
169.0
184.0
169.0
184.0
169.0
pt
173.0
179.0
173.0
179.0
173.0
179.0
pt
172.0
149.0
172.0
149.0
172.0
149.0
pt
158.0
161.0
158.0
161.0
158.0
161.0
pt
172.0
139.0
172.0
139.0
172.0
139.0
pt
159.0
125.0
156.0
146.0
162.0
104.0

satin
20.0
4.0
false
pt
190.0
132.0
190.0
132.0
190.0
132.0
pt
172.0
114.0
172.0
114.0
172.0
114.0
pt
199.0
123.0
199.0
123.0
199.0
123.0
pt
190.0
110.0
186.0
109.0
194.0
111.0
pt
189.0
127.0
189.0
127.0
189.0
127.0
pt
201.0
116.0
201.0
116.0
201.0
116.0
pt
203.0
150.0
203.0
150.0
203.0
150.0
pt
219.0
149.0
219.0
129.0
219.0
169.0
pt
202.0
158.0
202.0
158.0
202.0
158.0
pt
214.0
169.0
214.0
169.0
214.0
169.0

satin
20.0
4.0
false
pt
182.0
127.0
182.0
127.0
182.0
127.0
pt
198.0
143.0
198.0
143.0
198.0
143.0
pt
174.0
131.0
174.0
131.0
174.0
131.0
pt
181.0
146.0
181.0
146.0
181.0
146.0
pt
183.0
133.0
183.0
133.0
183.0
133.0
pt
172.0
143.0
172.0
143.0
172.0
143.0
pt
171.0
113.0
171.0
113.0
171.0
113.0
pt
157.0
125.0
157.0
125.0
157.0
125.0
pt
171.0
103.0
171.0
103.0
171.0
103.0
pt
158.0
89.0
155.0
110.0
161.0
68.0

satin
20.0
4.0
false
pt
189.0
90.0
189.0
90.0
189.0
90.0
pt
171.0
72.0
171.0
72.0
171.0
72.0
pt
198.0
81.0
198.0
81.0
198.0
81.0
pt
189.0
68.0
185.0
67.0
193.0
69.0
pt
188.0
85.0
188.0
85.0
188.0
85.0
pt
200.0
74.0
200.0
74.0
200.0
74.0
pt
202.0
108.0
202.0
108.0
202.0
108.0
pt
218.0
107.0
218.0
87.0
218.0
127.0
pt
201.0
116.0
201.0
116.0
201.0
116.0
pt
213.0
127.0
213.0
127.0
213.0
127.0

satin
20.0
4.0
false
pt
181.0
87.0
181.0
87.0
181.0
87.0
pt
197.0
103.0
197.0
103.0
197.0
103.0
pt
173.0
91.0
173.0
91.0
173.0
91.0
pt
180.0
106.0
180.0
106.0
180.0
106.0
pt
182.0
93.0
182.0
93.0
182.0
93.0
pt
171.0
103.0
171.0
103.0
171.0
103.0
pt
170.0
73.0
170.0
73.0
170.0
73.0
pt
156.0
85.0
156.0
85.0
156.0
85.0
pt
170.0
63.0
170.0
63.0
170.0
63.0
pt
157.0
49.0
154.0
70.0
160.0
28.0

satin
20.0
4.0
false
pt
190.0
47.0
190.0
47.0
190.0
47.0
pt
172.0
29.0
172.0
29.0
172.0
29.0
pt
199.0
38.0
199.0
38.0
199.0
38.0
pt
190.0
25.0
186.0
24.0
194.0
26.0
pt
189.0
42.0
189.0
42.0
189.0
42.0
pt
201.0
31.0
201.0
31.0
201.0
31.0
pt
203.0
65.0
203.0
65.0
203.0
65.0
pt
219.0
64.0
219.0
44.0
219.0
84.0
pt
202.0
73.0
202.0
73.0
202.0
73.0
pt
214.0
84.0
214.0
84.0
214.0
84.0

satin
20.0
4.0
false
pt
183.0
44.0
183.0
44.0
183.0
44.0
pt
199.0
60.0
199.0
60.0
199.0
60.0
pt
175.0
48.0
175.0
48.0
175.0
48.0
pt
182.0
63.0
182.0
63.0
182.0
63.0
pt
184.0
50.0
184.0
50.0
184.0
50.0
pt
173.0
60.0
173.0
60.0
173.0
60.0
pt
172.0
30.0
172.0
30.0
172.0
30.0
pt
158.0
42.0
158.0
42.0
158.0
42.0
pt
172.0
20.0
172.0
20.0
172.0
20.0
pt
159.0
6.0
156.0
27.0
162.0
-15.0

