running
14.0
4.0
false
pt
313.0
54.0
313.0
54.0
313.0
54.0
pt
310.0
97.0
309.0
64.0
311.0
130.0
pt
321.0
135.0
312.0
133.0
330.0
137.0
pt
309.0
179.0
307.0
127.0
311.0
231.0
pt
323.0
221.0
323.0
221.0
323.0
221.0
pt
309.0
271.0
309.0
213.99123
309.0
318.0
pt
319.0
310.0
319.0
310.0
319.0
310.0
pt
310.0
344.0
308.0
304.0
312.0
384.0
pt
323.0
380.0
323.0
380.0
323.0
380.0
pt
309.0
422.0
309.8407
385.00955
308.0
466.0
pt
323.0
466.0
323.0
466.0
323.0
466.0
pt
315.0
470.0
315.0
470.0
315.0
470.0

running
14.0
4.0
false
pt
315.0
470.0
315.0
470.0
315.0
470.0
pt
312.0
513.0
311.0
480.0
313.0
546.0
pt
318.0
552.0
309.0
550.0
327.0
554.0
pt
311.0
595.0
309.0
543.0
313.0
647.0
pt
319.0
639.0
319.0
639.0
319.0
639.0
pt
311.0
687.0
311.0
629.9912
311.0
734.0
pt
320.0
723.0
320.0
723.0
320.0
723.0
pt
312.0
760.0
310.0
720.0
314.0
800.0
pt
322.0
808.0
322.0
808.0
322.0
808.0
pt
311.0
838.0
311.8407
801.0095
310.0
882.0
pt
315.0
885.0
315.0
885.0
315.0
885.0
pt
318.0
894.0
318.0
894.0
318.0
894.0
pt
407.0
915.0
364.59204
949.33026
449.0
881.0
pt
444.0
860.0
445.0
892.0
443.0
828.0
pt
428.0
810.0
439.0
820.0
417.0
800.0
pt
441.0
771.0
442.0
823.0
440.0
719.0
pt
426.0
726.0
426.0
726.0
426.0
726.0
pt
443.0
682.0
444.0
728.0
442.0
636.0
pt
427.0
638.0
427.0
638.0
427.0
638.0
pt
438.0
593.0
437.0
642.0
439.0
544.0
pt
426.0
554.0
426.0
554.0
426.0
554.0
pt
438.0
512.0
438.0
566.0
438.0
462.0
pt
426.0
468.0
426.0
468.0
426.0
468.0
pt
439.0
421.0
441.0
473.0
437.0
369.0
pt
422.0
381.0
422.0
381.0
422.0
381.0
pt
436.0
341.0
438.0
382.0
434.0
300.0
pt
423.0
309.0
423.0
309.0
423.0
309.0
pt
439.0
264.0
440.78568
305.07086
437.0
218.0
pt
424.0
224.0
424.0
224.0
424.0
224.0
pt
439.0
176.0
442.0
221.0
436.0
131.0
pt
424.0
137.0
424.0
137.0
424.0
137.0
pt
440.0
89.0
440.0
141.0
440.0
37.0
pt
343.0
24.0
364.0
6.0
326.2791
38.33219
pt
309.0
76.0
307.0
51.0
311.0
101.0

running
20.0
4.0
false
pt
310.0
62.0
310.0
63.0
310.0
61.0
pt
319.0
45.0
319.0
45.0
319.0
45.0
pt
331.0
36.0
331.0
36.0
331.0
36.0

satin
14.0
4.0
false
pt
357.0
24.0
368.4449
21.547516
343.0
27.0
pt
337.0
-7.0
363.0
-18.0
310.62744
4.1576233
pt
315.0
62.0
319.0
43.0
311.0912
80.56668
pt
283.0
60.0
290.0
21.0
276.0
99.0
pt
312.0
122.0
312.0
122.0
312.0
122.0
pt
278.0
121.0
278.0
121.0
278.0
121.0
pt
326.0
137.0
326.0
137.0
326.0
137.0
pt
290.0
137.0
290.0
137.0
290.0
137.0
pt
314.0
155.0
314.0
155.0
314.0
155.0
pt
276.0
159.0
276.0
159.0
276.0
159.0
pt
315.0
207.0
315.0
207.0
315.0
207.0
pt
280.0
208.0
280.0
208.0
280.0
208.0
pt
327.0
222.0
318.0
221.0
336.0
223.0
pt
287.0
222.0
281.0
222.0
293.0
222.0
pt
316.0
237.0
317.0
225.0
315.0
249.0
pt
280.0
238.0
280.0
238.0
280.0
238.0
pt
315.0
298.0
315.0
298.0
315.0
298.0
pt
279.0
298.0
279.0
298.0
279.0
298.0
pt
323.0
312.0
323.0
312.0
323.0
312.0
pt
285.0
311.0
285.0
311.0
285.0
311.0
pt
313.0
323.0
313.0
323.0
313.0
323.0
pt
278.0
323.0
278.0
323.0
278.0
323.0
pt
316.0
369.0
309.0
352.0
323.0
386.0
pt
280.0
368.0
277.0
363.0
283.0
373.0
pt
328.0
382.0
328.0
382.0
328.0
382.0
pt
283.0
379.0
283.0
379.0
283.0
379.0
pt
315.0
398.0
316.0
392.0
314.0
404.0
pt
276.0
397.0
275.0
391.0
277.0
403.0
pt
315.0
454.0
309.0
442.0
321.0
466.0
pt
277.0
453.0
275.0
449.0
279.0
457.0
pt
327.0
468.0
327.0
468.0
327.0
468.0
pt
282.0
466.0
282.0
466.0
282.0
466.0
pt
317.0
485.0
317.0
477.0
317.0
493.0
pt
276.0
484.0
276.0
484.0
276.0
484.0
pt
314.0
539.0
314.0
539.0
314.0
539.0
pt
275.0
540.0
275.0
540.0
275.0
540.0
pt
323.0
554.0
323.0
554.0
323.0
554.0
pt
284.0
554.0
284.0
554.0
284.0
554.0
pt
315.0
568.0
315.0
568.0
315.0
568.0
pt
277.0
566.0
277.0
566.0
277.0
566.0
pt
317.0
626.0
317.0
626.0
317.0
626.0
pt
277.0
629.0
277.0
629.0
277.0
629.0
pt
323.0
640.0
323.0
640.0
323.0
640.0
pt
284.0
641.0
284.0
641.0
284.0
641.0
pt
316.0
654.0
316.0
654.0
316.0
654.0
pt
276.0
653.0
276.0
653.0
276.0
653.0
pt
315.0
714.0
315.0
714.0
315.0
714.0
pt
277.0
714.0
277.0
714.0
277.0
714.0
pt
323.0
725.0
323.0
725.0
323.0
725.0
pt
281.0
724.0
281.0
724.0
281.0
724.0
pt
315.0
737.0
315.0
737.0
315.0
737.0
pt
276.0
733.0
276.0
733.0
276.0
733.0
pt
318.0
790.0
313.0
773.0
323.0
807.0
pt
279.0
793.0
278.0
792.0
280.0
794.0
pt
327.0
807.0
327.0
807.0
327.0
807.0
pt
285.0
808.0
285.0
808.0
285.0
808.0
pt
316.0
826.0
316.0
820.0
316.0
832.0
pt
280.0
823.0
280.0
823.0
280.0
823.0
pt
320.0
888.0
315.0
878.0
325.0
898.0
pt
286.0
905.0
278.0
893.0
294.0
917.0
pt
376.0
922.0
357.0
923.0
395.0
921.0
pt
381.0
958.0
329.0
964.0
433.0
952.0
pt
436.0
886.0
433.0
893.0
439.0
879.0
pt
469.0
900.0
463.0
913.0
475.0
887.0
pt
438.0
829.0
438.0
829.0
438.0
829.0
pt
472.0
826.0
472.0
826.0
472.0
826.0
pt
425.0
811.0
425.0
811.0
425.0
811.0
pt
470.0
813.0
470.0
813.0
470.0
813.0
pt
436.0
790.0
435.0
802.0
437.0
778.0
pt
476.0
792.0
476.0
810.0
476.0
774.0
pt
436.0
744.0
438.0
756.0
434.0
732.0
pt
479.0
742.0
479.0
742.0
479.0
742.0
pt
422.0
728.0
422.0
728.0
422.0
728.0
pt
474.0
730.0
474.0
730.0
474.0
730.0
pt
438.0
706.0
438.0
719.0
438.0
693.0
pt
482.0
711.0
482.0
711.0
482.0
711.0
pt
435.0
653.0
441.0
669.0
429.0
637.0
pt
479.0
650.0
479.0
652.0
479.0
648.0
pt
423.0
639.0
423.0
639.0
423.0
639.0
pt
472.0
637.0
472.0
637.0
472.0
637.0
pt
434.0
618.0
434.0
627.0
434.0
609.0
pt
477.0
621.0
476.0
624.0
478.0
618.0
pt
431.0
570.0
431.0
570.0
431.0
570.0
pt
476.0
569.0
477.0
572.0
475.0
566.0
pt
423.0
555.0
423.0
555.0
423.0
555.0
pt
468.0
555.0
468.0
555.0
468.0
555.0
pt
433.0
541.0
433.0
541.0
433.0
541.0
pt
475.0
542.0
476.0
542.0
474.0
542.0
pt
431.0
480.0
431.0
480.0
431.0
480.0
pt
475.0
478.0
475.0
478.0
475.0
478.0
pt
422.0
469.0
422.0
469.0
422.0
469.0
pt
467.0
469.0
467.0
469.0
467.0
469.0
pt
433.0
457.0
433.0
457.0
433.0
457.0
pt
476.0
457.0
476.0
457.0
476.0
457.0
pt
434.0
397.0
440.60303
416.80908
432.0
391.0
pt
477.0
396.0
477.0
396.0
477.0
396.0
pt
419.0
383.0
424.0
383.0
414.0
383.0
pt
469.0
383.0
469.0
383.0
469.0
383.0
pt
431.0
368.0
431.0
368.0
431.0
368.0
pt
475.0
369.0
475.0
369.0
475.0
369.0
pt
431.0
320.0
431.0
320.0
431.0
320.0
pt
476.0
319.0
476.0
319.0
476.0
319.0
pt
421.0
311.0
421.0
311.0
421.0
311.0
pt
470.0
310.0
470.0
310.0
470.0
310.0
pt
434.0
288.0
433.0
305.0
435.0
271.0
pt
476.0
288.0
476.0
288.0
476.0
288.0
pt
433.0
242.0
433.0
242.0
433.0
242.0
pt
475.0
239.0
475.0
239.0
475.0
239.0
pt
422.0
227.0
422.0
227.0
422.0
227.0
pt
472.0
226.0
472.0
226.0
472.0
226.0
pt
437.0
190.0
436.4665
215.07422
438.0
143.0
pt
479.0
188.0
479.0
221.01514
479.0
142.0
pt
421.0
140.0
421.0
140.0
421.0
140.0
pt
470.0
139.0
470.0
139.0
470.0
139.0
pt
432.0
126.0
432.0
126.0
432.0
126.0
pt
478.0
128.0
478.0
128.0
478.0
128.0
pt
429.0
63.0
441.0
93.0
417.0
33.0
pt
464.0
46.0
483.95984
90.61618
447.0
8.0
pt
356.0
22.0
384.0
14.0
329.5974
29.54358
pt
335.0
-7.0
398.0
-33.0
265.9436
21.499466

