satin
22.0
12.0
false
false
pt
305.23373
218.56245
305.23373
218.56245
305.23373
218.56245
pt
304.48
221.57712
304.48
221.57712
304.48
221.57712
pt
286.39227
218.56245
286.39227
218.56245
286.39227
218.56245
pt
291.0
223.0
291.0
223.0
291.0
223.0
pt
279.60916
221.57712
279.60916
221.57712
279.60916
221.57712
pt
280.0
228.0
280.0
228.0
280.0
228.0
pt
272.82623
217.80878
272.82623
217.80878
272.82623
217.80878
pt
270.0
230.0
274.77582
226.81613
264.0
234.0
pt
264.53586
223.08446
264.53586
223.08446
264.53586
223.08446
pt
266.0
235.0
266.0
235.0
266.0
235.0
pt
255.49194
219.31615
255.49194
219.31615
255.49194
219.31615
pt
260.0
239.0
260.0
239.0
260.0
239.0
pt
244.18698
224.59167
244.18698
224.59167
244.18698
224.59167
pt
247.95529
235.14304
247.95529
235.14304
247.95529
235.14304
pt
234.0
219.0
234.0
219.0
234.0
219.0
pt
235.0
239.0
235.0
239.0
235.0
239.0

running
22.0
8.0
false
pt
228.36008
238.15775
228.36008
238.15775
228.36008
238.15775
pt
220.0697
237.40402
220.0697
237.40402
220.0697
237.40402
pt
203.48914
238.15775
203.48914
238.15775
203.48914
238.15775

running
11.0
4.0
false
pt
180.12556
236.65033
180.12556
236.65033
180.12556
236.65033
pt
173.34264
229.86743
173.34264
239.66501
173.34264
220.0697
pt
198.21355
220.0697
198.21355
220.0697
198.21355
220.0697
pt
231.37465
229.11374
231.37465
217.80878
231.37465
240.4186
pt
212.53307
238.15775
212.53307
238.15775
212.53307
238.15775
pt
200.47453
238.15775
200.47453
238.15775
200.47453
238.15775
pt
196.70624
232.1284
196.70624
232.1284
196.70624
232.1284
pt
201.98184
220.0697
195.1988
220.0697
208.76483
220.0697
pt
208.01118
229.86743
208.76483
229.11374
207.25749
230.62108
pt
195.1988
238.9113
213.42754
238.9113
177.8646
238.9113
pt
178.6183
235.89668
178.6183
235.89668
178.6183
235.89668

running
11.0
8.0
false
pt
177.8646
235.89668
177.8646
235.89668
177.8646
235.89668
pt
174.09631
232.88202
174.09631
232.88202
174.09631
232.88202
pt
173.34264
229.86743
173.34264
229.86743
173.34264
229.86743
pt
168.06697
229.11374
168.06697
229.11374
168.06697
229.11374
pt
166.55971
233.63565
166.55971
233.63565
166.55971
233.63565
pt
154.50098
237.40402
154.50098
237.40402
154.50098
237.40402
pt
132.6448
238.15775
132.6448
238.15775
132.6448
238.15775
pt
119.832504
236.65033
119.832504
236.65033
119.832504
236.65033

running
11.0
4.0
false
pt
118.325165
236.65033
118.325165
236.65033
118.325165
236.65033
pt
111.54223
229.86743
111.54223
239.66501
111.54223
220.0697
pt
136.41312
220.0697
136.41312
220.0697
136.41312
220.0697
pt
169.57434
229.11374
169.57434
217.80878
169.57434
240.4186
pt
150.73273
238.15775
150.73273
238.15775
150.73273
238.15775
pt
138.67409
238.15775
138.67409
238.15775
138.67409
238.15775
pt
134.90585
232.1284
134.90585
232.1284
134.90585
232.1284
pt
140.18143
220.0697
133.39845
220.0697
146.9644
220.0697
pt
146.21071
229.86743
146.9644
229.11374
145.45708
230.62108
pt
133.39845
238.9113
151.62715
238.9113
116.0642
238.9113
pt
116.817825
235.89668
116.817825
235.89668
116.817825
235.89668

running
11.0
8.0
false
pt
110.03485
236.65033
110.03485
236.65033
110.03485
236.65033
pt
104.759254
233.63565
104.759254
233.63565
104.759254
233.63565
pt
104.00559
226.09906
104.00559
226.09906
104.00559
226.09906
pt
104.00559
220.0697
104.00559
220.0697
104.00559
220.0697
pt
86.67132
219.31615
86.67132
219.31615
86.67132
219.31615
pt
82.903015
223.08446
82.903015
223.08446
82.903015
223.08446
pt
75.36636
224.59167
75.36636
224.59167
75.36636
224.59167

satin
11.0
7.0
false
false
pt
47.0
259.0
47.0
259.0
47.0
259.0
pt
62.0
258.0
62.0
258.0
62.0
258.0
pt
48.0
236.0
48.0
236.0
48.0
236.0
pt
63.0
241.0
63.0
241.0
63.0
241.0
pt
63.0
220.0
63.0
220.0
63.0
220.0
pt
70.0
235.0
70.0
235.0
70.0
235.0
pt
79.0
217.0
79.0
217.0
79.0
217.0
pt
78.0
235.0
78.0
235.0
78.0
235.0

running
11.0
7.0
false
pt
73.105354
236.65033
73.105354
236.65033
73.105354
236.65033
pt
114.55687
236.65033
114.55687
236.65033
114.55687
236.65033
pt
77.627365
235.89668
77.627365
235.89668
77.627365
235.89668
pt
82.903015
232.88202
82.903015
232.88202
82.903015
232.88202
pt
83.65665
229.86743
83.65665
229.86743
83.65665
229.86743
pt
82.903015
226.09906
82.903015
226.09906
82.903015
226.09906
pt
76.873665
223.08446
76.873665
223.08446
76.873665
223.08446

running
11.0
8.0
false
pt
55.771114
219.31615
55.771114
219.31615
55.771114
219.31615
pt
52.002796
220.82343
52.002796
220.82343
52.002796
220.82343
pt
50.49546
224.59167
50.49546
224.59167
50.49546
224.59167
pt
50.49546
218.56245
50.49546
218.56245
50.49546
218.56245
pt
66.3224
217.80878
66.3224
217.80878
66.3224
217.80878

running
25.0
8.0
false
pt
68.33704
217.3014
68.33704
217.3014
68.33704
217.3014
pt
55.524765
224.08446
58.539436
222.57712
52.51012
225.59167
pt
47.234467
235.38939
47.234467
235.38939
47.234467
235.38939
pt
47.234467
217.3014
47.234467
217.3014
47.234467
217.3014
pt
705.1827
217.3014
705.1827
217.3014
705.1827
217.3014
pt
705.1827
235.38939
705.1827
235.38939
705.1827
235.38939
pt
697.64636
224.83807
697.64636
224.83807
697.64636
224.83807
pt
689.3557
219.56245
689.3557
219.56245
689.3557
219.56245
pt
702.168
219.56245
702.168
219.56245
702.168
219.56245
pt
702.92194
227.85268
702.92194
227.85268
702.92194
227.85268
pt
696.8923
221.82343
696.8923
221.82343
696.8923
221.82343
pt
699.90717
221.82343
699.90717
221.82343
699.90717
221.82343

satin
11.0
8.0
false
false
pt
701.66077
256.24567
701.66077
256.24567
701.66077
256.24567
pt
706.1827
256.24567
706.1827
256.24567
706.1827
256.24567
pt
696.38525
251.72365
696.38525
251.72365
696.38525
251.72365
pt
706.1827
246.44803
706.1827
246.44803
706.1827
246.44803
pt
691.8631
244.18698
691.8631
244.18698
691.8631
244.18698
pt
703.168
233.63565
703.168
233.63565
703.168
233.63565
pt
691.8631
238.15775
691.8631
238.15775
691.8631
238.15775
pt
697.1389
225.34541
697.1389
225.34541
697.1389
225.34541
pt
690.3557
226.85268
690.3557
226.85268
690.3557
226.85268
pt
690.3557
220.0697
690.3557
220.0697
690.3557
220.0697
pt
682.81934
220.82343
682.81934
220.82343
682.81934
220.82343
pt
680.5581
217.80878
680.5581
217.80878
680.5581
217.80878

running
11.0
8.0
false
pt
677.5436
220.0697
677.5436
220.0697
677.5436
220.0697
pt
685.0802
224.59167
685.0802
224.59167
685.0802
224.59167
pt
687.34106
229.86743
687.34106
229.86743
687.34106
229.86743
pt
679.05084
235.89668
679.05084
235.89668
679.05084
235.89668
pt
662.4702
238.15775
662.4702
238.15775
662.4702
238.15775
pt
643.62854
237.40402
643.62854
237.40402
643.62854
237.40402
pt
634.5846
235.14304
634.5846
235.14304
634.5846
235.14304

running
11.0
4.0
false
pt
636.09204
235.89668
636.09204
235.89668
636.09204
235.89668
pt
629.3091
229.11374
629.3091
238.9113
629.3091
219.31615
pt
654.1801
219.31615
654.1801
219.31615
654.1801
219.31615
pt
687.34106
228.36008
687.34106
217.0551
687.34106
239.66501
pt
668.4996
237.40402
668.4996
237.40402
668.4996
237.40402
pt
656.4408
237.40402
656.4408
237.40402
656.4408
237.40402
pt
652.6728
231.37465
652.6728
231.37465
652.6728
231.37465
pt
657.94836
219.31615
651.16516
219.31615
664.7313
219.31615
pt
663.97754
229.11374
664.7313
228.36008
663.2241
229.86743
pt
651.16516
238.15775
669.3943
238.15775
633.8311
238.15775
pt
634.5846
235.14304
634.5846
235.14304
634.5846
235.14304
pt
634.5846
235.14304
634.5846
235.14304
634.5846
235.14304

running
11.0
8.0
false
pt
630.8166
232.88202
630.8166
232.88202
630.8166
232.88202
pt
628.55554
229.11374
628.55554
229.11374
628.55554
229.11374
pt
624.0334
229.11374
624.0334
229.11374
624.0334
229.11374
pt
620.2651
235.89668
620.2651
235.89668
620.2651
235.89668
pt
611.22125
238.15775
611.22125
238.15775
611.22125
238.15775
pt
602.9309
238.15775
602.9309
238.15775
602.9309
238.15775
pt
577.3065
238.15775
577.3065
238.15775
577.3065
238.15775

running
11.0
4.0
false
pt
572.03064
238.15775
572.03064
238.15775
572.03064
238.15775
pt
529.82544
238.9113
529.82544
238.9113
529.82544
238.9113
pt
529.82544
236.65033
529.82544
236.65033
529.82544
236.65033
pt
541.884
230.62108
542.6378
239.66501
541.13043
221.57712
pt
532.08655
225.34541
532.08655
225.34541
532.08655
225.34541
pt
533.5938
223.08446
533.5938
223.08446
533.5938
223.08446
pt
542.6378
220.0697
538.11584
229.11374
542.6378
220.0697
pt
560.7257
220.82343
560.7257
220.82343
560.7257
220.82343
pt
560.7257
232.1284
560.7257
232.1284
560.7257
232.1284
pt
562.9869
235.14304
562.9869
235.14304
562.9869
235.14304
pt
569.7701
236.65033
569.7701
236.65033
569.7701
236.65033

running
11.0
4.0
false
pt
574.29156
236.65033
574.29156
236.65033
574.29156
236.65033
pt
567.5087
229.86743
567.5087
239.66501
567.5087
220.0697
pt
592.3796
220.0697
592.3796
220.0697
592.3796
220.0697
pt
625.54083
229.11374
625.54083
217.80878
625.54083
240.4186
pt
606.6991
238.15775
606.6991
238.15775
606.6991
238.15775
pt
594.6405
238.15775
594.6405
238.15775
594.6405
238.15775
pt
590.8721
232.1284
590.8721
232.1284
590.8721
232.1284
pt
596.1478
220.0697
589.365
220.0697
602.9309
220.0697
pt
602.1771
229.86743
602.9309
229.11374
601.4236
230.62108
pt
589.365
238.9113
607.59344
238.9113
572.03064
238.9113
pt
572.78455
235.89668
572.78455
235.89668
572.78455
235.89668

running
22.0
8.0
false
pt
563.7403
238.9113
563.7403
238.9113
563.7403
238.9113
pt
530.5792
238.15775
530.5792
238.15775
530.5792
238.15775
pt
532.8401
235.14304
532.8401
235.14304
532.8401
235.14304

satin
22.0
12.0
false
false
pt
528.0
239.0
528.0
239.0
528.0
239.0
pt
526.0
225.0
526.0
225.0
526.0
225.0
pt
500.0
240.0
500.0
240.0
500.0
240.0
pt
513.0
219.0
513.0
219.0
513.0
219.0
pt
484.0
240.0
484.0
240.0
484.0
240.0
pt
464.0
220.0
464.0
220.0
464.0
220.0
pt
438.0
242.0
438.0
242.0
438.0
242.0
pt
451.0
218.0
451.0
218.0
451.0
218.0
pt
426.0
241.0
426.0
241.0
426.0
241.0
pt
406.22464
220.0697
406.22464
220.0697
406.22464
220.0697
pt
399.0
240.0
399.0
240.0
399.0
240.0
pt
394.0
219.0
394.0
219.0
394.0
219.0
pt
391.90503
232.88202
391.90503
232.88202
391.90503
232.88202
pt
384.36844
229.86743
384.36844
229.86743
384.36844
229.86743
pt
391.90503
232.88202
391.90503
232.88202
391.90503
232.88202
pt
383.61472
228.36008
383.61472
228.36008
383.61472
228.36008

running
20.0
4.0
false
pt
400.1954
241.92607
400.1954
241.92607
400.1954
241.92607
pt
440.89316
339.90234
439.38583
279.60916
442.40054
400.1954
pt
397.9344
443.9078
397.9344
443.9078
397.9344
443.9078
pt
404.71738
447.67615
404.71738
447.67615
404.71738
447.67615
pt
446.92255
339.14868
446.92255
413.76123
446.92255
278.10187
pt
409.99292
242.67964
409.99292
242.67964
409.99292
242.67964
pt
394.91965
238.9113
394.91965
238.9113
394.91965
238.9113
pt
369.2951
223.83807
369.2951
223.83807
369.2951
223.83807
pt
345.93155
219.31615
345.93155
219.31615
345.93155
219.31615
pt
317.2923
219.31615
317.2923
219.31615
317.2923
219.31615
pt
290.91415
229.11374
290.91415
229.11374
290.91415
229.11374
pt
264.53586
249.46257
264.53586
249.46257
264.53586
249.46257
pt
226.09906
356.4829
222.93565
293.21393
229.86743
431.84918
pt
278.8555
458.22748
278.8555
458.22748
278.8555
458.22748
pt
299.20435
468.0252
299.20435
468.0252
299.20435
468.0252
pt
304.48
474.05444
304.48
474.05444
304.48
474.05444
pt
287.89944
471.79337
287.89944
471.79337
287.89944
471.79337

satin
20.0
12.0
false
false
pt
278.0
476.0
278.0
476.0
278.0
476.0
pt
298.45087
473.30066
298.45087
473.30066
298.45087
473.30066
pt
294.0
458.0
294.0
458.0
294.0
458.0
pt
306.74112
475.5617
306.74112
475.5617
306.74112
475.5617
pt
329.0
465.0
329.0
465.0
329.0
465.0
pt
327.09006
478.57648
327.09006
478.57648
327.09006
478.57648
pt
349.0
466.0
349.0
466.0
349.0
466.0
pt
351.20728
477.06915
351.20728
477.06915
351.20728
477.06915
pt
361.0
463.0
361.0
463.0
361.0
463.0
pt
360.0
476.0
360.0
476.0
360.0
476.0
pt
376.0
461.0
376.0
461.0
376.0
461.0
pt
380.0
476.0
380.0
476.0
380.0
476.0

running
20.0
4.0
false
pt
387.3831
476.3155
387.3831
476.3155
387.3831
476.3155
pt
405.471
474.80804
405.471
474.80804
405.471
474.80804
pt
404.71738
467.2713
404.71738
467.2713
404.71738
467.2713
pt
384.36844
468.77878
384.36844
468.77878
384.36844
468.77878
pt
375.32437
465.0104
375.32437
465.0104
375.32437
465.0104
pt
391.90503
458.22748
391.90503
458.22748
391.90503
458.22748
pt
397.9344
461.24216
397.9344
461.24216
397.9344
461.24216
pt
386.62933
455.9665
386.62933
455.9665
386.62933
455.9665
pt
365.52682
458.22748
365.52682
458.22748
365.52682
458.22748
pt
359.49762
462.7493
360.25113
462.7493
358.7439
462.7493
pt
351.96097
461.24216
351.96097
461.24216
351.96097
461.24216
pt
337.64133
458.22748
337.64133
458.22748
337.64133
458.22748
pt
323.3218
446.92255
323.3218
446.92255
323.3218
446.92255
pt
283.3775
403.21
288.65326
417.52966
278.10187
388.8904
pt
283.3775
382.10742
283.3775
382.10742
283.3775
382.10742
pt
293.9288
408.48566
280.36285
389.644
307.49466
427.3273
pt
357.99026
450.69083
340.65594
453.70535
375.32437
447.67615
pt
371.55612
437.87848
371.55612
437.87848
371.55612
437.87848
pt
339.90234
440.89316
365.52682
452.19812
314.30557
429.6005
pt
305.23373
413.0076
305.23373
413.0076
305.23373
413.0076
pt
324.82907
426.57364
324.82907
426.57364
324.82907
426.57364
pt
285.6385
384.36844
285.6385
384.36844
285.6385
384.36844
pt
350.45358
440.89316
330.25397
438.0076
371.55612
443.9078
pt
371.55612
422.05164
371.55612
422.05164
371.55612
422.05164
pt
368.54147
450.69083
378.33914
434.1102
358.7439
467.2713
pt
311.26306
436.3712
321.0606
442.40054
301.46545
430.34186
pt
282.62378
409.99292
282.62378
409.99292
282.62378
409.99292
pt
275.84094
389.644
275.84094
389.644
275.84094
389.644
pt
272.82623
412.25388
272.82623
412.25388
272.82623
412.25388
pt
289.4068
443.15424
289.4068
443.15424
289.4068
443.15424
pt
296.94336
461.24216
296.94336
461.24216
296.94336
461.24216
pt
284.88504
458.98117
284.88504
458.98117
284.88504
458.98117
pt
278.10187
434.86383
278.10187
434.86383
278.10187
434.86383
pt
263.78217
416.7761
263.78217
416.7761
263.78217
416.7761
pt
256.24567
422.05164
256.24567
422.05164
256.24567
422.05164
pt
250.21625
415.26855
250.21625
415.26855
250.21625
415.26855
pt
241.92607
414.51498
241.92607
414.51498
241.92607
414.51498
pt
238.15775
388.13678
238.15775
388.13678
238.15775
388.13678
pt
244.94057
365.52682
244.94057
365.52682
244.94057
365.52682
pt
244.18698
349.69983
244.18698
349.69983
244.18698
349.69983
pt
259.2603
329.351
259.2603
329.351
259.2603
329.351
pt
267.55063
319.55338
267.55063
319.55338
267.55063
319.55338
pt
272.0725
296.94336
272.0725
296.94336
272.0725
296.94336
pt
275.84094
317.2923
275.84094
317.2923
275.84094
317.2923
pt
268.30423
324.82907
268.30423
324.82907
268.30423
324.82907
pt
259.2603
333.11942
259.2603
333.11942
259.2603
333.11942
pt
251.72365
372.3098
240.4186
345.17786
263.0286
399.44162
pt
256.24567
403.21
260.7676
387.3831
251.72365
419.03702
pt
260.01392
414.51498
260.01392
414.51498
260.01392
414.51498
pt
266.04327
383.61472
273.57983
398.688
258.50653
368.54147
pt
258.50653
353.46817
244.18698
366.28052
272.82623
340.65594
pt
275.84094
336.13394
272.82623
351.96097
278.8555
320.30695
pt
285.6385
309.00195
285.6385
309.00195
285.6385
309.00195
pt
262.2749
343.67053
262.2749
343.67053
262.2749
343.67053
pt
253.98453
349.69983
253.98453
349.69983
253.98453
349.69983
pt
260.01392
336.88773
260.01392
336.88773
260.01392
336.88773
pt
244.18698
341.40967
244.18698
341.40967
244.18698
341.40967
pt
251.72365
325.58258
251.72365
325.58258
251.72365
325.58258
pt
238.15775
353.46817
238.15775
353.46817
238.15775
353.46817
pt
236.65033
370.80243
236.65033
370.80243
236.65033
370.80243
pt
232.1284
382.10742
232.1284
382.10742
232.1284
382.10742
pt
230.62108
373.81702
230.62108
373.81702
230.62108
373.81702
pt
231.37465
368.54147
231.37465
368.54147
231.37465
368.54147
pt
229.11374
362.51212
229.11374
362.51212
229.11374
362.51212
pt
229.86743
348.94614
229.86743
348.94614
229.86743
348.94614
pt
238.9113
339.90234
238.9113
339.90234
238.9113
339.90234
pt
240.4186
325.58258
240.4186
325.58258
240.4186
325.58258
pt
251.72365
313.52393
251.72365
313.52393
251.72365
313.52393
pt
257.75296
289.4068
257.75296
289.4068
257.75296
289.4068
pt
263.78217
273.57983
263.78217
273.57983
263.78217
273.57983
pt
281.11658
249.46257
281.11658
249.46257
281.11658
249.46257
pt
309.7557
237.40402
309.7557
237.40402
309.7557
237.40402
pt
310.50946
241.92607
310.50946
241.92607
310.50946
241.92607
pt
323.3218
235.89668
323.3218
235.89668
323.3218
235.89668
pt
347.43884
235.14304
347.43884
235.14304
347.43884
235.14304
pt
362.51212
243.43338
362.51212
243.43338
362.51212
243.43338
pt
341.40967
235.14304
341.40967
235.14304
341.40967
235.14304
pt
350.45358
243.43338
350.45358
243.43338
350.45358
243.43338
pt
328.59726
235.14304
328.59726
235.14304
328.59726
235.14304
pt
338.39496
244.94057
338.39496
244.94057
338.39496
244.94057
pt
319.55338
237.40402
319.55338
237.40402
319.55338
237.40402
pt
332.36566
243.43338
332.36566
243.43338
332.36566
243.43338
pt
326.3364
237.40402
326.3364
237.40402
326.3364
237.40402
pt
342.16324
242.67964
342.16324
242.67964
342.16324
242.67964
pt
339.14868
236.65033
339.14868
236.65033
339.14868
236.65033
pt
356.4829
245.69427
356.4829
245.69427
356.4829
245.69427
pt
361.00482
241.17229
361.00482
241.17229
361.00482
241.17229
pt
375.32437
252.47726
375.32437
252.47726
375.32437
252.47726
pt
391.15143
273.57983
391.15143
273.57983
391.15143
273.57983
pt
396.4271
296.94336
396.4271
296.94336
396.4271
296.94336
pt
397.9344
309.00195
397.9344
308.24844
397.9344
309.7557
pt
397.9344
319.55338
397.9344
319.55338
397.9344
319.55338
pt
398.688
335.3803
398.688
335.3803
398.688
335.3803
pt
391.90503
333.87296
391.90503
333.87296
391.90503
333.87296
pt
385.1221
339.14868
385.1221
339.14868
385.1221
339.14868
pt
377.58536
333.87296
377.58536
333.87296
377.58536
333.87296
pt
382.10742
336.88773
382.10742
336.88773
382.10742
336.88773
pt
388.8904
336.88773
388.8904
336.88773
388.8904
336.88773
pt
391.90503
327.09006
391.90503
327.09006
391.90503
327.09006
pt
392.6587
315.03152
392.6587
315.03152
392.6587
315.03152
pt
386.62933
309.00195
386.62933
309.00195
386.62933
309.00195
pt
377.58536
308.24844
377.58536
308.24844
377.58536
308.24844
pt
370.80243
317.2923
370.80243
317.2923
370.80243
317.2923
pt
376.07825
321.81427
376.07825
321.81427
376.07825
321.81427
pt
381.3538
313.52393
394.464
332.68536
371.55612
299.20435
pt
382.86115
321.81427
375.32437
322.56802
390.3976
321.0606

running
20.0
4.0
false
pt
384.36844
321.81427
384.36844
321.81427
384.36844
321.81427
pt
388.8904
320.30695
388.8904
320.30695
388.8904
320.30695
pt
379.8465
312.77042
379.8465
312.77042
379.8465
312.77042
pt
371.55612
317.2923
371.55612
317.2923
371.55612
317.2923
pt
379.09265
329.351
379.09265
329.351
379.09265
329.351
pt
388.8904
330.85825
388.8904
330.85825
388.8904
330.85825
pt
390.3976
324.82907
390.3976
324.82907
390.3976
324.82907
pt
380.60016
327.09006
380.60016
327.09006
380.60016
327.09006
pt
371.55612
324.0753
371.55612
324.0753
371.55612
324.0753
pt
370.80243
312.0167
370.80243
312.0167
370.80243
312.0167
pt
372.3098
305.9874
372.3098
305.9874
372.3098
305.9874
pt
378.33914
304.48
378.33914
304.48
378.33914
304.48
pt
385.87573
302.9727
385.87573
302.9727
385.87573
302.9727
pt
395.67337
306.74112
395.67337
306.74112
395.67337
306.74112
pt
393.41248
302.21906
393.41248
302.21906
393.41248
302.21906
pt
384.36844
296.94336
384.36844
296.94336
384.36844
296.94336
pt
379.09265
299.95807
379.09265
299.95807
379.09265
299.95807
pt
368.54147
296.94336
368.54147
296.94336
368.54147
296.94336
pt
367.03424
310.50946
367.78778
310.50946
366.28052
310.50946
pt
369.2951
321.81427
369.2951
321.81427
369.2951
321.81427
pt
369.2951
330.1047
369.2951
330.1047
369.2951
330.1047
pt
373.81702
336.88773
373.81702
336.88773
373.81702
336.88773
pt
373.81702
342.16324
373.81702
342.16324
373.81702
342.16324
pt
376.07825
349.69983
376.07825
349.69983
376.07825
349.69983
pt
371.55612
354.9756
371.55612
354.9756
371.55612
354.9756
pt
367.03424
354.22183
367.03424
354.22183
367.03424
354.22183
pt
371.55612
345.93155
371.55612
345.93155
371.55612
345.93155
pt
369.2951
336.88773
369.2951
336.88773
369.2951
336.88773
pt
362.51212
337.64133
362.51212
337.64133
362.51212
337.64133
pt
357.99026
339.90234
357.99026
339.90234
357.99026
339.90234
pt
353.46817
334.6266
353.46817
334.6266
353.46817
334.6266
pt
348.19263
340.65594
348.19263
340.65594
348.19263
340.65594
pt
337.64133
354.9756
337.64133
354.9756
337.64133
354.9756
pt
347.43884
344.42426
347.43884
344.42426
347.43884
344.42426
pt
348.19263
351.20728
348.19263
351.20728
348.19263
351.20728
pt
353.46817
352.71463
353.46817
352.71463
353.46817
352.71463
pt
358.7439
350.45358
358.7439
350.45358
358.7439
350.45358
pt
350.45358
348.19263
350.45358
348.19263
350.45358
348.19263
pt
361.00482
346.68527
361.00482
346.68527
361.00482
346.68527
pt
361.7585
350.45358
361.7585
350.45358
361.7585
350.45358
pt
357.2366
353.46817
357.2366
353.46817
357.2366
353.46817
pt
364.0195
356.4829
364.0195
356.4829
364.0195
356.4829
pt
363.2657
367.78778
363.2657
367.78778
363.2657
367.78778
pt
368.54147
366.28052
368.54147
366.28052
368.54147
366.28052
pt
376.83188
369.2951
376.83188
369.2951
376.83188
369.2951
pt
375.32437
373.81702
375.32437
373.81702
375.32437
373.81702
pt
364.7732
376.83188
364.7732
376.83188
364.7732
376.83188
pt
355.7292
375.32437
355.7292
375.32437
355.7292
375.32437
pt
348.94614
370.04877
348.94614
370.04877
348.94614
370.04877
pt
338.39496
369.2951
338.39496
369.2951
338.39496
369.2951
pt
330.85825
370.80243
330.85825
370.80243
330.85825
370.80243
pt
343.67053
369.2951
343.67053
369.2951
343.67053
369.2951
pt
355.7292
365.52682
355.7292
365.52682
355.7292
365.52682
pt
361.00482
369.2951
361.00482
369.2951
361.00482
369.2951
pt
346.68527
369.2951
346.68527
369.2951
346.68527
369.2951
pt
380.60016
372.3098
380.60016
372.3098
380.60016
372.3098
pt
385.87573
376.07825
385.87573
376.07825
385.87573
376.07825
pt
385.87573
385.1221
385.87573
385.1221
385.87573
385.1221
pt
378.33914
397.9344
378.33914
397.9344
378.33914
397.9344
pt
367.03424
406.97827
367.03424
406.97827
367.03424
406.97827
pt
348.94614
400.94907
348.94614
400.94907
348.94614
400.94907
pt
331.61206
397.1806
331.61206
397.1806
331.61206
397.1806
pt
323.3218
389.644
323.3218
389.644
323.3218
389.644
pt
310.50946
379.8465
310.50946
379.8465
310.50946
379.8465
pt
302.21906
357.2366
302.21906
357.2366
302.21906
357.2366
pt
312.77042
340.65594
312.77042
340.65594
312.77042
340.65594
pt
305.9874
317.2923
305.9874
317.2923
305.9874
317.2923
pt
315.03152
318.04602
315.03152
318.04602
315.03152
318.04602
pt
321.81427
318.79965
321.81427
318.79965
321.81427
318.79965
pt
328.59726
321.81427
328.59726
321.81427
328.59726
321.81427
pt
341.40967
321.0606
341.40967
321.0606
341.40967
321.0606
pt
345.17786
319.55338
345.17786
319.55338
345.17786
319.55338
pt
336.13394
332.36566
336.13394
332.36566
336.13394
332.36566
pt
342.91702
326.3364
342.91702
326.3364
342.91702
326.3364
pt
348.19263
315.03152
348.19263
315.03152
348.19263
315.03152
pt
348.19263
308.24844
348.19263
308.24844
348.19263
308.24844
pt
342.16324
303.72653
342.16324
303.72653
342.16324
303.72653
pt
345.17786
312.0167
345.17786
312.0167
345.17786
312.0167
pt
336.88773
305.9874
336.88773
305.9874
336.88773
305.9874
pt
329.351
306.74112
329.351
306.74112
329.351
306.74112
pt
321.0606
314.27777
321.0606
314.27777
321.0606
314.27777
pt
325.58258
318.79965
325.58258
318.79965
325.58258
318.79965
pt
329.351
312.77042
329.351
312.77042
329.351
312.77042
pt
333.87296
311.26306
333.87296
311.26306
333.87296
311.26306
pt
336.88773
315.03152
336.88773
315.03152
336.88773
315.03152
pt
334.6266
319.55338
334.6266
319.55338
334.6266
319.55338
pt
329.351
319.55338
329.351
319.55338
329.351
319.55338
pt
326.3364
314.27777
326.3364
314.27777
326.3364
314.27777
pt
339.90234
311.26306
339.90234
311.26306
339.90234
311.26306
pt
345.17786
317.2923
345.17786
317.2923
345.17786
317.2923
pt
351.20728
302.9727
351.20728
302.9727
351.20728
302.9727
pt
356.4829
299.95807
356.4829
299.95807
356.4829
299.95807
pt
348.19263
299.20435
348.19263
299.20435
348.19263
299.20435
pt
333.87296
294.6825
333.87296
294.6825
333.87296
294.6825
pt
323.3218
297.69705
323.3218
297.69705
323.3218
297.69705
pt
316.53873
308.24844
316.53873
308.24844
316.53873
308.24844
pt
323.3218
307.49466
323.3218
307.49466
323.3218
307.49466
pt
318.79965
312.0167
318.79965
312.0167
318.79965
312.0167
pt
309.7557
308.24844
309.7557
308.24844
309.7557
308.24844
pt
317.2923
292.42142
317.2923
292.42142
317.2923
292.42142
pt
324.82907
288.65326
324.82907
288.65326
324.82907
288.65326
pt
313.52393
287.89944
313.52393
287.89944
313.52393
287.89944
pt
315.03152
280.36285
315.03152
280.36285
315.03152
280.36285
pt
330.1047
278.10187
330.1047
278.10187
330.1047
278.10187
pt
330.85825
271.3189
330.85825
271.3189
330.85825
271.3189
pt
317.2923
266.04327
317.2923
266.04327
317.2923
266.04327
pt
324.0753
256.99927
324.0753
256.99927
324.0753
256.99927
pt
323.3218
241.17229
323.3218
241.17229
323.3218
241.17229
pt
310.50946
247.2016
310.50946
247.2016
310.50946
247.2016
pt
299.95807
256.99927
299.95807
256.99927
299.95807
256.99927
pt
305.23373
244.94057
305.23373
244.94057
305.23373
244.94057
pt
293.1751
255.49194
293.1751
255.49194
293.1751
255.49194

running
20.0
4.0
false
pt
292.42142
263.0286
292.42142
263.0286
292.42142
263.0286
pt
295.43604
292.42142
295.43604
292.42142
295.43604
292.42142
pt
292.42142
308.24844
292.42142
308.24844
292.42142
308.24844
pt
292.42142
321.0606
292.42142
321.0606
292.42142
321.0606
pt
285.6385
329.351
285.6385
329.351
285.6385
329.351
pt
280.36285
342.91702
280.36285
342.91702
280.36285
342.91702
pt
272.82623
350.45358
272.82623
350.45358
272.82623
350.45358
pt
269.05792
365.52682
269.05792
365.52682
269.05792
365.52682
pt
274.33353
382.10742
274.33353
382.10742
274.33353
382.10742
pt
277.34818
358.7439
277.34818
358.7439
277.34818
358.7439
pt
276.5946
349.69983
276.5946
349.69983
276.5946
349.69983
pt
281.87015
347.43884
281.87015
347.43884
281.87015
347.43884
pt
284.13113
350.45358
284.13113
350.45358
284.13113
350.45358
pt
287.89944
347.43884
287.89944
347.43884
287.89944
347.43884
pt
284.13113
341.40967
284.13113
341.40967
284.13113
341.40967
pt
287.14578
334.6266
287.14578
334.6266
287.14578
334.6266
pt
293.1751
342.91702
293.1751
342.91702
293.1751
342.91702
pt
288.65326
355.7292
288.65326
355.7292
288.65326
355.7292
pt
280.36285
354.9756
280.36285
354.9756
280.36285
354.9756
pt
277.34818
366.28052
277.34818
366.28052
277.34818
366.28052
pt
284.13113
371.55612
284.13113
371.55612
284.13113
371.55612
pt
290.16046
368.54147
290.16046
368.54147
290.16046
368.54147
pt
293.9288
358.7439
293.9288
358.7439
293.9288
358.7439
pt
286.39227
369.2951
286.39227
369.2951
286.39227
369.2951
pt
292.42142
382.10742
292.42142
382.10742
292.42142
382.10742
pt
297.69705
394.166
297.69705
394.166
297.69705
394.166
pt
305.9874
398.688
305.9874
398.688
305.9874
398.688
pt
305.23373
391.15143
305.23373
391.15143
305.23373
391.15143
pt
314.27777
403.21
314.27777
403.21
314.27777
403.21
pt
326.3364
418.2833
326.3364
418.2833
326.3364
418.2833
pt
339.90234
422.05164
339.90234
422.05164
339.90234
422.05164
pt
325.58258
399.44162
325.58258
399.44162
325.58258
399.44162
pt
335.3803
402.4563
335.3803
402.4563
335.3803
402.4563
pt
346.68527
409.99292
346.68527
409.99292
346.68527
409.99292
pt
359.49762
417.52966
359.49762
417.52966
359.49762
417.52966
pt
373.81702
413.76123
373.81702
413.76123
373.81702
413.76123
pt
387.3831
396.4271
387.3831
396.4271
387.3831
396.4271
pt
397.9344
370.04877
397.9344
370.04877
397.9344
370.04877
pt
398.688
346.68527
398.688
346.68527
398.688
346.68527
pt
398.688
333.11942
398.688
333.11942
398.688
333.11942
pt
399.44162
300.7118
399.44162
300.7118
399.44162
300.7118
pt
396.4271
287.89944
396.4271
287.89944
396.4271
287.89944
pt
401.70273
294.6825
401.70273
294.6825
401.70273
294.6825
pt
406.22464
323.3218
406.22464
323.3218
406.22464
323.3218
pt
411.50024
340.65594
411.50024
340.65594
411.50024
340.65594
pt
421.29797
356.4829
421.29797
356.4829
421.29797
356.4829

running
20.0
4.0
false
pt
422.05164
366.28052
422.05164
366.28052
422.05164
366.28052
pt
418.2833
384.36844
418.2833
384.36844
418.2833
384.36844
pt
412.25388
394.91965
412.25388
394.91965
412.25388
394.91965
pt
415.26855
406.97827
415.26855
406.97827
415.26855
406.97827
pt
410.7466
417.52966
410.7466
417.52966
410.7466
417.52966
pt
403.21
420.54422
403.21
420.54422
403.21
420.54422
pt
407.73196
400.1954
407.73196
400.1954
407.73196
400.1954
pt
407.73196
382.86115
407.73196
382.86115
407.73196
382.86115
pt
410.7466
359.49762
410.7466
359.49762
410.7466
359.49762
pt
402.4563
370.04877
402.4563
370.04877
402.4563
370.04877
pt
398.688
392.6587
398.688
392.6587
398.688
392.6587
pt
392.6587
411.50024
392.6587
411.50024
392.6587
411.50024
pt
394.166
427.3273
394.166
427.3273
394.166
427.3273
pt
382.10742
407.73196
382.10742
407.73196
382.10742
407.73196
pt
378.33914
424.31268
378.33914
424.31268
378.33914
424.31268
pt
394.166
431.09567
394.166
431.09567
394.166
431.09567
pt
403.21
422.80542
403.21
422.80542
403.21
422.80542
pt
408.48566
412.25388
408.48566
412.25388
408.48566
412.25388
pt
401.70273
400.94907
401.70273
400.94907
401.70273
400.94907
pt
391.15143
394.91965
391.15143
394.91965
391.15143
394.91965
pt
387.3831
419.03702
387.3831
419.03702
387.3831
419.03702
pt
380.60016
423.55893
380.60016
423.55893
380.60016
423.55893
pt
379.09265
410.7466
379.09265
410.7466
379.09265
410.7466
pt
373.06348
421.29797
373.06348
421.29797
373.06348
421.29797
pt
396.4271
440.1394
396.4271
440.1394
396.4271
440.1394
pt
399.44162
446.1689
399.44162
446.1689
399.44162
446.1689
pt
413.0076
455.2129
413.0076
455.2129
413.0076
455.2129
pt
397.1806
455.9665
397.1806
455.9665
397.1806
455.9665
pt
378.33914
454.45917
378.33914
454.45917
378.33914
454.45917
pt
379.09265
446.1689
379.09265
446.1689
379.09265
446.1689
pt
374.57074
437.87848
374.57074
437.87848
374.57074
437.87848
pt
373.81702
442.40054
373.81702
442.40054
373.81702
442.40054
pt
370.04877
452.95193
370.04877
452.95193
370.04877
452.95193
pt
340.65594
458.22748
340.65594
458.22748
340.65594
458.22748
pt
341.40967
465.76404
341.40967
465.76404
341.40967
465.76404
pt
311.26306
444.66132
311.26306
444.66132
311.26306
444.66132
pt
296.94336
424.31268
296.94336
424.31268
296.94336
424.31268
pt
280.36285
405.471
280.36285
405.471
280.36285
405.471
pt
281.11658
417.52966
281.11658
417.52966
281.11658
417.52966
pt
291.6679
440.1394
291.6679
440.1394
291.6679
440.1394
pt
306.74112
461.24216
306.74112
461.24216
306.74112
461.24216
pt
287.89944
465.76404
287.89944
465.76404
287.89944
465.76404
pt
253.23102
448.42978
253.23102
448.42978
253.23102
448.42978
pt
217.80878
344.42426
216.3014
407.73196
219.31615
281.11658
pt
260.7676
241.92607
260.7676
241.92607
260.7676
241.92607
pt
75.36636
241.92607
75.36636
241.92607
75.36636
241.92607
pt
63.307755
247.2016
63.307755
247.2016
63.307755
247.2016
pt
52.002796
256.99927
52.002796
256.99927
52.002796
256.99927

satin
20.0
14.0
false
false
pt
48.234467
260.7676
48.234467
260.7676
48.234467
260.7676
pt
60.29307
260.7676
60.29307
260.7676
60.29307
260.7676
pt
47.480812
442.40054
47.480812
442.40054
47.480812
442.40054
pt
58.78576
441.64685
58.78576
441.64685
58.78576
441.64685

satin
20.0
14.0
true
false
pt
61.8004
259.2603
61.8004
259.2603
61.8004
259.2603
pt
48.98813
260.7676
48.98813
260.7676
48.98813
260.7676
pt
61.046745
443.9078
61.046745
443.9078
61.046745
443.9078
pt
46.727127
443.9078
46.727127
443.9078
46.727127
443.9078

running
20.0
9.0
false
pt
61.046745
254.7383
61.046745
254.7383
61.046745
254.7383
pt
67.07606
253.23102
67.07606
253.23102
67.07606
253.23102
pt
67.82973
247.95529
67.82973
247.95529
67.82973
247.95529
pt
128.87648
247.95529
128.87648
247.95529
128.87648
247.95529
pt
128.12283
253.98453
128.12283
253.98453
128.12283
253.98453
pt
135.65945
253.23102
135.65945
253.23102
135.65945
253.23102
pt
136.41312
247.95529
136.41312
247.95529
136.41312
247.95529
pt
202.7355
248.70897
202.7355
248.70897
202.7355
248.70897
pt
202.7355
253.98453
202.7355
253.98453
202.7355
253.98453
pt
206.5038
253.98453
206.5038
253.98453
206.5038
253.98453
pt
207.25749
248.70897
207.25749
248.70897
207.25749
248.70897
pt
243.43338
249.46257
243.43338
249.46257
243.43338
249.46257
pt
244.18698
254.7383
244.18698
254.7383
244.18698
254.7383
pt
64.06142
253.23102
64.06142
253.23102
64.06142
253.23102
pt
64.06142
271.3189
64.06142
271.3189
64.06142
271.3189

running
25.0
9.0
false
pt
69.33704
271.3189
69.33704
271.3189
69.33704
271.3189
pt
69.33704
286.39227
69.33704
286.39227
69.33704
286.39227
pt
70.09071
279.60916
70.09071
279.60916
70.09071
279.60916
pt
76.873665
278.10187
76.873665
278.10187
76.873665
278.10187
pt
76.873665
271.3189
76.873665
271.3189
76.873665
271.3189
pt
76.873665
286.39227
76.873665
286.39227
76.873665
286.39227
pt
82.903015
286.39227
82.903015
287.14578
82.903015
285.6385
pt
88.17866
286.39227
88.17866
286.39227
88.17866
286.39227
pt
91.946945
283.3775
91.946945
283.3775
91.946945
283.3775
pt
88.9323
280.36285
88.9323
280.36285
88.9323
280.36285
pt
83.65665
278.8555
83.65665
278.8555
83.65665
278.8555
pt
90.43963
278.8555
90.43963
278.8555
90.43963
278.8555
pt
91.946945
275.84094
91.946945
275.84094
91.946945
275.84094
pt
89.685974
272.0725
89.685974
272.0725
89.685974
272.0725
pt
82.903015
271.3189
82.903015
271.3189
82.903015
271.3189
pt
82.903015
286.39227
82.903015
286.39227
82.903015
286.39227
pt
99.4836
285.6385
99.4836
285.6385
99.4836
285.6385
pt
104.00559
285.6385
104.00559
285.6385
104.00559
285.6385
pt
107.77392
282.62378
107.77392
282.62378
107.77392
282.62378
pt
105.51291
277.34818
105.51291
277.34818
105.51291
277.34818
pt
100.23727
279.60916
100.23727
279.60916
100.23727
279.60916
pt
99.4836
271.3189
99.4836
271.3189
99.4836
271.3189
pt
108.52755
271.3189
108.52755
271.3189
108.52755
271.3189
pt
116.817825
271.3189
116.817825
271.3189
116.817825
271.3189
pt
122.09349
275.0872
122.09349
275.0872
122.09349
275.0872
pt
112.29584
282.62378
112.29584
282.62378
112.29584
282.62378
pt
116.817825
285.6385
116.817825
285.6385
116.817825
285.6385
pt
119.832504
282.62378
119.832504
282.62378
119.832504
282.62378
pt
113.04953
275.84094
113.04953
275.84094
113.04953
275.84094
pt
120.58614
271.3189
120.58614
271.3189
120.58614
271.3189
pt
129.63016
271.3189
129.63016
271.3189
129.63016
271.3189
pt
134.15211
274.33353
134.15211
274.33353
134.15211
274.33353
pt
125.10812
282.62378
125.10812
282.62378
125.10812
282.62378
pt
129.63016
285.6385
129.63016
285.6385
129.63016
285.6385
pt
134.15211
281.87015
134.15211
281.87015
134.15211
281.87015
pt
126.61551
274.33353
126.61551
274.33353
126.61551
274.33353
pt
131.89108
271.3189
131.89108
272.0725
131.89108
270.56522
pt
146.9644
272.0725
146.9644
272.0725
146.9644
272.0725
pt
139.42775
272.0725
139.42775
272.0725
139.42775
272.0725

running
25.0
9.0
false
pt
140.18143
278.8555
140.18143
278.8555
140.18143
278.8555
pt
143.94972
277.34818
143.94972
277.34818
143.94972
277.34818
pt
147.71802
282.62378
147.71802
282.62378
147.71802
282.62378
pt
140.93507
286.39227
140.93507
286.39227
140.93507
286.39227
pt
137.92047
286.39227
137.92047
286.39227
137.92047
286.39227
pt
152.24
285.6385
152.24
285.6385
152.24
285.6385
pt
156.76196
285.6385
156.76196
285.6385
156.76196
285.6385
pt
159.77669
282.62378
159.77669
282.62378
159.77669
282.62378
pt
158.26936
277.34818
158.26936
277.34818
158.26936
277.34818
pt
153.74733
278.8555
153.74733
278.8555
153.74733
278.8555
pt
153.74733
271.3189
153.74733
271.3189
153.74733
271.3189
pt
160.5303
271.3189
160.5303
271.3189
160.5303
271.3189
pt
165.80603
275.0872
165.80603
275.0872
165.80603
275.0872

running
25.0
9.0
false
pt
165.80603
275.0872
165.80603
275.0872
165.80603
275.0872
pt
170.32797
272.0725
170.32797
272.0725
170.32797
272.0725
pt
174.09631
275.84094
174.09631
275.84094
174.09631
275.84094
pt
169.57434
280.36285
169.57434
280.36285
169.57434
280.36285
pt
166.55971
285.6385
166.55971
285.6385
166.55971
285.6385
pt
174.09631
285.6385
174.09631
285.6385
174.09631
285.6385

running
25.0
9.0
false
pt
174.09631
285.6385
174.09631
285.6385
174.09631
285.6385
pt
185.40121
285.6385
185.40121
285.6385
185.40121
285.6385
pt
185.40121
273.57983
185.40121
273.57983
185.40121
273.57983
pt
186.1549
280.36285
186.1549
280.36285
186.1549
280.36285
pt
179.37195
281.11658
179.37195
281.11658
179.37195
281.11658
pt
179.37195
271.3189
179.37195
271.3189
179.37195
271.3189
pt
179.37195
281.11658
179.37195
281.11658
179.37195
281.11658
pt
189.16957
281.11658
189.16957
281.11658
189.16957
281.11658
pt
192.93787
285.6385
192.93787
285.6385
192.93787
285.6385
pt
200.47453
286.39227
200.47453
286.39227
200.47453
286.39227
pt
192.18422
286.39227
192.18422
286.39227
192.18422
286.39227
pt
193.69154
281.87015
193.69154
281.87015
193.69154
281.87015
pt
199.72081
278.10187
199.72081
278.10187
199.72081
278.10187
pt
199.72081
273.57983
199.72081
273.57983
199.72081
273.57983
pt
196.70624
272.0725
196.70624
272.0725
196.70624
272.0725
pt
191.43057
275.84094
191.43057
275.84094
191.43057
275.84094
pt
192.93787
271.3189
192.93787
271.3189
192.93787
271.3189
pt
209.51851
272.0725
209.51851
272.0725
209.51851
272.0725
pt
218.56245
272.0725
218.56245
272.0725
218.56245
272.0725
pt
214.04048
272.0725
214.04048
272.0725
214.04048
272.0725
pt
214.79408
284.88504
214.79408
284.88504
214.79408
284.88504
pt
218.56245
284.88504
218.56245
284.88504
218.56245
284.88504
pt
69.33704
287.89944
69.33704
287.89944
69.33704
287.89944
pt
69.33704
308.24844
69.33704
308.24844
69.33704
308.24844
pt
74.61272
308.24844
74.61272
308.24844
74.61272
308.24844
pt
77.627365
304.48
77.627365
304.48
77.627365
304.48
pt
74.61272
300.7118
74.61272
300.7118
74.61272
300.7118
pt
68.58338
300.7118
68.58338
300.7118
68.58338
300.7118
pt
77.627365
298.45087
77.627365
298.45087
77.627365
298.45087
pt
75.36636
293.9288
75.36636
293.9288
75.36636
293.9288
pt
70.09071
293.9288
70.09071
293.9288
70.09071
293.9288
pt
78.38098
293.9288
78.38098
293.9288
78.38098
293.9288
pt
82.903015
297.69705
82.903015
297.69705
82.903015
297.69705
pt
86.67132
293.9288
86.67132
293.9288
86.67132
293.9288
pt
91.1933
296.1898
91.1933
296.1898
91.1933
296.1898
pt
88.9323
301.46545
88.9323
301.46545
88.9323
301.46545
pt
83.65665
304.48
83.65665
304.48
83.65665
304.48
pt
83.65665
307.49466
83.65665
307.49466
83.65665
307.49466
pt
90.43963
308.24844
90.43963
308.24844
90.43963
308.24844

running
25.0
9.0
false
pt
91.946945
309.00195
91.946945
309.00195
91.946945
309.00195
pt
112.29584
327.09006
112.29584
327.09006
112.29584
327.09006

satin
25.0
15.0
false
false
pt
118.325165
330.85825
118.325165
330.85825
118.325165
330.85825
pt
110.78856
326.3364
110.78856
326.3364
110.78856
326.3364
pt
155.25473
325.58258
135.65945
309.00195
174.41432
341.79468
pt
160.5303
318.79965
135.53528
297.85794
188.41594
342.16324
pt
156.00835
361.7585
156.00835
361.7585
156.00835
361.7585
pt
161.28401
370.04877
161.28401
370.04877
161.28401
370.04877
pt
119.832504
358.7439
135.65945
378.33914
104.00559
339.14868
pt
110.78856
363.2657
125.45785
391.6876
98.72991
339.90234
pt
118.325165
330.1047
118.325165
330.1047
118.325165
330.1047
pt
111.54223
328.59726
111.54223
328.59726
111.54223
328.59726

running
105.0
10.0
false
pt
124.0
331.0
124.0
331.0
124.0
331.0
pt
118.325165
342.16324
118.325165
342.16324
118.325165
342.16324
pt
126.0
338.0
126.0
338.0
126.0
338.0
pt
128.0
333.0
128.0
333.0
128.0
333.0
pt
135.0
334.0
135.0
334.0
135.0
334.0
pt
135.0
326.0
135.0
326.0
135.0
326.0
pt
146.0
327.0
146.0
327.0
146.0
327.0
pt
140.0
329.0
140.0
329.0
140.0
329.0
pt
146.0
332.0
146.0
332.0
146.0
332.0
pt
156.0
335.0
156.0
335.0
156.0
335.0
pt
153.0
355.0
153.0
355.0
153.0
355.0
pt
149.0
337.0
149.0
337.0
149.0
337.0
pt
143.0
356.0
143.0
356.0
143.0
356.0
pt
143.0
339.0
143.0
339.0
143.0
339.0
pt
138.0
357.0
138.0
357.0
138.0
357.0
pt
136.0
339.0
136.0
339.0
136.0
339.0
pt
134.0
354.0
134.0
354.0
134.0
354.0
pt
130.0
343.0
130.0
343.0
130.0
343.0

satin
25.0
10.0
false
false
pt
125.10812
342.91702
125.10812
342.91702
125.10812
342.91702
pt
116.0642
343.67053
116.0642
343.67053
116.0642
343.67053
pt
128.12283
353.46817
128.12283
353.46817
128.12283
353.46817
pt
125.861824
361.7585
125.861824
361.7585
125.861824
361.7585
pt
134.90585
360.25113
134.90585
360.25113
134.90585
360.25113
pt
136.41312
364.0195
136.41312
364.0195
136.41312
364.0195

satin
25.0
10.0
false
false
pt
144.7034
360.25113
144.7034
360.25113
144.7034
360.25113
pt
140.93507
364.7732
140.93507
364.7732
140.93507
364.7732
pt
149.97903
352.71463
149.97903
352.71463
149.97903
352.71463
pt
153.74733
361.00482
153.74733
361.00482
153.74733
361.00482
pt
151.48634
339.90234
151.48634
339.90234
151.48634
339.90234
pt
159.77669
341.40967
159.77669
341.40967
159.77669
341.40967

running
25.0
10.0
false
pt
161.28401
339.14868
161.28401
339.14868
161.28401
339.14868
pt
131.89108
321.81427
158.26936
315.78497
105.51291
327.84375
pt
118.325165
354.22183
118.325165
354.22183
118.325165
354.22183
pt
146.9644
365.52682
122.84714
373.06348
171.08162
357.99026
pt
160.5303
339.90234
160.5303
339.90234
160.5303
339.90234
pt
171.83527
338.39496
171.83527
338.39496
171.83527
338.39496
pt
143.94972
376.83188
177.11092
373.81702
110.78856
379.8465
pt
104.759254
348.94614
104.759254
348.94614
104.759254
348.94614
pt
131.89108
311.26306
102.49823
317.2923
161.28401
305.23373
pt
172.58893
335.3803
172.58893
335.3803
172.58893
335.3803
pt
173.34264
343.67053
173.34264
343.67053
173.34264
343.67053
pt
168.06697
362.51212
168.06697
362.51212
168.06697
362.51212
pt
150.73273
375.32437
150.73273
375.32437
150.73273
375.32437
pt
137.16676
378.33914
137.16676
378.33914
137.16676
378.33914
pt
136.41312
394.91965
136.41312
394.91965
136.41312
394.91965
pt
186.1549
393.41248
186.1549
393.41248
186.1549
393.41248
pt
89.685974
394.91965
89.685974
394.91965
89.685974
394.91965
pt
136.41312
397.1806
136.41312
397.1806
136.41312
397.1806
pt
136.41312
400.1954
136.41312
400.1954
136.41312
400.1954
pt
76.873665
400.1954
76.873665
400.1954
76.873665
400.1954
pt
201.98184
401.70273
201.98184
401.70273
201.98184
401.70273
pt
135.65945
403.96368
135.65945
403.96368
135.65945
403.96368
pt
135.65945
413.0076
135.65945
413.0076
135.65945
413.0076
pt
128.87648
419.79065
128.87648
419.79065
128.87648
419.79065
pt
119.832504
418.2833
119.832504
418.2833
119.832504
418.2833
pt
122.09349
412.25388
122.09349
412.25388
122.09349
412.25388
pt
107.77392
419.79065
107.77392
419.79065
107.77392
419.79065
pt
92.70061
419.79065
92.70061
419.79065
92.70061
419.79065
pt
101.74457
409.99292
101.74457
409.99292
101.74457
409.99292
pt
93.454254
414.51498
93.454254
414.51498
93.454254
414.51498
pt
86.67132
415.26855
86.67132
415.26855
86.67132
415.26855
pt
86.67132
419.79065
86.67132
419.79065
86.67132
419.79065
pt
91.1933
410.7466
91.1933
410.7466
91.1933
410.7466
pt
102.49823
415.26855
102.49823
415.26855
102.49823
415.26855
pt
112.29584
416.02237
112.29584
416.02237
112.29584
416.02237
pt
130.3838
417.52966
130.3838
417.52966
130.3838
417.52966
pt
140.93507
417.52966
140.93507
417.52966
140.93507
417.52966
pt
149.97903
411.50024
149.97903
411.50024
149.97903
411.50024
pt
143.94972
419.03702
143.94972
419.03702
143.94972
419.03702
pt
153.74733
417.52966
153.74733
417.52966
153.74733
417.52966
pt
165.80603
416.02237
165.80603
416.02237
165.80603
416.02237
pt
164.29863
409.99292
164.29863
409.99292
164.29863
409.99292
pt
157.51576
413.76123
157.51576
413.76123
157.51576
413.76123
pt
159.02301
420.54422
159.02301
420.54422
159.02301
420.54422
pt
171.83527
418.2833
171.83527
418.2833
171.83527
418.2833
pt
183.89389
419.03702
183.89389
419.03702
183.89389
419.03702
pt
186.90851
416.7761
186.90851
416.7761
186.90851
416.7761
pt
180.12556
418.2833
180.12556
418.2833
180.12556
418.2833
pt
183.89389
411.50024
183.89389
411.50024
183.89389
411.50024
pt
176.35732
418.2833
176.35732
418.2833
176.35732
418.2833
pt
165.05235
419.03702
165.05235
419.03702
165.05235
419.03702
pt
171.83527
409.99292
171.83527
409.99292
171.83527
409.99292
pt
169.57434
417.52966
169.57434
417.52966
169.57434
417.52966
pt
165.05235
430.34186
165.05235
430.34186
165.05235
430.34186
pt
176.35732
430.34186
176.35732
430.34186
176.35732
430.34186
pt
100.23727
428.83453
100.23727
428.83453
100.23727
428.83453
pt
100.23727
432.6028
100.23727
432.6028
100.23727
432.6028
pt
226.09906
431.84918
226.09906
431.84918
226.09906
431.84918
pt
226.09906
425.81992
226.09906
425.81992
226.09906
425.81992
pt
203.48914
425.81992
203.48914
425.81992
203.48914
425.81992
pt
203.48914
431.84918
203.48914
431.84918
203.48914
431.84918
pt
205.75012
437.87848
205.75012
437.87848
205.75012
437.87848
pt
222.33066
437.87848
222.33066
437.87848
222.33066
437.87848
pt
226.09906
431.84918
226.09906
431.84918
226.09906
431.84918
pt
226.85268
437.1249
226.85268
437.1249
226.85268
437.1249
pt
223.08446
443.15424
223.08446
443.15424
223.08446
443.15424
pt
204.99646
443.9078
204.99646
443.9078
204.99646
443.9078
pt
202.7355
437.1249
202.7355
437.1249
202.7355
437.1249
pt
194.4452
443.9078
194.4452
443.9078
194.4452
443.9078

running
25.0
10.0
false
pt
195.1988
447.67615
195.1988
447.67615
195.1988
447.67615
pt
189.16957
440.1394
189.16957
440.1394
189.16957
440.1394
pt
174.84991
437.87848
174.84991
437.87848
174.84991
437.87848
pt
159.02301
440.89316
159.02301
440.89316
159.02301
440.89316
pt
152.24
446.92255
152.24
446.92255
152.24
446.92255
pt
152.24
458.98117
152.24
458.98117
152.24
458.98117
pt
162.79129
465.76404
162.79129
465.76404
162.79129
465.76404
pt
173.34264
466.5178
173.34264
466.5178
173.34264
466.5178
pt
177.8646
462.7493
177.8646
462.7493
177.8646
462.7493
pt
177.11092
448.42978
177.11092
448.42978
177.11092
448.42978
pt
174.84991
437.1249
174.84991
437.1249
174.84991
437.1249
pt
168.82066
440.89316
168.82066
440.89316
168.82066
440.89316
pt
168.82066
459.73486
168.82066
459.73486
168.82066
459.73486
pt
174.09631
467.2713
164.29863
467.2713
183.89389
467.2713
pt
189.92325
463.50317
189.92325
464.2568
189.92325
462.7493
pt
195.1988
455.2129
195.1988
455.2129
195.1988
455.2129
pt
195.95251
451.4444
195.95251
451.4444
195.95251
451.4444
pt
192.93787
443.9078
192.93787
443.9078
192.93787
443.9078
pt
182.3866
437.87848
182.3866
437.87848
182.3866
437.87848
pt
167.3133
436.3712
167.3133
436.3712
167.3133
436.3712
pt
153.74733
442.40054
153.74733
442.40054
153.74733
442.40054
pt
149.22543
449.18335
149.22543
449.18335
149.22543
449.18335
pt
146.9644
460.48853
146.9644
460.48853
146.9644
460.48853
pt
137.92047
467.2713
137.92047
467.2713
137.92047
467.2713
pt
123.6008
468.77878
123.6008
468.77878
123.6008
468.77878
pt
112.29584
467.2713
112.29584
467.2713
112.29584
467.2713
pt
104.759254
461.24216
104.759254
461.24216
104.759254
461.24216
pt
101.74457
451.4444
101.74457
451.4444
101.74457
451.4444
pt
107.02024
441.64685
107.02024
441.64685
107.02024
441.64685
pt
113.80322
437.87848
113.80322
437.87848
113.80322
437.87848
pt
126.61551
437.1249
126.61551
437.87848
126.61551
436.3712
pt
130.3838
440.89316
130.3838
440.89316
130.3838
440.89316
pt
130.3838
461.99582
130.3838
461.99582
130.3838
461.99582
pt
128.87648
465.0104
128.87648
465.0104
128.87648
465.0104
pt
126.61551
467.2713
126.61551
467.2713
126.61551
467.2713
pt
120.58614
462.7493
120.58614
462.7493
120.58614
462.7493
pt
119.832504
442.40054
119.832504
442.40054
119.832504
442.40054
pt
122.84714
438.6323
122.84714
438.6323
122.84714
438.6323
pt
131.89108
437.1249
131.89108
437.1249
131.89108
437.1249
pt
141.68875
439.38583
141.68875
439.38583
141.68875
439.38583
pt
147.71802
444.66132
147.71802
444.66132
147.71802
444.66132
pt
148.47168
453.70535
148.47168
453.70535
148.47168
453.70535
pt
140.93507
465.76404
140.93507
465.76404
140.93507
465.76404
pt
132.6448
468.0252
132.6448
468.0252
132.6448
468.0252
pt
116.0642
468.77878
116.0642
468.77878
116.0642
468.77878
pt
109.28123
467.2713
109.28123
467.2713
109.28123
467.2713
pt
74.61272
466.5178
74.61272
466.5178
74.61272
466.5178
pt
83.65665
462.7493
83.65665
462.7493
83.65665
462.7493
pt
83.65665
455.2129
83.65665
455.2129
83.65665
455.2129
pt
83.65665
448.42978
83.65665
448.42978
83.65665
448.42978
pt
79.13468
442.40054
79.13468
442.40054
79.13468
442.40054
pt
73.85901
441.64685
73.85901
441.64685
73.85901
441.64685
pt
82.903015
439.38583
82.903015
439.38583
82.903015
439.38583
pt
88.9323
435.61755
88.9323
435.61755
88.9323
435.61755
pt
100.23727
436.3712
100.23727
436.3712
100.23727
436.3712
pt
100.99092
459.73486
100.99092
459.73486
100.99092
459.73486
pt
101.74457
461.99582
101.74457
461.99582
101.74457
461.99582
pt
107.02024
467.2713
107.02024
467.2713
107.02024
467.2713

running
25.0
10.0
false
pt
119.07887
469.53235
119.07887
469.53235
119.07887
469.53235
pt
138.67409
467.2713
138.67409
467.2713
138.67409
467.2713
pt
149.97903
449.18335
149.97903
449.18335
149.97903
449.18335
pt
154.50098
459.73486
154.50098
459.73486
154.50098
459.73486
pt
164.29863
465.0104
164.29863
465.0104
164.29863
465.0104
pt
180.87926
465.0104
180.87926
465.0104
180.87926
465.0104
pt
192.18422
461.24216
192.18422
461.24216
192.18422
461.24216
pt
195.1988
450.69083
195.1988
450.69083
195.1988
450.69083
pt
196.70624
448.42978
196.70624
448.42978
196.70624
448.42978

satin
25.0
12.0
false
false
pt
198.21355
449.18335
198.21355
449.18335
198.21355
449.18335
pt
214.79408
449.18335
214.79408
449.18335
214.79408
449.18335
pt
193.69154
461.24216
193.69154
461.24216
193.69154
461.24216
pt
214.79408
462.7493
214.79408
462.7493
214.79408
462.7493
pt
187.66219
468.77878
187.66219
468.77878
187.66219
468.77878
pt
212.53307
474.80804
212.53307
474.80804
212.53307
474.80804
pt
177.8646
471.0398
177.8646
471.0398
177.8646
471.0398
pt
180.87926
475.5617
180.87926
475.5617
180.87926
475.5617
pt
162.79129
468.77878
162.79129
468.77878
162.79129
468.77878
pt
160.5303
475.5617
160.5303
475.5617
160.5303
475.5617
pt
149.97903
457.47372
149.97903
457.47372
149.97903
457.47372
pt
149.97903
476.3155
149.97903
476.3155
149.97903
476.3155
pt
136.41312
468.77878
136.41312
468.77878
136.41312
468.77878
pt
136.41312
475.5617
136.41312
475.5617
136.41312
475.5617
pt
74.61272
468.0252
74.61272
468.0252
74.61272
468.0252
pt
70.844376
476.3155
70.844376
476.3155
70.844376
476.3155
pt
56.524765
470.28607
56.524765
470.28607
56.524765
470.28607
pt
61.046745
471.79337
61.046745
471.79337
61.046745
471.79337

satin
25.0
12.0
true
false
pt
80.642006
449.9372
80.642006
449.9372
80.642006
449.9372
pt
48.0
444.0
48.0
444.0
48.0
444.0
pt
77.0
464.0
77.0
464.0
77.0
464.0
pt
61.0
465.0
61.0
465.0
61.0
465.0

running
25.0
8.0
false
pt
64.307755
443.66132
64.307755
443.66132
64.307755
443.66132
pt
71.09071
445.1689
71.09071
445.1689
71.09071
445.1689
pt
83.14932
445.92255
83.14932
445.92255
83.14932
445.92255
pt
74.10535
440.64685
74.10535
440.64685
74.10535
440.64685
pt
83.14932
438.38583
83.14932
438.38583
83.14932
438.38583
pt
89.9323
433.86383
89.9323
433.86383
89.9323
433.86383
pt
100.4836
433.86383
100.4836
433.86383
100.4836
433.86383
pt
101.237274
446.67615
101.237274
446.67615
101.237274
446.67615
pt
111.03485
436.87848
111.03485
436.87848
111.03485
436.87848
pt
119.325165
434.61755
119.325165
434.61755
119.325165
434.61755
pt
138.92047
436.1249
138.92047
436.1249
138.92047
436.1249
pt
145.7034
440.64685
145.7034
440.64685
145.7034
440.64685
pt
150.22543
445.1689
150.22543
445.1689
150.22543
445.1689
pt
158.51576
439.89316
158.51576
439.89316
158.51576
439.89316
pt
175.09631
436.1249
175.09631
436.1249
175.09631
436.1249
pt
184.89389
439.1394
184.89389
439.1394
184.89389
439.1394
pt
193.93787
444.41534
193.93787
444.41534
193.93787
444.41534
pt
197.70624
446.67615
197.70624
446.67615
197.70624
446.67615
pt
257.99927
446.67615
257.99927
446.67615
257.99927
446.67615
pt
276.0872
462.50317
276.0872
462.50317
276.0872
462.50317
pt
281.0
474.0
281.0
474.0
281.0
474.0

satin
20.0
12.0
false
false
pt
281.0
476.0
281.0
476.0
281.0
476.0
pt
276.0
463.0
276.0
463.0
276.0
463.0
pt
261.0
466.0
261.0
466.0
261.0
466.0
pt
259.0
446.0
259.0
446.0
259.0
446.0
pt
214.0
477.0
214.0
477.0
214.0
477.0
pt
215.0
446.0
215.0
446.0
215.0
446.0

running
25.0
8.0
false
pt
235.89668
476.57648
235.89668
476.57648
235.89668
476.57648
pt
47.480812
476.57648
47.480812
476.57648
47.480812
476.57648
pt
48.234467
458.48853
48.234467
458.48853
48.234467
458.48853
pt
52.756454
464.5178
52.756454
464.5178
52.756454
464.5178
pt
58.0321
469.79337
58.0321
469.79337
58.0321
469.79337
pt
65.568726
474.3155
65.568726
474.3155
65.568726
474.3155
pt
52.002796
474.3155
52.002796
474.3155
52.002796
474.3155
pt
51.249115
466.77878
51.249115
466.77878
51.249115
466.77878
pt
55.771114
471.30066
55.771114
471.30066
55.771114
471.30066
pt
55.771114
460.7493
55.771114
460.7493
55.771114
460.7493
pt
45.973473
442.66132
45.973473
442.66132
45.973473
442.66132
pt
46.727127
235.40402
46.727127
235.40402
46.727127
235.40402
pt
47.480812
450.19812
47.480812
450.19812
47.480812
450.19812
pt
51.249115
458.48853
51.249115
458.48853
51.249115
458.48853
pt
62.55406
467.53235
62.55406
467.53235
62.55406
467.53235
pt
73.85901
476.57648
73.85901
476.57648
73.85901
476.57648
pt
404.71738
475.8226
404.71738
475.8226
404.71738
475.8226
pt
408.48566
465.2713
408.48566
465.2713
408.48566
465.2713

satin
25.0
12.0
true
false
pt
407.73196
447.67615
407.73196
447.67615
407.73196
447.67615
pt
416.02237
455.2129
416.02237
455.2129
416.02237
455.2129
pt
681.3119
446.1689
681.3119
446.1689
681.3119
446.1689
pt
681.3119
452.95193
681.3119
452.95193
681.3119
452.95193
pt
694.12415
441.64685
694.12415
441.64685
694.12415
441.64685
pt
689.60223
453.70535
689.60223
453.70535
689.60223
453.70535
pt
706.1827
426.57364
706.1827
426.57364
706.1827
426.57364
pt
691.8631
458.98117
691.8631
458.98117
691.8631
458.98117
pt
706.93634
445.41534
706.93634
445.41534
706.93634
445.41534
pt
690.3557
464.2568
690.3557
464.2568
690.3557
464.2568
pt
693.37054
471.79337
706.93634
464.2568
679.8047
479.33002
pt
681.3119
465.76404
681.3119
465.76404
681.3119
465.76404
pt
564.494
474.80804
564.494
474.80804
564.494
474.80804
pt
563.7403
465.76404
563.7403
465.76404
563.7403
465.76404
pt
406.97827
476.3155
406.97827
476.3155
406.97827
476.3155
pt
411.50024
467.2713
411.50024
467.2713
411.50024
467.2713
pt
431.84918
463.50317
431.84918
463.50317
431.84918
463.50317

satin
25.0
20.0
false
false
pt
408.48566
468.77878
408.48566
468.77878
408.48566
468.77878
pt
397.1806
465.76404
397.1806
465.76404
397.1806
465.76404
pt
415.26855
467.2713
415.26855
467.2713
415.26855
467.2713
pt
409.23938
455.9665
409.23938
455.9665
409.23938
455.9665
pt
689.60223
467.2713
689.60223
467.2713
689.60223
467.2713
pt
689.60223
455.9665
689.60223
455.9665
689.60223
455.9665

satin
20.0
12.0
true
false
pt
707.44366
253.47726
707.44366
253.47726
707.44366
253.47726
pt
694.63135
254.98453
694.63135
254.98453
694.63135
254.98453
pt
706.6901
438.1249
706.6901
438.1249
706.6901
438.1249
pt
692.37054
438.1249
692.37054
438.1249
692.37054
438.1249

satin
20.0
12.0
false
false
pt
707.44366
247.47726
707.44366
247.47726
707.44366
247.47726
pt
694.63135
248.98453
694.63135
248.98453
694.63135
248.98453
pt
706.0
438.0
706.0
438.0
706.0
438.0
pt
692.0
437.0
692.0
437.0
692.0
437.0

running
25.0
13.0
false
pt
706.93634
439.38583
706.93634
439.38583
706.93634
439.38583
pt
706.93634
236.65033
706.93634
236.65033
706.93634
236.65033
pt
707.6901
216.3014
707.6901
216.3014
707.6901
216.3014
pt
706.93634
250.96997
706.93634
250.96997
706.93634
250.96997
pt
694.12415
252.47726
694.12415
252.47726
694.12415
252.47726
pt
688.8485
244.94057
688.8485
244.94057
688.8485
244.94057
pt
673.77545
242.67964
673.77545
242.67964
673.77545
242.67964
pt
409.99292
241.92607
409.99292
241.92607
409.99292
241.92607
pt
546.406
240.4186
546.406
240.4186
546.406
240.4186
pt
547.15967
246.44803
547.15967
246.44803
547.15967
246.44803
pt
513.24506
246.44803
513.24506
246.44803
513.24506
246.44803
pt
513.99854
255.49194
513.99854
255.49194
513.99854
255.49194
pt
581.8283
254.7383
581.8283
254.7383
581.8283
254.7383
pt
581.8283
246.44803
581.8283
246.44803
581.8283
246.44803
pt
559.9721
246.44803
559.9721
246.44803
559.9721
246.44803
pt
558.4647
253.98453
558.4647
253.98453
558.4647
253.98453
pt
534.3477
255.49194
534.3477
255.49194
534.3477
255.49194
pt
533.5938
244.18698
533.5938
244.18698
533.5938
244.18698
pt
546.406
251.72365
546.406
251.72365
546.406
251.72365
pt
546.406
259.2603
546.406
259.2603
546.406
259.2603
pt
548.66705
274.33353
548.66705
274.33353
548.66705
274.33353
pt
565.24756
272.0725
565.24756
272.0725
565.24756
272.0725
pt
658.702
277.34818
658.702
277.34818
658.702
277.34818
pt
660.2094
258.50653
660.2094
258.50653
660.2094
258.50653
pt
431.84918
255.49194
431.84918
255.49194
431.84918
255.49194
pt
433.3564
272.0725
433.3564
272.0725
433.3564
272.0725
pt
439.38583
275.84094
439.38583
275.84094
439.38583
275.84094
pt
535.8548
273.57983
535.8548
273.57983
535.8548
273.57983
pt
544.8989
268.30423
544.8989
268.30423
544.8989
268.30423
pt
544.145
275.84094
544.145
275.84094
544.145
275.84094
pt
626.29425
277.34818
626.29425
277.34818
626.29425
277.34818
pt
637.5993
293.1751
637.5993
293.1751
637.5993
293.1751
pt
495.91058
292.42142
495.91058
292.42142
495.91058
292.42142
pt
464.2568
293.1751
464.2568
293.1751
464.2568
293.1751
pt
458.98117
284.88504
458.98117
284.88504
458.98117
284.88504
pt
461.24216
278.10187
461.24216
278.10187
461.24216
278.10187
pt
498.17154
272.82623
498.17154
272.82623
498.17154
272.82623
pt
504.95453
275.84094
504.95453
275.84094
504.95453
275.84094
pt
495.91058
291.6679
495.91058
291.6679
495.91058
291.6679
pt
507.96906
308.24844
507.96906
308.24844
507.96906
308.24844
pt
500.4325
313.52393
500.4325
313.52393
500.4325
313.52393
pt
511.7376
306.74112
511.7376
306.74112
511.7376
306.74112
pt
511.7376
371.55612
511.7376
371.55612
511.7376
371.55612
pt
516.2595
377.58536
516.2595
377.58536
516.2595
377.58536
pt
501.18643
378.33914
501.18643
378.33914
501.18643
378.33914
pt
506.46204
371.55612
506.46204
371.55612
506.46204
371.55612
pt
505.70822
315.03152
505.70822
315.03152
505.70822
315.03152
pt
519.27386
305.23373
519.27386
305.23373
519.27386
305.23373
pt
538.8697
302.9727
538.8697
302.9727
538.8697
302.9727
pt
547.15967
307.49466
547.15967
307.49466
547.15967
307.49466
pt
556.20374
336.13394
553.94293
304.48
558.4647
367.78778
pt
538.8697
379.8465
552.4355
378.33914
525.30365
381.3538
pt
521.5352
341.40967
524.5498
363.2657
518.5206
319.55338
pt
544.145
304.48
533.0599
306.6971
547.91327
303.72653
pt
545.65247
341.40967
545.65247
339.90234
545.65247
342.91702
pt
541.13043
377.58536
550.928
374.57074
531.3327
380.60016
pt
532.8401
362.51212
533.5938
376.83188
532.08655
348.19263
pt
532.08655
318.79965
532.08655
318.79965
532.08655
318.79965
pt
535.10126
309.00195
535.10126
309.00195
535.10126
309.00195
pt
542.6378
301.46545
542.6378
301.46545
542.6378
301.46545
pt
550.928
312.77042
550.928
312.77042
550.928
312.77042
pt
554.69635
326.3364
554.69635
326.3364
554.69635
326.3364
pt
556.20374
345.93155
556.20374
345.93155
556.20374
345.93155

running
25.0
13.0
false
pt
562.9869
342.16324
562.9869
342.16324
562.9869
342.16324
pt
564.494
328.59726
564.494
328.59726
564.494
328.59726
pt
565.24756
318.04602
565.24756
318.04602
565.24756
318.04602
pt
572.78455
307.49466
572.78455
307.49466
572.78455
307.49466
pt
579.5672
304.48
579.5672
304.48
579.5672
304.48
pt
584.0892
305.9874
584.0892
305.9874
584.0892
305.9874
pt
590.8721
312.77042
590.8721
312.77042
590.8721
312.77042
pt
595.3941
324.0753
595.3941
324.0753
595.3941
324.0753
pt
596.90173
338.39496
596.90173
338.39496
596.90173
338.39496
pt
595.3941
360.25113
595.3941
360.25113
595.3941
360.25113
pt
588.611
374.57074
588.611
374.57074
588.611
374.57074
pt
581.8283
378.33914
581.8283
378.33914
581.8283
378.33914
pt
575.7989
378.33914
575.7989
378.33914
575.7989
378.33914
pt
572.03064
370.04877
572.03064
370.04877
572.03064
370.04877
pt
572.03064
355.7292
572.03064
355.7292
572.03064
355.7292
pt
572.03064
341.40967
572.03064
341.40967
572.03064
341.40967
pt
572.03064
330.85825
572.03064
330.85825
572.03064
330.85825
pt
572.78455
316.53873
572.78455
316.53873
572.78455
316.53873
pt
585.5966
310.50946
569.6088
289.19254
590.1188
316.53873
pt
586.3502
332.36566
586.3502
332.36566
586.3502
332.36566
pt
585.5966
364.0195
585.5966
364.0195
585.5966
364.0195
pt
584.0892
372.3098
584.0892
372.3098
584.0892
372.3098
pt
575.0453
376.83188
592.3796
388.13678
557.711
365.52682
pt
569.7701
375.32437
569.7701
375.32437
569.7701
375.32437
pt
563.7403
361.7585
563.7403
361.7585
563.7403
361.7585
pt
562.23315
345.93155
562.23315
345.93155
562.23315
345.93155
pt
562.9869
335.3803
562.9869
335.3803
562.9869
335.3803
pt
559.9721
332.36566
559.9721
332.36566
559.9721
332.36566
pt
556.9572
331.61206
556.9572
331.61206
556.9572
331.61206
pt
556.20374
328.59726
556.20374
328.59726
556.20374
328.59726
pt
560.7257
327.09006
560.7257
327.09006
560.7257
327.09006
pt
562.23315
324.0753
562.23315
324.0753
562.23315
324.0753
pt
554.69635
321.81427
554.69635
321.81427
554.69635
321.81427
pt
551.6819
312.0167
551.6819
312.0167
551.6819
312.0167
pt
559.9721
314.27777
559.9721
314.27777
559.9721
314.27777
pt
564.494
315.03152
564.494
315.03152
564.494
315.03152
pt
575.7989
319.55338
575.7989
319.55338
575.7989
319.55338
pt
577.3065
325.58258
577.3065
325.58258
577.3065
325.58258
pt
581.0744
328.59726
581.0744
328.59726
581.0744
328.59726
pt
580.3209
333.87296
580.3209
333.87296
580.3209
333.87296
pt
584.0892
337.64133
584.0892
337.64133
584.0892
337.64133
pt
581.8283
342.16324
581.8283
342.16324
581.8283
342.16324
pt
584.0892
348.94614
584.0892
348.94614
584.0892
348.94614
pt
581.8283
349.69983
581.8283
349.69983
581.8283
349.69983
pt
583.3358
354.9756
583.3358
354.9756
583.3358
354.9756
pt
579.5672
358.7439
579.5672
358.7439
579.5672
358.7439
pt
581.0744
363.2657
581.0744
363.2657
581.0744
363.2657
pt
577.3065
364.7732
577.3065
364.7732
577.3065
364.7732
pt
575.7989
370.04877
575.7989
370.04877
575.7989
370.04877
pt
573.53815
364.0195
573.53815
364.0195
573.53815
364.0195
pt
578.8136
351.20728
578.8136
351.20728
578.8136
351.20728

running
25.0
13.0
false
pt
580.3209
343.67053
580.3209
343.67053
580.3209
343.67053
pt
576.55273
329.351
576.55273
329.351
576.55273
329.351
pt
574.29156
324.82907
574.29156
324.82907
574.29156
324.82907
pt
575.0453
334.6266
575.0453
334.6266
575.0453
334.6266
pt
575.7989
345.17786
575.7989
345.17786
575.7989
345.17786
pt
572.78455
358.7439
572.78455
358.7439
572.78455
358.7439
pt
572.78455
369.2951
572.78455
369.2951
572.78455
369.2951
pt
574.29156
375.32437
574.29156
375.32437
574.29156
375.32437
pt
567.5087
373.81702
567.5087
373.81702
567.5087
373.81702
pt
564.494
372.3098
564.494
372.3098
564.494
372.3098
pt
561.4794
375.32437
561.4794
375.32437
561.4794
375.32437
pt
556.9572
373.06348
556.9572
373.06348
556.9572
373.06348
pt
552.4355
377.58536
552.4355
377.58536
552.4355
377.58536
pt
548.66705
374.57074
548.66705
374.57074
548.66705
374.57074

running
20.0
4.0
false
pt
552.4355
370.04877
552.4355
370.04877
552.4355
370.04877
pt
554.69635
366.28052
554.69635
366.28052
554.69635
366.28052
pt
564.494
364.7732
564.494
364.7732
564.494
364.7732
pt
562.9869
360.25113
562.9869
360.25113
562.9869
360.25113
pt
556.9572
361.7585
556.9572
361.7585
556.9572
361.7585
pt
560.7257
357.99026
560.7257
357.99026
560.7257
357.99026
pt
560.7257
354.9756
560.7257
354.9756
560.7257
354.9756
pt
558.4647
353.46817
558.4647
353.46817
558.4647
353.46817
pt
559.9721
348.19263
559.9721
348.19263
559.9721
348.19263
pt
559.2183
341.40967
559.2183
341.40967
559.2183
341.40967
pt
558.4647
336.13394
558.4647
336.13394
558.4647
336.13394
pt
544.145
339.14868
544.145
339.14868
544.145
339.14868
pt
535.10126
348.19263
535.10126
348.19263
535.10126
348.19263
pt
535.10126
356.4829
535.10126
356.4829
535.10126
356.4829
pt
544.8989
350.45358
544.8989
350.45358
544.8989
350.45358
pt
538.8697
339.90234
538.8697
339.90234
538.8697
339.90234
pt
538.8697
333.11942
538.8697
333.11942
538.8697
333.11942
pt
544.8989
332.36566
544.8989
332.36566
544.8989
332.36566
pt
545.65247
322.56802
545.65247
322.56802
545.65247
322.56802
pt
534.3477
328.59726
534.3477
328.59726
534.3477
328.59726
pt
534.3477
319.55338
534.3477
319.55338
534.3477
319.55338
pt
541.13043
315.78497
541.13043
315.78497
541.13043
315.78497
pt
539.6234
322.56802
539.6234
322.56802
539.6234
322.56802
pt
536.60846
333.87296
536.60846
333.87296
536.60846
333.87296
pt
536.60846
342.16324
536.60846
342.16324
536.60846
342.16324
pt
540.3769
356.4829
540.3769
356.4829
540.3769
356.4829
pt
544.145
361.00482
544.145
361.00482
544.145
361.00482
pt
542.6378
368.54147
542.6378
368.54147
542.6378
368.54147
pt
534.3477
362.51212
534.3477
362.51212
534.3477
362.51212
pt
538.11584
373.06348
538.11584
373.06348
538.11584
373.06348
pt
542.6378
374.57074
542.6378
374.57074
542.6378
374.57074
pt
535.8548
376.07825
535.8548
376.07825
535.8548
376.07825
pt
527.56433
369.2951
527.56433
369.2951
527.56433
369.2951
pt
525.30365
363.2657
525.30365
363.2657
525.30365
363.2657
pt
521.5352
364.7732
521.5352
364.7732
521.5352
364.7732
pt
523.0426
359.49762
523.0426
359.49762
523.0426
359.49762
pt
518.5206
359.49762
518.5206
359.49762
518.5206
359.49762
pt
523.0426
355.7292
523.0426
355.7292
523.0426
355.7292
pt
514.75214
353.46817
514.75214
353.46817
514.75214
353.46817
pt
520.78174
349.69983
520.78174
349.69983
520.78174
349.69983

satin
20.0
9.0
false
false
pt
520.78174
349.69983
520.78174
349.69983
520.78174
349.69983
pt
515.5059
350.45358
515.5059
350.45358
515.5059
350.45358
pt
522.2887
336.13394
522.2887
336.13394
522.2887
336.13394
pt
516.2595
336.13394
516.2595
336.13394
516.2595
336.13394
pt
522.2887
330.85825
522.2887
330.85825
522.2887
330.85825
pt
519.27386
325.58258
519.27386
325.58258
519.27386
325.58258

running
20.0
9.0
false
pt
526.0572
316.53873
526.0572
316.53873
526.0572
316.53873
pt
536.60846
313.52393
536.60846
313.52393
536.60846
313.52393
pt
541.13043
309.7557
541.13043
309.7557
541.13043
309.7557
pt
543.3916
312.0167
543.3916
312.0167
543.3916
312.0167
pt
545.65247
305.23373
545.65247
305.23373
545.65247
305.23373
pt
550.928
311.26306
550.928
311.26306
550.928
311.26306
pt
556.20374
309.00195
556.20374
309.00195
556.20374
309.00195
pt
556.9572
312.0167
556.9572
312.0167
556.9572
312.0167
pt
562.23315
309.7557
562.23315
309.7557
562.23315
309.7557
pt
562.9869
313.52393
562.9869
313.52393
562.9869
313.52393
pt
565.24756
309.7557
564.494
309.7557
566.00116
309.7557
pt
565.24756
313.52393
565.24756
313.52393
565.24756
313.52393
pt
561.4794
341.40967
561.4794
341.40967
561.4794
341.40967
pt
562.23315
357.99026
562.23315
357.99026
562.23315
357.99026
pt
569.7701
375.32437
569.7701
375.32437
569.7701
375.32437
pt
575.0453
378.33914
575.0453
378.33914
575.0453
378.33914
pt
577.3065
395.67337
577.3065
395.67337
577.3065
395.67337
pt
571.277
405.471
571.277
405.471
571.277
405.471
pt
602.1771
407.73196
602.1771
407.73196
602.1771
407.73196
pt
605.1918
394.166
605.1918
394.166
605.1918
394.166
pt
503.4473
391.15143
503.4473
391.15143
503.4473
391.15143
pt
502.6937
406.22464
502.6937
406.22464
502.6937
406.22464
pt
471.0398
406.97827
471.0398
406.97827
471.0398
406.97827
pt
471.79337
391.90503
471.79337
391.90503
471.79337
391.90503
pt
489.88113
391.15143
489.88113
391.15143
489.88113
391.15143
pt
494.4032
392.6587
494.4032
392.6587
494.4032
392.6587
pt
496.6642
397.1806
496.6642
397.1806
496.6642
397.1806
pt
495.15692
404.71738
495.15692
404.71738
495.15692
404.71738
pt
498.92514
406.97827
498.92514
406.97827
498.92514
406.97827
pt
510.9839
406.22464
510.9839
406.22464
510.9839
406.22464
pt
513.99854
402.4563
513.99854
402.4563
513.99854
402.4563
pt
518.5206
406.22464
518.5206
406.22464
518.5206
406.22464
pt
524.5498
406.97827
524.5498
406.97827
524.5498
406.97827
pt
529.0717
402.4563
529.0717
402.4563
529.0717
402.4563
pt
533.5938
406.97827
533.5938
406.97827
533.5938
406.97827
pt
542.6378
406.97827
542.6378
406.97827
542.6378
406.97827
pt
567.5087
406.97827
567.5087
406.97827
567.5087
406.97827
pt
622.5261
406.97827
622.5261
406.97827
622.5261
406.97827
pt
620.2651
404.71738
620.2651
404.71738
620.2651
404.71738
pt
616.4969
405.471
616.4969
405.471
616.4969
405.471
pt
618.0039
391.15143
618.0039
391.15143
618.0039
391.15143
pt
624.0334
392.6587
624.0334
392.6587
624.0334
392.6587
pt
612.72845
391.90503
612.72845
391.90503
612.72845
391.90503
pt
619.5114
394.166
619.5114
394.166
619.5114
394.166
pt
618.7576
414.51498
618.7576
414.51498
618.7576
414.51498

running
20.0
9.0
false
pt
619.5114
413.0076
619.5114
413.0076
619.5114
413.0076
pt
628.55554
413.76123
628.55554
413.76123
628.55554
413.76123
pt
633.8311
418.2833
633.8311
418.2833
633.8311
418.2833
pt
637.5993
422.05164
637.5993
422.05164
637.5993
422.05164
pt
642.1212
419.79065
642.1212
419.79065
642.1212
419.79065
pt
654.1801
413.76123
654.1801
413.76123
654.1801
413.76123
pt
663.2241
413.76123
663.2241
413.76123
663.2241
413.76123
pt
676.7899
416.7761
676.7899
416.7761
676.7899
416.7761

running
25.0
10.0
false
pt
684.3265
423.55893
684.3265
423.55893
684.3265
423.55893
pt
678.29736
416.02237
678.29736
416.02237
678.29736
416.02237
pt
663.97754
413.76123
663.97754
413.76123
663.97754
413.76123
pt
648.1506
416.7761
648.1506
416.7761
648.1506
416.7761
pt
641.3677
422.80542
641.3677
422.80542
641.3677
422.80542
pt
641.3677
434.86383
641.3677
434.86383
641.3677
434.86383
pt
651.91907
441.64685
651.91907
441.64685
651.91907
441.64685
pt
662.4702
442.40054
662.4702
442.40054
662.4702
442.40054
pt
666.9922
438.6323
666.9922
438.6323
666.9922
438.6323
pt
666.23883
424.31268
666.23883
424.31268
666.23883
424.31268
pt
663.97754
413.0076
663.97754
413.0076
663.97754
413.0076
pt
657.94836
416.7761
657.94836
416.7761
657.94836
416.7761
pt
657.94836
435.61755
657.94836
435.61755
657.94836
435.61755
pt
663.2241
443.15424
653.4265
443.15424
673.02167
443.15424
pt
679.05084
439.38583
679.05084
440.1394
679.05084
438.6323
pt
684.3265
431.09567
684.3265
431.09567
684.3265
431.09567
pt
685.0802
427.3273
685.0802
427.3273
685.0802
427.3273
pt
682.0658
419.79065
682.0658
419.79065
682.0658
419.79065
pt
671.51434
413.76123
671.51434
413.76123
671.51434
413.76123
pt
656.4408
412.25388
656.4408
412.25388
656.4408
412.25388
pt
642.8751
418.2833
642.8751
418.2833
642.8751
418.2833
pt
638.353
425.06613
638.353
425.06613
638.353
425.06613
pt
636.09204
436.3712
636.09204
436.3712
636.09204
436.3712
pt
627.04785
443.15424
627.04785
443.15424
627.04785
443.15424
pt
612.72845
444.66132
612.72845
444.66132
612.72845
444.66132
pt
601.4236
443.15424
601.4236
443.15424
601.4236
443.15424
pt
593.8867
437.1249
593.8867
437.1249
593.8867
437.1249
pt
590.8721
427.3273
590.8721
427.3273
590.8721
427.3273
pt
596.1478
417.52966
596.1478
417.52966
596.1478
417.52966
pt
602.9309
413.76123
602.9309
413.76123
602.9309
413.76123
pt
615.7429
413.0076
615.7429
413.76123
615.7429
412.25388
pt
619.5114
416.7761
619.5114
416.7761
619.5114
416.7761
pt
619.5114
437.87848
619.5114
437.87848
619.5114
437.87848
pt
618.0039
440.89316
618.0039
440.89316
618.0039
440.89316
pt
615.7429
443.15424
615.7429
443.15424
615.7429
443.15424
pt
609.7137
438.6323
609.7137
438.6323
609.7137
438.6323
pt
608.96
418.2833
608.96
418.2833
608.96
418.2833
pt
611.9748
414.51498
611.9748
414.51498
611.9748
414.51498
pt
621.0189
413.0076
621.0189
413.0076
621.0189
413.0076
pt
630.8166
415.26855
630.8166
415.26855
630.8166
415.26855
pt
636.8457
420.54422
636.8457
420.54422
636.8457
420.54422
pt
637.5993
429.58817
637.5993
429.58817
637.5993
429.58817
pt
630.06305
441.64685
630.06305
441.64685
630.06305
441.64685
pt
621.7724
443.9078
621.7724
443.9078
621.7724
443.9078
pt
605.1918
444.66132
605.1918
444.66132
605.1918
444.66132
pt
598.4087
443.15424
598.4087
443.15424
598.4087
443.15424
pt
563.7403
442.40054
563.7403
442.40054
563.7403
442.40054
pt
572.78455
438.6323
572.78455
438.6323
572.78455
438.6323
pt
572.78455
431.09567
572.78455
431.09567
572.78455
431.09567
pt
572.78455
424.31268
572.78455
424.31268
572.78455
424.31268
pt
568.26227
418.2833
568.26227
418.2833
568.26227
418.2833
pt
562.9869
417.52966
562.9869
417.52966
562.9869
417.52966
pt
572.03064
415.26855
572.03064
415.26855
572.03064
415.26855
pt
578.06
411.50024
578.06
411.50024
578.06
411.50024
pt
589.365
412.25388
589.365
412.25388
589.365
412.25388
pt
590.1188
435.61755
590.1188
435.61755
590.1188
435.61755
pt
590.8721
437.87848
590.8721
437.87848
590.8721
437.87848
pt
596.1478
443.15424
596.1478
443.15424
596.1478
443.15424

running
20.0
9.0
false
pt
599.91614
447.67615
599.91614
447.67615
599.91614
447.67615
pt
685.83405
446.92255
685.83405
446.92255
685.83405
446.92255
pt
690.3557
444.66132
690.3557
444.66132
690.3557
444.66132
pt
679.05084
446.92255
679.05084
446.92255
679.05084
446.92255
pt
505.70822
446.92255
505.70822
446.92255
505.70822
446.92255
pt
506.46204
441.64685
506.46204
441.64685
506.46204
441.64685
pt
539.6234
440.89316
539.6234
440.89316
539.6234
440.89316
pt
537.3621
443.15424
537.3621
443.15424
537.3621
443.15424
pt
544.145
441.64685
544.145
441.64685
544.145
441.64685
pt
544.8989
437.1249
544.8989
437.1249
544.8989
437.1249
pt
482.34457
437.87848
482.34457
437.87848
482.34457
437.87848
pt
478.57648
443.15424
478.57648
443.15424
478.57648
443.15424
pt
503.4473
442.40054
503.4473
442.40054
503.4473
442.40054
pt
517.7671
426.57364
517.7671
426.57364
517.7671
426.57364
pt
533.5938
415.26855
533.5938
415.26855
533.5938
415.26855
pt
544.145
414.51498
544.145
414.51498
544.145
414.51498
pt
517.7671
424.31268
517.7671
424.31268
517.7671
424.31268
pt
504.95453
426.57364
504.95453
426.57364
504.95453
426.57364
pt
488.37396
428.08096
488.37396
428.08096
488.37396
428.08096
pt
474.80804
426.57364
474.80804
426.57364
474.80804
426.57364
pt
467.2713
429.58817
467.2713
429.58817
467.2713
429.58817
pt
480.8372
416.7761
480.8372
416.7761
480.8372
416.7761
pt
483.85214
421.29797
483.85214
421.29797
483.85214
421.29797
pt
466.5178
436.3712
466.5178
436.3712
466.5178
436.3712
pt
479.33002
430.34186
479.33002
430.34186
479.33002
430.34186
pt
492.14224
429.58817
492.14224
429.58817
492.14224
429.58817
pt
474.05444
436.3712
474.05444
436.3712
474.05444
436.3712
pt
486.86676
442.40054
486.86676
442.40054
486.86676
442.40054
pt
501.93994
447.67615
501.93994
447.67615
501.93994
447.67615
pt
522.2887
447.67615
522.2887
447.67615
522.2887
447.67615
pt
404.71738
447.67615
404.71738
447.67615
404.71738
447.67615
pt
413.0076
455.9665
413.0076
455.9665
413.0076
455.9665
pt
691.10956
454.45917
691.10956
454.45917
691.10956
454.45917

running
20.0
9.0
false
pt
689.60223
468.0252
689.60223
468.0252
689.60223
468.0252
pt
398.688
466.5178
398.688
466.5178
398.688
466.5178
pt
402.4563
477.8226
402.4563
477.8226
402.4563
477.8226
pt
706.1827
478.57648
706.1827
478.57648
706.1827
478.57648
pt
706.1827
458.22748
706.1827
458.22748
706.1827
458.22748
pt
700.15356
468.0252
700.15356
468.0252
700.15356
468.0252
pt
691.8631
473.30066
691.8631
473.30066
691.8631
473.30066
pt
686.58746
475.5617
686.58746
475.5617
686.58746
475.5617
pt
702.41455
474.80804
702.41455
474.80804
702.41455
474.80804
pt
703.92194
462.7493
703.92194
462.7493
703.92194
462.7493
pt
697.8923
473.30066
697.8923
473.30066
697.8923
473.30066

running
20.0
4.0
false
pt
703.168
496.6642
703.168
496.6642
703.168
496.6642
pt
724.2708
497.41794
724.2708
497.41794
724.2708
497.41794
pt
722.7634
200.47453
722.7634
200.47453
722.7634
200.47453
pt
29.39288
201.98184
29.39288
201.98184
29.39288
201.98184
pt
30.146536
495.91058
30.146536
495.91058
30.146536
495.91058
pt
711.4584
496.6642
711.4584
496.6642
711.4584
496.6642

running
20.0
9.0
false
pt
708.44366
517.7671
708.44366
517.7671
708.44366
517.7671
pt
7.536634
512.49133
7.536634
512.49133
7.536634
512.49133
pt
12.812279
180.87926
12.812279
180.87926
12.812279
180.87926
pt
740.09753
186.90851
740.09753
186.90851
740.09753
186.90851
pt
741.60486
516.2595
741.60486
516.2595
741.60486
516.2595
pt
700.90717
515.5059
700.90717
515.5059
700.90717
515.5059

satin
20.0
12.0
false
false
pt
682.0658
494.4032
682.0658
494.4032
682.0658
494.4032
pt
704.6753
512.49133
704.6753
512.49133
704.6753
512.49133
pt
714.4732
493.64966
714.4732
493.64966
714.4732
493.64966
pt
740.09753
513.24506
740.09753
513.24506
740.09753
513.24506
pt
721.256
201.98184
721.256
201.98184
721.256
201.98184
pt
738.5902
188.41594
738.5902
188.41594
738.5902
188.41594
pt
35.422188
204.24283
35.422188
203.48914
35.422188
204.99646
pt
14.319609
182.3866
14.319609
182.3866
14.319609
182.3866
pt
33.914864
490.63495
33.914864
490.63495
33.914864
490.63495
pt
11.304954
510.2303
11.304954
510.2303
11.304954
510.2303
pt
711.4584
492.89606
711.4584
492.89606
711.4584
492.89606
pt
712.9658
513.24506
712.9658
513.24506
712.9658
513.24506

