satin
22.0
8.0
false
false
pt
305.50854
218.75925
305.50854
218.75925
305.50854
218.75925
pt
304.7542
221.77663
304.7542
221.77663
304.7542
221.77663
pt
286.6501
218.75925
286.6501
218.75925
286.6501
218.75925
pt
288.15872
229.32004
288.15872
229.32004
288.15872
229.32004
pt
279.86093
221.77663
279.86093
221.77663
279.86093
221.77663
pt
279.86093
232.33742
279.86093
232.33742
279.86093
232.33742
pt
273.0719
218.0049
273.0719
218.0049
273.0719
218.0049
pt
270.8088
227.05696
276.0893
224.79393
265.52853
229.32004
pt
264.7741
223.28532
264.7741
223.28532
264.7741
223.28532
pt
262.51102
233.84605
262.51102
233.84605
262.51102
233.84605
pt
255.722
219.51361
255.722
219.51361
255.722
219.51361
pt
254.96765
232.33742
254.96765
232.33742
254.96765
232.33742
pt
244.40683
224.79393
244.40683
224.79393
244.40683
224.79393
pt
248.17856
235.35478
248.17856
235.35478
248.17856
235.35478
pt
226.30266
221.02223
226.30266
221.02223
226.30266
221.02223
pt
235.35478
228.5657
235.35478
228.5657
235.35478
228.5657

satin
22.0
8.0
false
false
pt
233.0917
228.5657
233.0917
228.5657
233.0917
228.5657
pt
237.61783
236.86343
237.61783
236.86343
237.61783
236.86343
pt
244.40683
231.583
244.40683
231.583
244.40683
231.583
pt
245.91551
238.37218
245.91551
238.37218
245.91551
238.37218
pt
248.93292
236.86343
248.93292
236.86343
248.93292
236.86343
pt
249.68723
241.38947
249.68723
241.38947
249.68723
241.38947
pt
255.722
230.07443
250.44157
231.583
261.00235
228.5657
pt
255.722
240.63504
255.722
240.63504
255.722
240.63504
pt
261.75677
235.35478
261.75677
235.35478
261.75677
235.35478
pt
261.75677
241.38947
261.75677
241.38947
261.75677
241.38947
pt
273.8262
225.54832
273.8262
225.54832
273.8262
225.54832
pt
269.30017
236.1091
269.30017
236.1091
269.30017
236.1091
pt
281.36972
233.0917
281.36972
233.0917
281.36972
233.0917
pt
275.33487
237.61783
275.33487
237.61783
275.33487
237.61783

satin
22.0
8.0
false
false
pt
276.0893
237.61783
276.0893
237.61783
276.0893
237.61783
pt
270.05457
242.89816
270.05457
242.89816
270.05457
242.89816
pt
267.7915
236.1091
267.7915
236.1091
267.7915
236.1091
pt
258.73932
242.89816
258.73932
242.89816
258.73932
242.89816
pt
255.722
239.12643
255.722
239.12643
255.722
239.12643
pt
255.722
242.89816
255.722
242.89816
255.722
242.89816
pt
244.40683
236.86343
244.40683
236.86343
244.40683
236.86343
pt
245.91551
242.14389
245.91551
242.14389
245.91551
242.14389
pt
231.583
239.12643
231.583
239.12643
231.583
239.12643
pt
235.35478
242.89816
235.35478
242.89816
235.35478
242.89816

running
22.0
8.0
false
pt
228.5657
238.37218
228.5657
238.37218
228.5657
238.37218
pt
220.26787
237.61783
220.26787
237.61783
220.26787
237.61783
pt
203.6724
238.37218
203.6724
238.37218
203.6724
238.37218

running
11.0
4.0
false
pt
180.28778
236.86343
180.28778
236.86343
180.28778
236.86343
pt
173.4987
230.07443
173.4987
239.88081
173.4987
220.26787
pt
198.39203
220.26787
198.39203
220.26787
198.39203
220.26787
pt
231.583
229.32004
231.583
218.0049
231.583
240.63504
pt
212.72447
238.37218
212.72447
238.37218
212.72447
238.37218
pt
200.65506
238.37218
200.65506
238.37218
200.65506
238.37218
pt
196.88335
232.33742
196.88335
232.33742
196.88335
232.33742
pt
202.1637
220.26787
195.37457
220.26787
208.9528
220.26787
pt
208.19849
230.07443
208.9528
229.32004
207.4441
230.82872
pt
195.37457
239.12643
213.61972
239.12643
178.02473
239.12643
pt
178.77913
236.1091
178.77913
236.1091
178.77913
236.1091

running
11.0
8.0
false
pt
178.02473
236.1091
178.02473
236.1091
178.02473
236.1091
pt
174.25305
233.0917
174.25305
233.0917
174.25305
233.0917
pt
173.4987
230.07443
173.4987
230.07443
173.4987
230.07443
pt
168.2183
229.32004
168.2183
229.32004
168.2183
229.32004
pt
166.70966
233.84605
166.70966
233.84605
166.70966
233.84605
pt
154.64008
237.61783
154.64008
237.61783
154.64008
237.61783
pt
132.76427
238.37218
132.76427
238.37218
132.76427
238.37218
pt
119.94041
236.86343
119.94041
236.86343
119.94041
236.86343

running
11.0
4.0
false
pt
118.43172
236.86343
118.43172
236.86343
118.43172
236.86343
pt
111.64266
230.07443
111.64266
239.88081
111.64266
220.26787
pt
136.53595
220.26787
136.53595
220.26787
136.53595
220.26787
pt
169.72702
229.32004
169.72702
218.0049
169.72702
240.63504
pt
150.86844
238.37218
150.86844
238.37218
150.86844
238.37218
pt
138.79895
238.37218
138.79895
238.37218
138.79895
238.37218
pt
135.02728
232.33742
135.02728
232.33742
135.02728
232.33742
pt
140.30766
220.26787
133.5186
220.26787
147.09674
220.26787
pt
146.34235
230.07443
147.09674
229.32004
145.58804
230.82872
pt
133.5186
239.12643
151.7637
239.12643
116.16871
239.12643
pt
116.92303
236.1091
116.92303
236.1091
116.92303
236.1091

running
11.0
8.0
false
pt
110.133934
236.86343
110.133934
236.86343
110.133934
236.86343
pt
104.8536
233.84605
104.8536
233.84605
104.8536
233.84605
pt
104.09924
226.30266
104.09924
226.30266
104.09924
226.30266
pt
104.09924
220.26787
104.09924
220.26787
104.09924
220.26787
pt
86.74935
219.51361
86.74935
219.51361
86.74935
219.51361
pt
82.97766
223.28532
82.97766
223.28532
82.97766
223.28532
pt
75.43422
224.79393
75.43422
224.79393
75.43422
224.79393

satin
11.0
8.0
true
false
pt
49.03224
257.98505
49.03224
257.98505
49.03224
257.98505
pt
61.856052
246.6699
61.856052
246.6699
61.856052
246.6699
pt
49.03224
234.60045
49.03224
234.60045
49.03224
234.60045
pt
64.119095
236.86343
64.119095
236.86343
64.119095
236.86343
pt
62.610394
219.51361
62.610394
219.51361
62.610394
219.51361
pt
70.90817
231.583
70.90817
231.583
70.90817
231.583
pt
74.67989
219.51361
74.67989
219.51361
74.67989
219.51361
pt
74.67989
227.05696
74.67989
227.05696
74.67989
227.05696

satin
11.0
7.0
false
false
pt
58.084354
246.6699
58.084354
246.6699
58.084354
246.6699
pt
72.41683
242.14389
72.41683
242.14389
72.41683
242.14389
pt
59.593044
235.35478
59.593044
235.35478
59.593044
235.35478
pt
71.66252
236.1091
71.66252
236.1091
71.66252
236.1091
pt
68.64515
226.30266
68.64515
226.30266
68.64515
226.30266
pt
75.43422
234.60045
75.43422
234.60045
75.43422
234.60045
pt
79.20593
226.30266
79.20593
226.30266
79.20593
226.30266
pt
79.20593
233.84605
79.20593
233.84605
79.20593
233.84605

running
11.0
7.0
false
pt
73.17117
236.86343
73.17117
236.86343
73.17117
236.86343
pt
114.66002
236.86343
114.66002
236.86343
114.66002
236.86343
pt
77.69726
236.1091
77.69726
236.1091
77.69726
236.1091
pt
82.97766
233.0917
82.97766
233.0917
82.97766
233.0917
pt
83.73198
230.07443
83.73198
230.07443
83.73198
230.07443
pt
82.97766
226.30266
82.97766
226.30266
82.97766
226.30266
pt
76.94289
223.28532
76.94289
223.28532
76.94289
223.28532

running
11.0
8.0
false
pt
55.82133
219.51361
55.82133
219.51361
55.82133
219.51361
pt
52.04962
221.02223
52.04962
221.02223
52.04962
221.02223
pt
50.540924
224.79393
50.540924
224.79393
50.540924
224.79393
pt
50.540924
218.75925
50.540924
218.75925
50.540924
218.75925
pt
66.38213
218.0049
66.38213
218.0049
66.38213
218.0049

running
25.0
8.0
false
pt
69.399475
216.49619
69.399475
216.49619
69.399475
216.49619
pt
56.575665
223.28532
59.593044
221.77663
53.558304
224.79393
pt
48.277893
234.60045
48.277893
234.60045
48.277893
234.60045
pt
48.277893
216.49619
48.277893
216.49619
48.277893
216.49619
pt
706.8186
216.49619
706.8186
216.49619
706.8186
216.49619
pt
706.8186
234.60045
706.8186
234.60045
706.8186
234.60045
pt
699.27527
224.03963
699.27527
224.03963
699.27527
224.03963
pt
690.9775
218.75925
690.9775
218.75925
690.9775
218.75925
pt
703.8012
218.75925
703.8012
218.75925
703.8012
218.75925
pt
704.55554
227.05696
704.55554
227.05696
704.55554
227.05696
pt
698.52075
221.02223
698.52075
221.02223
698.52075
221.02223
pt
701.5383
221.02223
701.5383
221.02223
701.5383
221.02223

satin
11.0
8.0
false
false
pt
702.2926
256.47638
702.2926
256.47638
702.2926
256.47638
pt
706.8186
256.47638
706.8186
256.47638
706.8186
256.47638
pt
697.0122
251.9503
697.0122
251.9503
697.0122
251.9503
pt
706.8186
246.6699
706.8186
246.6699
706.8186
246.6699
pt
692.4861
244.40683
692.4861
244.40683
692.4861
244.40683
pt
703.8012
233.84605
703.8012
233.84605
703.8012
233.84605
pt
692.4861
238.37218
692.4861
238.37218
692.4861
238.37218
pt
697.7666
225.54832
697.7666
225.54832
697.7666
225.54832
pt
690.9775
227.05696
690.9775
227.05696
690.9775
227.05696
pt
690.9775
220.26787
690.9775
220.26787
690.9775
220.26787
pt
683.4342
221.02223
683.4342
221.02223
683.4342
221.02223
pt
681.171
218.0049
681.171
218.0049
681.171
218.0049

running
11.0
8.0
false
pt
678.15375
220.26787
678.15375
220.26787
678.15375
220.26787
pt
685.697
224.79393
685.697
224.79393
685.697
224.79393
pt
687.96
230.07443
687.96
230.07443
687.96
230.07443
pt
679.66235
236.1091
679.66235
236.1091
679.66235
236.1091
pt
663.06683
238.37218
663.06683
238.37218
663.06683
238.37218
pt
644.20825
237.61783
644.20825
237.61783
644.20825
237.61783
pt
635.1559
235.35478
635.1559
235.35478
635.1559
235.35478

running
11.0
4.0
false
pt
636.66473
236.1091
636.66473
236.1091
636.66473
236.1091
pt
629.8758
229.32004
629.8758
239.12643
629.8758
219.51361
pt
654.76904
219.51361
654.76904
219.51361
654.76904
219.51361
pt
687.96
228.5657
687.96
217.25055
687.96
239.88081
pt
669.1014
237.61783
669.1014
237.61783
669.1014
237.61783
pt
657.032
237.61783
657.032
237.61783
657.032
237.61783
pt
653.2604
231.583
653.2604
231.583
653.2604
231.583
pt
658.5407
219.51361
651.7516
219.51361
665.32983
219.51361
pt
664.57544
229.32004
665.32983
228.5657
663.8213
230.07443
pt
651.7516
238.37218
669.9969
238.37218
634.4018
238.37218
pt
635.1559
235.35478
635.1559
235.35478
635.1559
235.35478
pt
635.1559
235.35478
635.1559
235.35478
635.1559
235.35478

running
11.0
8.0
false
pt
631.3845
233.0917
631.3845
233.0917
631.3845
233.0917
pt
629.12146
229.32004
629.12146
229.32004
629.12146
229.32004
pt
624.5953
229.32004
624.5953
229.32004
624.5953
229.32004
pt
620.82355
236.1091
620.82355
236.1091
620.82355
236.1091
pt
611.7716
238.37218
611.7716
238.37218
611.7716
238.37218
pt
603.47375
238.37218
603.47375
238.37218
603.47375
238.37218
pt
577.82623
238.37218
577.82623
238.37218
577.82623
238.37218

running
11.0
4.0
false
pt
572.5458
238.37218
572.5458
238.37218
572.5458
238.37218
pt
530.3027
239.12643
530.3027
239.12643
530.3027
239.12643
pt
530.3027
236.86343
530.3027
236.86343
530.3027
236.86343
pt
542.372
230.82872
543.1265
239.88081
541.6176
221.77663
pt
532.56555
225.54832
532.56555
225.54832
532.56555
225.54832
pt
534.0744
223.28532
534.0744
223.28532
534.0744
223.28532
pt
543.1265
220.26787
538.60034
229.32004
543.1265
220.26787
pt
561.23065
221.02223
561.23065
221.02223
561.23065
221.02223
pt
561.23065
232.33742
561.23065
232.33742
561.23065
232.33742
pt
563.49396
235.35478
563.49396
235.35478
563.49396
235.35478
pt
570.283
236.86343
570.283
236.86343
570.283
236.86343

running
11.0
4.0
false
pt
574.8087
236.86343
574.8087
236.86343
574.8087
236.86343
pt
568.0198
230.07443
568.0198
239.88081
568.0198
220.26787
pt
592.913
220.26787
592.913
220.26787
592.913
220.26787
pt
626.10406
229.32004
626.10406
218.0049
626.10406
240.63504
pt
607.2455
238.37218
607.2455
238.37218
607.2455
238.37218
pt
595.17596
238.37218
595.17596
238.37218
595.17596
238.37218
pt
591.4042
232.33742
591.4042
232.33742
591.4042
232.33742
pt
596.68463
220.26787
589.8956
220.26787
603.47375
220.26787
pt
602.71924
230.07443
603.47375
229.32004
601.9651
230.82872
pt
589.8956
239.12643
608.14056
239.12643
572.5458
239.12643
pt
573.3002
236.1091
573.3002
236.1091
573.3002
236.1091

running
22.0
8.0
false
pt
564.2478
239.12643
564.2478
239.12643
564.2478
239.12643
pt
531.05707
238.37218
531.05707
238.37218
531.05707
238.37218
pt
533.3199
235.35478
533.3199
235.35478
533.3199
235.35478

satin
22.0
8.0
false
false
pt
533.3199
235.35478
533.3199
235.35478
533.3199
235.35478
pt
540.8635
230.07443
540.8635
230.07443
540.8635
230.07443
pt
523.51355
229.32004
523.51355
229.32004
523.51355
229.32004
pt
528.03937
219.51361
528.03937
219.51361
528.03937
219.51361
pt
509.18097
233.0917
509.18097
233.0917
509.18097
233.0917
pt
512.19836
224.03963
512.19836
224.03963
512.19836
224.03963
pt
501.6377
230.07443
501.6377
230.07443
501.6377
230.07443
pt
500.88315
218.75925
500.88315
218.75925
500.88315
218.75925
pt
494.09415
233.0917
494.09415
233.0917
494.09415
233.0917
pt
489.56802
222.5309
489.56802
222.5309
489.56802
222.5309
pt
478.25287
228.5657
478.25287
228.5657
478.25287
228.5657
pt
470.70956
220.26787
470.70956
220.26787
470.70956
220.26787
pt
475.23566
235.35478
475.23566
235.35478
475.23566
235.35478
pt
468.4466
236.86343
468.4466
236.86343
468.4466
236.86343
pt
478.25287
241.38947
478.25287
241.38947
478.25287
241.38947
pt
471.4639
241.38947
471.4639
241.38947
471.4639
241.38947

satin
22.0
8.0
false
false
pt
475.98993
236.1091
475.98993
236.1091
475.98993
236.1091
pt
481.27008
240.63504
481.27008
240.63504
481.27008
240.63504
pt
480.5159
229.32004
480.5159
229.32004
480.5159
229.32004
pt
484.28778
236.1091
484.28778
236.1091
484.28778
236.1091
pt
491.83102
231.583
491.83102
231.583
491.83102
231.583
pt
494.09415
240.63504
494.09415
240.63504
494.09415
240.63504
pt
501.6377
226.30266
501.6377
226.30266
501.6377
226.30266
pt
501.6377
233.84605
501.6377
233.84605
501.6377
233.84605
pt
509.18097
230.82872
509.18097
230.82872
509.18097
230.82872
pt
508.42654
239.12643
508.42654
239.12643
508.42654
239.12643
pt
525.02203
227.81137
525.02203
227.81137
525.02203
227.81137
pt
518.2332
237.61783
518.2332
237.61783
518.2332
237.61783
pt
531.8112
239.88081
531.8112
239.88081
531.8112
239.88081
pt
519.74146
241.38947
519.74146
241.38947
519.74146
241.38947

satin
22.0
8.0
false
false
pt
519.74146
241.38947
519.74146
241.38947
519.74146
241.38947
pt
509.18097
242.89816
509.18097
242.89816
509.18097
242.89816
pt
507.67233
234.60045
507.67233
234.60045
507.67233
234.60045
pt
503.14633
242.14389
503.14633
242.14389
503.14633
242.14389
pt
496.35712
233.84605
496.35712
233.84605
496.35712
233.84605
pt
497.86584
241.38947
497.86584
241.38947
497.86584
241.38947
pt
492.58542
239.12643
492.58542
239.12643
492.58542
239.12643
pt
492.58542
242.14389
492.58542
242.14389
492.58542
242.14389
pt
482.77893
235.35478
482.77893
235.35478
482.77893
235.35478
pt
485.04202
242.89816
485.04202
242.89816
485.04202
242.89816
pt
478.25287
240.63504
478.25287
240.63504
478.25287
240.63504
pt
481.27008
242.14389
481.27008
242.14389
481.27008
242.14389

satin
22.0
12.0
false
false
pt
472.97263
242.89816
472.97263
242.89816
472.97263
242.89816
pt
444.3076
243.65254
444.3076
243.65254
444.3076
243.65254
pt
465.42917
229.32004
465.42917
229.32004
465.42917
229.32004
pt
454.11392
228.5657
454.11392
228.5657
454.11392
228.5657
pt
472.2182
219.51361
472.2182
219.51361
472.2182
219.51361
pt
444.3076
219.51361
444.3076
219.51361
444.3076
219.51361
pt
465.42917
240.63504
465.42917
240.63504
465.42917
240.63504

satin
22.0
8.0
false
false
pt
450.34235
233.0917
450.34235
233.0917
450.34235
233.0917
pt
457.88562
227.81137
457.88562
227.81137
457.88562
227.81137
pt
440.53574
227.05696
440.53574
227.05696
440.53574
227.05696
pt
445.0618
217.25055
445.0618
217.25055
445.0618
217.25055
pt
426.20337
230.82872
426.20337
230.82872
426.20337
230.82872
pt
429.2206
221.77663
429.2206
221.77663
429.2206
221.77663
pt
418.6599
227.81137
418.6599
227.81137
418.6599
227.81137
pt
417.9056
216.49619
417.9056
216.49619
417.9056
216.49619
pt
411.1165
230.82872
411.1165
230.82872
411.1165
230.82872
pt
406.5904
220.26787
406.5904
220.26787
406.5904
220.26787
pt
395.27527
226.30266
395.27527
226.30266
395.27527
226.30266
pt
387.73193
218.0049
387.73193
218.0049
387.73193
218.0049
pt
392.25793
233.0917
392.25793
233.0917
392.25793
233.0917
pt
384.71454
230.07443
384.71454
230.07443
384.71454
230.07443
pt
392.25793
233.0917
392.25793
233.0917
392.25793
233.0917
pt
383.96014
228.5657
383.96014
228.5657
383.96014
228.5657

satin
22.0
8.0
false
false
pt
392.25793
233.84605
392.25793
233.84605
392.25793
233.84605
pt
397.53824
238.37218
397.53824
238.37218
397.53824
238.37218
pt
396.78406
227.05696
396.78406
227.05696
396.78406
227.05696
pt
400.55573
233.84605
400.55573
233.84605
400.55573
233.84605
pt
408.0991
229.32004
408.0991
229.32004
408.0991
229.32004
pt
410.3621
238.37218
410.3621
238.37218
410.3621
238.37218
pt
417.9056
224.03963
417.9056
224.03963
417.9056
224.03963
pt
417.9056
231.583
417.9056
231.583
417.9056
231.583
pt
425.44894
228.5657
425.44894
228.5657
425.44894
228.5657
pt
424.69473
236.86343
424.69473
236.86343
424.69473
236.86343
pt
441.2902
225.54832
441.2902
225.54832
441.2902
225.54832
pt
434.5011
235.35478
434.5011
235.35478
434.5011
235.35478
pt
448.07925
237.61783
448.07925
237.61783
448.07925
237.61783
pt
436.0098
239.12643
436.0098
239.12643
436.0098
239.12643

satin
22.0
8.0
false
false
pt
439.7815
240.63504
439.7815
240.63504
439.7815
240.63504
pt
429.2206
242.14389
429.2206
242.14389
429.2206
242.14389
pt
427.71207
233.84605
427.71207
233.84605
427.71207
233.84605
pt
423.1861
241.38947
423.1861
241.38947
423.1861
241.38947
pt
416.39697
233.0917
416.39697
233.0917
416.39697
233.0917
pt
417.9056
240.63504
417.9056
240.63504
417.9056
240.63504
pt
412.62512
238.37218
412.62512
238.37218
412.62512
238.37218
pt
412.62512
241.38947
412.62512
241.38947
412.62512
241.38947
pt
402.81876
234.60045
402.81876
234.60045
402.81876
234.60045
pt
405.08182
242.14389
405.08182
242.14389
405.08182
242.14389
pt
398.29272
239.88081
398.29272
239.88081
398.29272
239.88081
pt
401.31012
241.38947
401.31012
241.38947
401.31012
241.38947

running
20.0
4.0
false
pt
400.55573
242.14389
400.55573
242.14389
400.55573
242.14389
pt
441.2902
340.20847
439.7815
279.86093
442.7989
400.55573
pt
398.29272
444.3076
398.29272
444.3076
398.29272
444.3076
pt
405.08182
448.07925
405.08182
448.07925
405.08182
448.07925
pt
447.32495
339.45404
447.32495
414.13382
447.32495
278.3523
pt
410.3621
242.89816
410.3621
242.89816
410.3621
242.89816
pt
395.27527
239.12643
395.27527
239.12643
395.27527
239.12643
pt
369.62766
224.03963
369.62766
224.03963
369.62766
224.03963
pt
346.24304
219.51361
346.24304
219.51361
346.24304
219.51361
pt
317.57794
219.51361
317.57794
219.51361
317.57794
219.51361
pt
291.1761
229.32004
291.1761
229.32004
291.1761
229.32004
pt
264.7741
249.68723
264.7741
249.68723
264.7741
249.68723
pt
226.30266
356.8039
223.1364
293.47794
230.07443
432.2381
pt
279.10666
458.64008
279.10666
458.64008
279.10666
458.64008
pt
299.4738
468.4466
299.4738
468.4466
299.4738
468.4466
pt
304.7542
474.48132
304.7542
474.48132
304.7542
474.48132
pt
288.15872
472.2182
288.15872
472.2182
288.15872
472.2182

satin
20.0
4.0
false
false
pt
288.91312
469.2009
288.91312
469.2009
288.91312
469.2009
pt
285.1415
474.48132
285.1415
474.48132
285.1415
474.48132
pt
297.2108
468.4466
297.2108
468.4466
297.2108
468.4466
pt
297.2108
477.49872
297.2108
477.49872
297.2108
477.49872
pt
305.50854
472.97263
305.50854
472.97263
305.50854
472.97263
pt
304.7542
477.49872
304.7542
477.49872
304.7542
477.49872

satin
20.0
4.0
false
false
pt
294.19348
469.9551
294.19348
469.9551
294.19348
469.9551
pt
298.71957
473.72687
298.71957
473.72687
298.71957
473.72687
pt
304.7542
463.166
304.7542
463.166
304.7542
463.166
pt
307.01733
475.98993
307.01733
475.98993
307.01733
475.98993
pt
328.13895
469.2009
328.13895
469.2009
328.13895
469.2009
pt
327.38452
479.0074
327.38452
479.0074
327.38452
479.0074
pt
346.9974
468.4466
346.9974
468.4466
346.9974
468.4466
pt
351.5235
477.49872
351.5235
477.49872
351.5235
477.49872
pt
356.8039
466.9378
356.8039
466.9378
356.8039
466.9378
pt
362.8386
474.48132
362.8386
474.48132
362.8386
474.48132

satin
20.0
4.0
false
false
pt
380.9428
468.4466
380.9428
468.4466
380.9428
468.4466
pt
387.73193
477.49872
387.73193
477.49872
387.73193
477.49872
pt
362.8386
471.4639
362.8386
471.4639
362.8386
471.4639
pt
366.6103
479.0074
366.6103
479.0074
366.6103
479.0074

satin
20.0
4.0
false
false
pt
363.59286
474.48132
363.59286
474.48132
363.59286
474.48132
pt
357.55826
466.1834
357.55826
466.1834
357.55826
466.1834
pt
371.8907
473.72687
371.8907
473.72687
371.8907
473.72687
pt
371.8907
463.166
371.8907
463.166
371.8907
463.166

running
20.0
4.0
false
pt
387.73193
476.74435
387.73193
476.74435
387.73193
476.74435
pt
405.8361
475.23566
405.8361
475.23566
405.8361
475.23566
pt
405.08182
467.6921
405.08182
467.6921
405.08182
467.6921
pt
384.71454
469.2009
384.71454
469.2009
384.71454
469.2009
pt
375.66232
465.42917
375.66232
465.42917
375.66232
465.42917
pt
392.25793
458.64008
392.25793
458.64008
392.25793
458.64008
pt
398.29272
461.65744
398.29272
461.65744
398.29272
461.65744
pt
386.9775
456.377
386.9775
456.377
386.9775
456.377
pt
365.85596
458.64008
365.85596
458.64008
365.85596
458.64008
pt
359.8213
463.166
360.57556
463.166
359.0669
463.166
pt
352.27777
461.65744
352.27777
461.65744
352.27777
461.65744
pt
337.94528
458.64008
337.94528
458.64008
337.94528
458.64008
pt
323.61295
447.32495
323.61295
447.32495
323.61295
447.32495
pt
283.6327
403.57306
288.91312
417.9056
278.3523
389.24054
pt
283.6327
382.4515
283.6327
382.4515
283.6327
382.4515
pt
294.19348
408.85345
280.61533
389.99484
307.77155
427.71207
pt
358.3126
451.09665
340.96268
454.11392
375.66232
448.07925
pt
371.8907
438.27274
371.8907
438.27274
371.8907
438.27274
pt
340.20847
441.2902
365.85596
452.60532
314.5885
429.98734
pt
305.50854
413.3795
305.50854
413.3795
305.50854
413.3795
pt
325.12155
426.95764
325.12155
426.95764
325.12155
426.95764
pt
285.89566
384.71454
285.89566
384.71454
285.89566
384.71454
pt
350.76917
441.2902
330.55136
438.402
371.8907
444.3076
pt
371.8907
422.43167
371.8907
422.43167
371.8907
422.43167
pt
368.87338
451.09665
378.6798
434.5011
359.0669
467.6921
pt
311.54337
436.76413
321.34973
442.7989
301.73688
430.72937
pt
282.87833
410.3621
282.87833
410.3621
282.87833
410.3621
pt
276.0893
389.99484
276.0893
389.99484
276.0893
389.99484
pt
273.0719
412.62512
273.0719
412.62512
273.0719
412.62512
pt
289.66733
443.55325
289.66733
443.55325
289.66733
443.55325
pt
297.2108
461.65744
297.2108
461.65744
297.2108
461.65744
pt
285.1415
459.39447
285.1415
459.39447
285.1415
459.39447
pt
278.3523
435.25543
278.3523
435.25543
278.3523
435.25543
pt
264.01968
417.1514
264.01968
417.1514
264.01968
417.1514
pt
256.47638
422.43167
256.47638
422.43167
256.47638
422.43167
pt
250.44157
415.64252
250.44157
415.64252
250.44157
415.64252
pt
242.14389
414.8882
242.14389
414.8882
242.14389
414.8882
pt
238.37218
388.4863
238.37218
388.4863
238.37218
388.4863
pt
245.16112
365.85596
245.16112
365.85596
245.16112
365.85596
pt
244.40683
350.01477
244.40683
350.01477
244.40683
350.01477
pt
259.49374
329.64758
259.49374
329.64758
259.49374
329.64758
pt
267.7915
319.84106
267.7915
319.84106
267.7915
319.84106
pt
272.3175
297.2108
272.3175
297.2108
272.3175
297.2108
pt
276.0893
317.57794
276.0893
317.57794
276.0893
317.57794
pt
268.54584
325.12155
268.54584
325.12155
268.54584
325.12155
pt
259.49374
333.4193
259.49374
333.4193
259.49374
333.4193
pt
251.9503
372.64508
240.63504
345.48874
263.26544
399.80136
pt
256.47638
403.57306
261.00235
387.73193
251.9503
419.4144
pt
260.24808
414.8882
260.24808
414.8882
260.24808
414.8882
pt
266.28278
383.96014
273.8262
399.04697
258.73932
368.87338
pt
258.73932
353.7865
244.40683
366.6103
273.0719
340.96268
pt
276.0893
336.4366
273.0719
352.27777
279.10666
320.5954
pt
285.89566
309.28015
285.89566
309.28015
285.89566
309.28015
pt
262.51102
343.98
262.51102
343.98
262.51102
343.98
pt
254.21327
350.01477
254.21327
350.01477
254.21327
350.01477
pt
260.24808
337.19104
260.24808
337.19104
260.24808
337.19104
pt
244.40683
341.7171
244.40683
341.7171
244.40683
341.7171
pt
251.9503
325.8758
251.9503
325.8758
251.9503
325.8758
pt
238.37218
353.7865
238.37218
353.7865
238.37218
353.7865
pt
236.86343
371.13635
236.86343
371.13635
236.86343
371.13635
pt
232.33742
382.4515
232.33742
382.4515
232.33742
382.4515
pt
230.82872
374.15372
230.82872
374.15372
230.82872
374.15372
pt
231.583
368.87338
231.583
368.87338
231.583
368.87338
pt
229.32004
362.8386
229.32004
362.8386
229.32004
362.8386
pt
230.07443
349.26038
230.07443
349.26038
230.07443
349.26038
pt
239.12643
340.20847
239.12643
340.20847
239.12643
340.20847
pt
240.63504
325.8758
240.63504
325.8758
240.63504
325.8758
pt
251.9503
313.80627
251.9503
313.80627
251.9503
313.80627
pt
257.98505
289.66733
257.98505
289.66733
257.98505
289.66733
pt
264.01968
273.8262
264.01968
273.8262
264.01968
273.8262
pt
281.36972
249.68723
281.36972
249.68723
281.36972
249.68723
pt
310.0346
237.61783
310.0346
237.61783
310.0346
237.61783
pt
310.78903
242.14389
310.78903
242.14389
310.78903
242.14389
pt
323.61295
236.1091
323.61295
236.1091
323.61295
236.1091
pt
347.75177
235.35478
347.75177
235.35478
347.75177
235.35478
pt
362.8386
243.65254
362.8386
243.65254
362.8386
243.65254
pt
341.7171
235.35478
341.7171
235.35478
341.7171
235.35478
pt
350.76917
243.65254
350.76917
243.65254
350.76917
243.65254
pt
328.89316
235.35478
328.89316
235.35478
328.89316
235.35478
pt
338.69965
245.16112
338.69965
245.16112
338.69965
245.16112
pt
319.84106
237.61783
319.84106
237.61783
319.84106
237.61783
pt
332.66492
243.65254
332.66492
243.65254
332.66492
243.65254
pt
326.6302
237.61783
326.6302
237.61783
326.6302
237.61783
pt
342.47137
242.89816
342.47137
242.89816
342.47137
242.89816
pt
339.45404
236.86343
339.45404
236.86343
339.45404
236.86343
pt
356.8039
245.91551
356.8039
245.91551
356.8039
245.91551
pt
361.32983
241.38947
361.32983
241.38947
361.32983
241.38947
pt
375.66232
252.70464
375.66232
252.70464
375.66232
252.70464
pt
391.50363
273.8262
391.50363
273.8262
391.50363
273.8262
pt
396.78406
297.2108
396.78406
297.2108
396.78406
297.2108
pt
398.29272
309.28015
398.29272
308.52603
398.29272
310.0346
pt
398.29272
319.84106
398.29272
319.84106
398.29272
319.84106
pt
399.04697
335.68225
399.04697
335.68225
399.04697
335.68225
pt
392.25793
334.17358
392.25793
334.17358
392.25793
334.17358
pt
385.46893
339.45404
385.46893
339.45404
385.46893
339.45404
pt
377.92535
334.17358
377.92535
334.17358
377.92535
334.17358
pt
382.4515
337.19104
382.4515
337.19104
382.4515
337.19104
pt
389.24054
337.19104
389.24054
337.19104
389.24054
337.19104
pt
392.25793
327.38452
392.25793
327.38452
392.25793
327.38452
pt
393.01227
315.3152
393.01227
315.3152
393.01227
315.3152
pt
386.9775
309.28015
386.9775
309.28015
386.9775
309.28015
pt
377.92535
308.52603
377.92535
308.52603
377.92535
308.52603
pt
371.13635
317.57794
371.13635
317.57794
371.13635
317.57794
pt
376.41684
322.10413
376.41684
322.10413
376.41684
322.10413
pt
381.6971
313.80627
394.81924
332.9849
371.8907
299.4738
pt
383.2059
322.10413
375.66232
322.85852
390.74915
321.34973

running
20.0
4.0
false
pt
384.71454
322.10413
384.71454
322.10413
384.71454
322.10413
pt
389.24054
320.5954
389.24054
320.5954
389.24054
320.5954
pt
380.18848
313.05203
380.18848
313.05203
380.18848
313.05203
pt
371.8907
317.57794
371.8907
317.57794
371.8907
317.57794
pt
379.43405
329.64758
379.43405
329.64758
379.43405
329.64758
pt
389.24054
331.1562
389.24054
331.1562
389.24054
331.1562
pt
390.74915
325.12155
390.74915
325.12155
390.74915
325.12155
pt
380.9428
327.38452
380.9428
327.38452
380.9428
327.38452
pt
371.8907
324.36716
371.8907
324.36716
371.8907
324.36716
pt
371.13635
312.29764
371.13635
312.29764
371.13635
312.29764
pt
372.64508
306.26294
372.64508
306.26294
372.64508
306.26294
pt
378.6798
304.7542
378.6798
304.7542
378.6798
304.7542
pt
386.22314
303.24554
386.22314
303.24554
386.22314
303.24554
pt
396.02963
307.01733
396.02963
307.01733
396.02963
307.01733
pt
393.7667
302.49118
393.7667
302.49118
393.7667
302.49118
pt
384.71454
297.2108
384.71454
297.2108
384.71454
297.2108
pt
379.43405
300.2282
379.43405
300.2282
379.43405
300.2282
pt
368.87338
297.2108
368.87338
297.2108
368.87338
297.2108
pt
367.3647
310.78903
368.11896
310.78903
366.6103
310.78903
pt
369.62766
322.10413
369.62766
322.10413
369.62766
322.10413
pt
369.62766
330.40195
369.62766
330.40195
369.62766
330.40195
pt
374.15372
337.19104
374.15372
337.19104
374.15372
337.19104
pt
374.15372
342.47137
374.15372
342.47137
374.15372
342.47137
pt
376.41684
350.01477
376.41684
350.01477
376.41684
350.01477
pt
371.8907
355.29523
371.8907
355.29523
371.8907
355.29523
pt
367.3647
354.54083
367.3647
354.54083
367.3647
354.54083
pt
371.8907
346.24304
371.8907
346.24304
371.8907
346.24304
pt
369.62766
337.19104
369.62766
337.19104
369.62766
337.19104
pt
362.8386
337.94528
362.8386
337.94528
362.8386
337.94528
pt
358.3126
340.20847
358.3126
340.20847
358.3126
340.20847
pt
353.7865
334.92792
353.7865
334.92792
353.7865
334.92792
pt
348.5061
340.96268
348.5061
340.96268
348.5061
340.96268
pt
337.94528
355.29523
337.94528
355.29523
337.94528
355.29523
pt
347.75177
344.73444
347.75177
344.73444
347.75177
344.73444
pt
348.5061
351.5235
348.5061
351.5235
348.5061
351.5235
pt
353.7865
353.0322
353.7865
353.0322
353.7865
353.0322
pt
359.0669
350.76917
359.0669
350.76917
359.0669
350.76917
pt
350.76917
348.5061
350.76917
348.5061
350.76917
348.5061
pt
361.32983
346.9974
361.32983
346.9974
361.32983
346.9974
pt
362.08426
350.76917
362.08426
350.76917
362.08426
350.76917
pt
357.55826
353.7865
357.55826
353.7865
357.55826
353.7865
pt
364.34726
356.8039
364.34726
356.8039
364.34726
356.8039
pt
363.59286
368.11896
363.59286
368.11896
363.59286
368.11896
pt
368.87338
366.6103
368.87338
366.6103
368.87338
366.6103
pt
377.1711
369.62766
377.1711
369.62766
377.1711
369.62766
pt
375.66232
374.15372
375.66232
374.15372
375.66232
374.15372
pt
365.10165
377.1711
365.10165
377.1711
365.10165
377.1711
pt
356.04947
375.66232
356.04947
375.66232
356.04947
375.66232
pt
349.26038
370.382
349.26038
370.382
349.26038
370.382
pt
338.69965
369.62766
338.69965
369.62766
338.69965
369.62766
pt
331.1562
371.13635
331.1562
371.13635
331.1562
371.13635
pt
343.98
369.62766
343.98
369.62766
343.98
369.62766
pt
356.04947
365.85596
356.04947
365.85596
356.04947
365.85596
pt
361.32983
369.62766
361.32983
369.62766
361.32983
369.62766
pt
346.9974
369.62766
346.9974
369.62766
346.9974
369.62766
pt
380.9428
372.64508
380.9428
372.64508
380.9428
372.64508
pt
386.22314
376.41684
386.22314
376.41684
386.22314
376.41684
pt
386.22314
385.46893
386.22314
385.46893
386.22314
385.46893
pt
378.6798
398.29272
378.6798
398.29272
378.6798
398.29272
pt
367.3647
407.3448
367.3647
407.3448
367.3647
407.3448
pt
349.26038
401.31012
349.26038
401.31012
349.26038
401.31012
pt
331.91064
397.53824
331.91064
397.53824
331.91064
397.53824
pt
323.61295
389.99484
323.61295
389.99484
323.61295
389.99484
pt
310.78903
380.18848
310.78903
380.18848
310.78903
380.18848
pt
302.49118
357.55826
302.49118
357.55826
302.49118
357.55826
pt
313.05203
340.96268
313.05203
340.96268
313.05203
340.96268
pt
306.26294
317.57794
306.26294
317.57794
306.26294
317.57794
pt
315.3152
318.33237
315.3152
318.33237
315.3152
318.33237
pt
322.10413
319.08673
322.10413
319.08673
322.10413
319.08673
pt
328.89316
322.10413
328.89316
322.10413
328.89316
322.10413
pt
341.7171
321.34973
341.7171
321.34973
341.7171
321.34973
pt
345.48874
319.84106
345.48874
319.84106
345.48874
319.84106
pt
336.4366
332.66492
336.4366
332.66492
336.4366
332.66492
pt
343.22583
326.6302
343.22583
326.6302
343.22583
326.6302
pt
348.5061
315.3152
348.5061
315.3152
348.5061
315.3152
pt
348.5061
308.52603
348.5061
308.52603
348.5061
308.52603
pt
342.47137
303.99994
342.47137
303.99994
342.47137
303.99994
pt
345.48874
312.29764
345.48874
312.29764
345.48874
312.29764
pt
337.19104
306.26294
337.19104
306.26294
337.19104
306.26294
pt
329.64758
307.01733
329.64758
307.01733
329.64758
307.01733
pt
321.34973
314.56073
321.34973
314.56073
321.34973
314.56073
pt
325.8758
319.08673
325.8758
319.08673
325.8758
319.08673
pt
329.64758
313.05203
329.64758
313.05203
329.64758
313.05203
pt
334.17358
311.54337
334.17358
311.54337
334.17358
311.54337
pt
337.19104
315.3152
337.19104
315.3152
337.19104
315.3152
pt
334.92792
319.84106
334.92792
319.84106
334.92792
319.84106
pt
329.64758
319.84106
329.64758
319.84106
329.64758
319.84106
pt
326.6302
314.56073
326.6302
314.56073
326.6302
314.56073
pt
340.20847
311.54337
340.20847
311.54337
340.20847
311.54337
pt
345.48874
317.57794
345.48874
317.57794
345.48874
317.57794
pt
351.5235
303.24554
351.5235
303.24554
351.5235
303.24554
pt
356.8039
300.2282
356.8039
300.2282
356.8039
300.2282
pt
348.5061
299.4738
348.5061
299.4738
348.5061
299.4738
pt
334.17358
294.9478
334.17358
294.9478
334.17358
294.9478
pt
323.61295
297.96515
323.61295
297.96515
323.61295
297.96515
pt
316.82373
308.52603
316.82373
308.52603
316.82373
308.52603
pt
323.61295
307.77155
323.61295
307.77155
323.61295
307.77155
pt
319.08673
312.29764
319.08673
312.29764
319.08673
312.29764
pt
310.0346
308.52603
310.0346
308.52603
310.0346
308.52603
pt
317.57794
292.6847
317.57794
292.6847
317.57794
292.6847
pt
325.12155
288.91312
325.12155
288.91312
325.12155
288.91312
pt
313.80627
288.15872
313.80627
288.15872
313.80627
288.15872
pt
315.3152
280.61533
315.3152
280.61533
315.3152
280.61533
pt
330.40195
278.3523
330.40195
278.3523
330.40195
278.3523
pt
331.1562
271.56326
331.1562
271.56326
331.1562
271.56326
pt
317.57794
266.28278
317.57794
266.28278
317.57794
266.28278
pt
324.36716
257.23068
324.36716
257.23068
324.36716
257.23068
pt
323.61295
241.38947
323.61295
241.38947
323.61295
241.38947
pt
310.78903
247.42421
310.78903
247.42421
310.78903
247.42421
pt
300.2282
257.23068
300.2282
257.23068
300.2282
257.23068
pt
305.50854
245.16112
305.50854
245.16112
305.50854
245.16112
pt
293.43912
255.722
293.43912
255.722
293.43912
255.722

running
20.0
4.0
false
pt
292.6847
263.26544
292.6847
263.26544
292.6847
263.26544
pt
295.7021
292.6847
295.7021
292.6847
295.7021
292.6847
pt
292.6847
308.52603
292.6847
308.52603
292.6847
308.52603
pt
292.6847
321.34973
292.6847
321.34973
292.6847
321.34973
pt
285.89566
329.64758
285.89566
329.64758
285.89566
329.64758
pt
280.61533
343.22583
280.61533
343.22583
280.61533
343.22583
pt
273.0719
350.76917
273.0719
350.76917
273.0719
350.76917
pt
269.30017
365.85596
269.30017
365.85596
269.30017
365.85596
pt
274.5806
382.4515
274.5806
382.4515
274.5806
382.4515
pt
277.5979
359.0669
277.5979
359.0669
277.5979
359.0669
pt
276.8436
350.01477
276.8436
350.01477
276.8436
350.01477
pt
282.1239
347.75177
282.1239
347.75177
282.1239
347.75177
pt
284.38702
350.76917
284.38702
350.76917
284.38702
350.76917
pt
288.15872
347.75177
288.15872
347.75177
288.15872
347.75177
pt
284.38702
341.7171
284.38702
341.7171
284.38702
341.7171
pt
287.40436
334.92792
287.40436
334.92792
287.40436
334.92792
pt
293.43912
343.22583
293.43912
343.22583
293.43912
343.22583
pt
288.91312
356.04947
288.91312
356.04947
288.91312
356.04947
pt
280.61533
355.29523
280.61533
355.29523
280.61533
355.29523
pt
277.5979
366.6103
277.5979
366.6103
277.5979
366.6103
pt
284.38702
371.8907
284.38702
371.8907
284.38702
371.8907
pt
290.42175
368.87338
290.42175
368.87338
290.42175
368.87338
pt
294.19348
359.0669
294.19348
359.0669
294.19348
359.0669
pt
286.6501
369.62766
286.6501
369.62766
286.6501
369.62766
pt
292.6847
382.4515
292.6847
382.4515
292.6847
382.4515
pt
297.96515
394.52097
297.96515
394.52097
297.96515
394.52097
pt
306.26294
399.04697
306.26294
399.04697
306.26294
399.04697
pt
305.50854
391.50363
305.50854
391.50363
305.50854
391.50363
pt
314.56073
403.57306
314.56073
403.57306
314.56073
403.57306
pt
326.6302
418.6599
326.6302
418.6599
326.6302
418.6599
pt
340.20847
422.43167
340.20847
422.43167
340.20847
422.43167
pt
325.8758
399.80136
325.8758
399.80136
325.8758
399.80136
pt
335.68225
402.81876
335.68225
402.81876
335.68225
402.81876
pt
346.9974
410.3621
346.9974
410.3621
346.9974
410.3621
pt
359.8213
417.9056
359.8213
417.9056
359.8213
417.9056
pt
374.15372
414.13382
374.15372
414.13382
374.15372
414.13382
pt
387.73193
396.78406
387.73193
396.78406
387.73193
396.78406
pt
398.29272
370.382
398.29272
370.382
398.29272
370.382
pt
399.04697
346.9974
399.04697
346.9974
399.04697
346.9974
pt
399.04697
333.4193
399.04697
333.4193
399.04697
333.4193
pt
399.80136
300.98254
399.80136
300.98254
399.80136
300.98254
pt
396.78406
288.15872
396.78406
288.15872
396.78406
288.15872
pt
402.06442
294.9478
402.06442
294.9478
402.06442
294.9478
pt
406.5904
323.61295
406.5904
323.61295
406.5904
323.61295
pt
411.87082
340.96268
411.87082
340.96268
411.87082
340.96268
pt
421.67725
356.8039
421.67725
356.8039
421.67725
356.8039

running
20.0
4.0
false
pt
422.43167
366.6103
422.43167
366.6103
422.43167
366.6103
pt
418.6599
384.71454
418.6599
384.71454
418.6599
384.71454
pt
412.62512
395.27527
412.62512
395.27527
412.62512
395.27527
pt
415.64252
407.3448
415.64252
407.3448
415.64252
407.3448
pt
411.1165
417.9056
411.1165
417.9056
411.1165
417.9056
pt
403.57306
420.92294
403.57306
420.92294
403.57306
420.92294
pt
408.0991
400.55573
408.0991
400.55573
408.0991
400.55573
pt
408.0991
383.2059
408.0991
383.2059
408.0991
383.2059
pt
411.1165
359.8213
411.1165
359.8213
411.1165
359.8213
pt
402.81876
370.382
402.81876
370.382
402.81876
370.382
pt
399.04697
393.01227
399.04697
393.01227
399.04697
393.01227
pt
393.01227
411.87082
393.01227
411.87082
393.01227
411.87082
pt
394.52097
427.71207
394.52097
427.71207
394.52097
427.71207
pt
382.4515
408.0991
382.4515
408.0991
382.4515
408.0991
pt
378.6798
424.69473
378.6798
424.69473
378.6798
424.69473
pt
394.52097
431.48386
394.52097
431.48386
394.52097
431.48386
pt
403.57306
423.1861
403.57306
423.1861
403.57306
423.1861
pt
408.85345
412.62512
408.85345
412.62512
408.85345
412.62512
pt
402.06442
401.31012
402.06442
401.31012
402.06442
401.31012
pt
391.50363
395.27527
391.50363
395.27527
391.50363
395.27527
pt
387.73193
419.4144
387.73193
419.4144
387.73193
419.4144
pt
380.9428
423.9403
380.9428
423.9403
380.9428
423.9403
pt
379.43405
411.1165
379.43405
411.1165
379.43405
411.1165
pt
373.39938
421.67725
373.39938
421.67725
373.39938
421.67725
pt
396.78406
440.53574
396.78406
440.53574
396.78406
440.53574
pt
399.80136
446.57065
399.80136
446.57065
399.80136
446.57065
pt
413.3795
455.62274
413.3795
455.62274
413.3795
455.62274
pt
397.53824
456.377
397.53824
456.377
397.53824
456.377
pt
378.6798
454.8684
378.6798
454.8684
378.6798
454.8684
pt
379.43405
446.57065
379.43405
446.57065
379.43405
446.57065
pt
374.90802
438.27274
374.90802
438.27274
374.90802
438.27274
pt
374.15372
442.7989
374.15372
442.7989
374.15372
442.7989
pt
370.382
453.35977
370.382
453.35977
370.382
453.35977
pt
340.96268
458.64008
340.96268
458.64008
340.96268
458.64008
pt
341.7171
466.1834
341.7171
466.1834
341.7171
466.1834
pt
311.54337
445.0618
311.54337
445.0618
311.54337
445.0618
pt
297.2108
424.69473
297.2108
424.69473
297.2108
424.69473
pt
280.61533
405.8361
280.61533
405.8361
280.61533
405.8361
pt
281.36972
417.9056
281.36972
417.9056
281.36972
417.9056
pt
291.93054
440.53574
291.93054
440.53574
291.93054
440.53574
pt
307.01733
461.65744
307.01733
461.65744
307.01733
461.65744
pt
288.15872
466.1834
288.15872
466.1834
288.15872
466.1834
pt
253.45906
448.8336
253.45906
448.8336
253.45906
448.8336
pt
218.0049
344.73444
216.49619
408.0991
219.51361
281.36972
pt
261.00235
242.14389
261.00235
242.14389
261.00235
242.14389
pt
75.43422
242.14389
75.43422
242.14389
75.43422
242.14389
pt
63.364765
247.42421
63.364765
247.42421
63.364765
247.42421
pt
52.04962
257.23068
52.04962
257.23068
52.04962
257.23068

satin
20.0
9.0
false
false
pt
48.277893
261.00235
48.277893
261.00235
48.277893
261.00235
pt
60.347366
261.00235
60.347366
261.00235
60.347366
261.00235
pt
47.52356
442.7989
47.52356
442.7989
47.52356
442.7989
pt
58.838696
442.04446
58.838696
442.04446
58.838696
442.04446

satin
20.0
9.0
true
false
pt
61.856052
259.49374
61.856052
259.49374
61.856052
259.49374
pt
49.03224
261.00235
49.03224
261.00235
49.03224
261.00235
pt
61.101707
444.3076
61.101707
444.3076
61.101707
444.3076
pt
46.769215
444.3076
46.769215
444.3076
46.769215
444.3076

running
20.0
9.0
false
pt
61.101707
254.96765
61.101707
254.96765
61.101707
254.96765
pt
67.13646
253.45906
67.13646
253.45906
67.13646
253.45906
pt
67.890816
248.17856
67.890816
248.17856
67.890816
248.17856
pt
128.99252
248.17856
128.99252
248.17856
128.99252
248.17856
pt
128.23819
254.21327
128.23819
254.21327
128.23819
254.21327
pt
135.78163
253.45906
135.78163
253.45906
135.78163
253.45906
pt
136.53595
248.17856
136.53595
248.17856
136.53595
248.17856
pt
202.91805
248.93292
202.91805
248.93292
202.91805
248.93292
pt
202.91805
254.21327
202.91805
254.21327
202.91805
254.21327
pt
206.68974
254.21327
206.68974
254.21327
206.68974
254.21327
pt
207.4441
248.93292
207.4441
248.93292
207.4441
248.93292
pt
243.65254
249.68723
243.65254
249.68723
243.65254
249.68723
pt
244.40683
254.96765
244.40683
254.96765
244.40683
254.96765
pt
64.119095
253.45906
64.119095
253.45906
64.119095
253.45906
pt
64.119095
271.56326
64.119095
271.56326
64.119095
271.56326

running
25.0
9.0
false
pt
69.399475
271.56326
69.399475
271.56326
69.399475
271.56326
pt
69.399475
286.6501
69.399475
286.6501
69.399475
286.6501
pt
70.15383
279.86093
70.15383
279.86093
70.15383
279.86093
pt
76.94289
278.3523
76.94289
278.3523
76.94289
278.3523
pt
76.94289
271.56326
76.94289
271.56326
76.94289
271.56326
pt
76.94289
286.6501
76.94289
286.6501
76.94289
286.6501
pt
82.97766
286.6501
82.97766
287.40436
82.97766
285.89566
pt
88.25805
286.6501
88.25805
286.6501
88.25805
286.6501
pt
92.02974
283.6327
92.02974
283.6327
92.02974
283.6327
pt
89.01237
280.61533
89.01237
280.61533
89.01237
280.61533
pt
83.73198
279.10666
83.73198
279.10666
83.73198
279.10666
pt
90.521065
279.10666
90.521065
279.10666
90.521065
279.10666
pt
92.02974
276.0893
92.02974
276.0893
92.02974
276.0893
pt
89.76672
272.3175
89.76672
272.3175
89.76672
272.3175
pt
82.97766
271.56326
82.97766
271.56326
82.97766
271.56326
pt
82.97766
286.6501
82.97766
286.6501
82.97766
286.6501
pt
99.57318
285.89566
99.57318
285.89566
99.57318
285.89566
pt
104.09924
285.89566
104.09924
285.89566
104.09924
285.89566
pt
107.870964
282.87833
107.870964
282.87833
107.870964
282.87833
pt
105.60792
277.5979
105.60792
277.5979
105.60792
277.5979
pt
100.32753
279.86093
100.32753
279.86093
100.32753
279.86093
pt
99.57318
271.56326
99.57318
271.56326
99.57318
271.56326
pt
108.625275
271.56326
108.625275
271.56326
108.625275
271.56326
pt
116.92303
271.56326
116.92303
271.56326
116.92303
271.56326
pt
122.203415
275.33487
122.203415
275.33487
122.203415
275.33487
pt
112.396965
282.87833
112.396965
282.87833
112.396965
282.87833
pt
116.92303
285.89566
116.92303
285.89566
116.92303
285.89566
pt
119.94041
282.87833
119.94041
282.87833
119.94041
282.87833
pt
113.15133
276.0893
113.15133
276.0893
113.15133
276.0893
pt
120.69473
271.56326
120.69473
271.56326
120.69473
271.56326
pt
129.74687
271.56326
129.74687
271.56326
129.74687
271.56326
pt
134.27292
274.5806
134.27292
274.5806
134.27292
274.5806
pt
125.22079
282.87833
125.22079
282.87833
125.22079
282.87833
pt
129.74687
285.89566
129.74687
285.89566
129.74687
285.89566
pt
134.27292
282.1239
134.27292
282.1239
134.27292
282.1239
pt
126.72953
274.5806
126.72953
274.5806
126.72953
274.5806
pt
132.00984
271.56326
132.00984
272.3175
132.00984
270.8088
pt
147.09674
272.3175
147.09674
272.3175
147.09674
272.3175
pt
139.55333
272.3175
139.55333
272.3175
139.55333
272.3175

running
25.0
9.0
false
pt
140.30766
279.10666
140.30766
279.10666
140.30766
279.10666
pt
144.07936
277.5979
144.07936
277.5979
144.07936
277.5979
pt
147.85104
282.87833
147.85104
282.87833
147.85104
282.87833
pt
141.06195
286.6501
141.06195
286.6501
141.06195
286.6501
pt
138.04465
286.6501
138.04465
286.6501
138.04465
286.6501
pt
152.3771
285.89566
152.3771
285.89566
152.3771
285.89566
pt
156.90314
285.89566
156.90314
285.89566
156.90314
285.89566
pt
159.92053
282.87833
159.92053
282.87833
159.92053
282.87833
pt
158.41187
277.5979
158.41187
277.5979
158.41187
277.5979
pt
153.88577
279.10666
153.88577
279.10666
153.88577
279.10666
pt
153.88577
271.56326
153.88577
271.56326
153.88577
271.56326
pt
160.67487
271.56326
160.67487
271.56326
160.67487
271.56326
pt
165.95532
275.33487
165.95532
275.33487
165.95532
275.33487

running
25.0
9.0
false
pt
165.95532
275.33487
165.95532
275.33487
165.95532
275.33487
pt
170.48134
272.3175
170.48134
272.3175
170.48134
272.3175
pt
174.25305
276.0893
174.25305
276.0893
174.25305
276.0893
pt
169.72702
280.61533
169.72702
280.61533
169.72702
280.61533
pt
166.70966
285.89566
166.70966
285.89566
166.70966
285.89566
pt
174.25305
285.89566
174.25305
285.89566
174.25305
285.89566

running
25.0
9.0
false
pt
174.25305
285.89566
174.25305
285.89566
174.25305
285.89566
pt
185.56818
285.89566
185.56818
285.89566
185.56818
285.89566
pt
185.56818
273.8262
185.56818
273.8262
185.56818
273.8262
pt
186.32254
280.61533
186.32254
280.61533
186.32254
280.61533
pt
179.53345
281.36972
179.53345
281.36972
179.53345
281.36972
pt
179.53345
271.56326
179.53345
271.56326
179.53345
271.56326
pt
179.53345
281.36972
179.53345
281.36972
179.53345
281.36972
pt
189.3399
281.36972
189.3399
281.36972
189.3399
281.36972
pt
193.11157
285.89566
193.11157
285.89566
193.11157
285.89566
pt
200.65506
286.6501
200.65506
286.6501
200.65506
286.6501
pt
192.35727
286.6501
192.35727
286.6501
192.35727
286.6501
pt
193.86597
282.1239
193.86597
282.1239
193.86597
282.1239
pt
199.90068
278.3523
199.90068
278.3523
199.90068
278.3523
pt
199.90068
273.8262
199.90068
273.8262
199.90068
273.8262
pt
196.88335
272.3175
196.88335
272.3175
196.88335
272.3175
pt
191.60295
276.0893
191.60295
276.0893
191.60295
276.0893
pt
193.11157
271.56326
193.11157
271.56326
193.11157
271.56326
pt
209.7072
272.3175
209.7072
272.3175
209.7072
272.3175
pt
218.75925
272.3175
218.75925
272.3175
218.75925
272.3175
pt
214.23322
272.3175
214.23322
272.3175
214.23322
272.3175
pt
214.9875
285.1415
214.9875
285.1415
214.9875
285.1415
pt
218.75925
285.1415
218.75925
285.1415
218.75925
285.1415
pt
69.399475
288.15872
69.399475
288.15872
69.399475
288.15872
pt
69.399475
308.52603
69.399475
308.52603
69.399475
308.52603
pt
74.67989
308.52603
74.67989
308.52603
74.67989
308.52603
pt
77.69726
304.7542
77.69726
304.7542
77.69726
304.7542
pt
74.67989
300.98254
74.67989
300.98254
74.67989
300.98254
pt
68.64515
300.98254
68.64515
300.98254
68.64515
300.98254
pt
77.69726
298.71957
77.69726
298.71957
77.69726
298.71957
pt
75.43422
294.19348
75.43422
294.19348
75.43422
294.19348
pt
70.15383
294.19348
70.15383
294.19348
70.15383
294.19348
pt
78.45157
294.19348
78.45157
294.19348
78.45157
294.19348
pt
82.97766
297.96515
82.97766
297.96515
82.97766
297.96515
pt
86.74935
294.19348
86.74935
294.19348
86.74935
294.19348
pt
91.27541
296.4565
91.27541
296.4565
91.27541
296.4565
pt
89.01237
301.73688
89.01237
301.73688
89.01237
301.73688
pt
83.73198
304.7542
83.73198
304.7542
83.73198
304.7542
pt
83.73198
307.77155
83.73198
307.77155
83.73198
307.77155
pt
90.521065
308.52603
90.521065
308.52603
90.521065
308.52603

running
25.0
9.0
false
pt
92.02974
309.28015
92.02974
309.28015
92.02974
309.28015
pt
112.396965
327.38452
112.396965
327.38452
112.396965
327.38452

satin
25.0
10.0
false
false
pt
118.43172
331.1562
118.43172
331.1562
118.43172
331.1562
pt
110.88831
326.6302
110.88831
326.6302
110.88831
326.6302
pt
155.39452
325.8758
135.78163
309.28015
174.57137
342.10242
pt
160.67487
319.08673
135.6573
298.1261
188.58556
342.47137
pt
156.14882
362.08426
156.14882
362.08426
156.14882
362.08426
pt
161.42926
370.382
161.42926
370.382
161.42926
370.382
pt
119.94041
359.0669
135.78163
378.6798
104.09924
339.45404
pt
110.88831
363.59286
125.570786
392.04034
98.81882
340.20847
pt
118.43172
330.40195
118.43172
330.40195
118.43172
330.40195
pt
111.64266
328.89316
111.64266
328.89316
111.64266
328.89316

running
25.0
10.0
false
pt
121.44908
331.1562
121.44908
331.1562
121.44908
331.1562
pt
118.43172
342.47137
118.43172
342.47137
118.43172
342.47137
pt
125.97515
337.19104
125.97515
337.19104
125.97515
337.19104
pt
134.27292
337.94528
134.27292
337.94528
134.27292
337.94528
pt
124.46646
332.66492
124.46646
332.66492
124.46646
332.66492
pt
125.97515
330.40195
125.97515
330.40195
125.97515
330.40195
pt
135.02728
331.1562
135.02728
331.1562
135.02728
331.1562
pt
131.25551
324.36716
131.25551
324.36716
131.25551
324.36716
pt
119.94041
333.4193
119.94041
333.4193
119.94041
333.4193
pt
134.27292
334.17358
134.27292
334.17358
134.27292
334.17358
pt
139.55333
332.66492
139.55333
332.66492
139.55333
332.66492
pt
144.07936
325.12155
144.07936
325.12155
144.07936
325.12155
pt
150.1141
325.8758
150.1141
325.8758
150.1141
325.8758
pt
158.41187
337.19104
158.41187
337.19104
158.41187
337.19104
pt
150.1141
335.68225
150.1141
335.68225
150.1141
335.68225
pt
144.83366
337.94528
144.83366
337.94528
144.83366
337.94528
pt
143.32504
335.68225
143.32504
335.68225
143.32504
335.68225
pt
151.62277
331.1562
151.62277
331.1562
151.62277
331.1562
pt
147.85104
328.13895
147.85104
328.13895
147.85104
328.13895
pt
138.79895
336.4366
138.79895
336.4366
138.79895
336.4366
pt
135.78163
328.89316
135.78163
328.89316
135.78163
328.89316
pt
140.30766
324.36716
140.30766
324.36716
140.30766
324.36716
pt
134.27292
325.12155
134.27292
325.12155
134.27292
325.12155
pt
140.30766
326.6302
140.30766
326.6302
140.30766
326.6302
pt
141.06195
339.45404
141.06195
339.45404
141.06195
339.45404
pt
150.86844
340.96268
150.86844
340.96268
150.86844
340.96268
pt
150.1141
356.04947
150.1141
356.04947
150.1141
356.04947
pt
147.85104
344.73444
147.85104
344.73444
147.85104
344.73444
pt
146.34235
359.8213
146.34235
359.8213
146.34235
359.8213
pt
144.07936
345.48874
144.07936
345.48874
144.07936
345.48874
pt
142.57076
361.32983
142.57076
361.32983
142.57076
361.32983
pt
138.79895
346.24304
138.79895
346.24304
138.79895
346.24304
pt
138.04465
360.57556
138.04465
360.57556
138.04465
360.57556
pt
134.27292
343.98
134.27292
343.98
134.27292
343.98
pt
132.76427
360.57556
132.76427
360.57556
132.76427
360.57556
pt
129.74687
344.73444
129.74687
344.73444
129.74687
344.73444
pt
127.483826
357.55826
127.483826
357.55826
127.483826
357.55826

satin
25.0
10.0
false
false
pt
125.22079
343.22583
125.22079
343.22583
125.22079
343.22583
pt
116.16871
343.98
116.16871
343.98
116.16871
343.98
pt
128.23819
353.7865
128.23819
353.7865
128.23819
353.7865
pt
125.97515
362.08426
125.97515
362.08426
125.97515
362.08426
pt
135.02728
360.57556
135.02728
360.57556
135.02728
360.57556
pt
136.53595
364.34726
136.53595
364.34726
136.53595
364.34726

satin
25.0
10.0
false
false
pt
144.83366
360.57556
144.83366
360.57556
144.83366
360.57556
pt
141.06195
365.10165
141.06195
365.10165
141.06195
365.10165
pt
150.1141
353.0322
150.1141
353.0322
150.1141
353.0322
pt
153.88577
361.32983
153.88577
361.32983
153.88577
361.32983
pt
151.62277
340.20847
151.62277
340.20847
151.62277
340.20847
pt
159.92053
341.7171
159.92053
341.7171
159.92053
341.7171

running
25.0
10.0
false
pt
161.42926
339.45404
161.42926
339.45404
161.42926
339.45404
pt
132.00984
322.10413
158.41187
316.06937
105.60792
328.13895
pt
118.43172
354.54083
118.43172
354.54083
118.43172
354.54083
pt
147.09674
365.85596
122.957756
373.39938
171.23569
358.3126
pt
160.67487
340.20847
160.67487
340.20847
160.67487
340.20847
pt
171.99
338.69965
171.99
338.69965
171.99
338.69965
pt
144.07936
377.1711
177.27042
374.15372
110.88831
380.18848
pt
104.8536
349.26038
104.8536
349.26038
104.8536
349.26038
pt
132.00984
311.54337
102.59052
317.57794
161.42926
305.50854
pt
172.74437
335.68225
172.74437
335.68225
172.74437
335.68225
pt
173.4987
343.98
173.4987
343.98
173.4987
343.98
pt
168.2183
362.8386
168.2183
362.8386
168.2183
362.8386
pt
150.86844
375.66232
150.86844
375.66232
150.86844
375.66232
pt
137.2903
378.6798
137.2903
378.6798
137.2903
378.6798
pt
136.53595
395.27527
136.53595
395.27527
136.53595
395.27527
pt
186.32254
393.7667
186.32254
393.7667
186.32254
393.7667
pt
89.76672
395.27527
89.76672
395.27527
89.76672
395.27527
pt
136.53595
397.53824
136.53595
397.53824
136.53595
397.53824
pt
136.53595
400.55573
136.53595
400.55573
136.53595
400.55573
pt
76.94289
400.55573
76.94289
400.55573
76.94289
400.55573
pt
202.1637
402.06442
202.1637
402.06442
202.1637
402.06442
pt
135.78163
404.3274
135.78163
404.3274
135.78163
404.3274
pt
135.78163
413.3795
135.78163
413.3795
135.78163
413.3795
pt
128.99252
420.1687
128.99252
420.1687
128.99252
420.1687
pt
119.94041
418.6599
119.94041
418.6599
119.94041
418.6599
pt
122.203415
412.62512
122.203415
412.62512
122.203415
412.62512
pt
107.870964
420.1687
107.870964
420.1687
107.870964
420.1687
pt
92.78409
420.1687
92.78409
420.1687
92.78409
420.1687
pt
101.8362
410.3621
101.8362
410.3621
101.8362
410.3621
pt
93.53843
414.8882
93.53843
414.8882
93.53843
414.8882
pt
86.74935
415.64252
86.74935
415.64252
86.74935
415.64252
pt
86.74935
420.1687
86.74935
420.1687
86.74935
420.1687
pt
91.27541
411.1165
91.27541
411.1165
91.27541
411.1165
pt
102.59052
415.64252
102.59052
415.64252
102.59052
415.64252
pt
112.396965
416.39697
112.396965
416.39697
112.396965
416.39697
pt
130.50117
417.9056
130.50117
417.9056
130.50117
417.9056
pt
141.06195
417.9056
141.06195
417.9056
141.06195
417.9056
pt
150.1141
411.87082
150.1141
411.87082
150.1141
411.87082
pt
144.07936
419.4144
144.07936
419.4144
144.07936
419.4144
pt
153.88577
417.9056
153.88577
417.9056
153.88577
417.9056
pt
165.95532
416.39697
165.95532
416.39697
165.95532
416.39697
pt
164.44658
410.3621
164.44658
410.3621
164.44658
410.3621
pt
157.6576
414.13382
157.6576
414.13382
157.6576
414.13382
pt
159.16618
420.92294
159.16618
420.92294
159.16618
420.92294
pt
171.99
418.6599
171.99
418.6599
171.99
418.6599
pt
184.05948
419.4144
184.05948
419.4144
184.05948
419.4144
pt
187.07686
417.1514
187.07686
417.1514
187.07686
417.1514
pt
180.28778
418.6599
180.28778
418.6599
180.28778
418.6599
pt
184.05948
411.87082
184.05948
411.87082
184.05948
411.87082
pt
176.5161
418.6599
176.5161
418.6599
176.5161
418.6599
pt
165.20097
419.4144
165.20097
419.4144
165.20097
419.4144
pt
171.99
410.3621
171.99
410.3621
171.99
410.3621
pt
169.72702
417.9056
169.72702
417.9056
169.72702
417.9056
pt
165.20097
430.72937
165.20097
430.72937
165.20097
430.72937
pt
176.5161
430.72937
176.5161
430.72937
176.5161
430.72937
pt
100.32753
429.2206
100.32753
429.2206
100.32753
429.2206
pt
100.32753
432.99237
100.32753
432.99237
100.32753
432.99237
pt
226.30266
432.2381
226.30266
432.2381
226.30266
432.2381
pt
226.30266
426.20337
226.30266
426.20337
226.30266
426.20337
pt
203.6724
426.20337
203.6724
426.20337
203.6724
426.20337
pt
203.6724
432.2381
203.6724
432.2381
203.6724
432.2381
pt
205.93541
438.27274
205.93541
438.27274
205.93541
438.27274
pt
222.5309
438.27274
222.5309
438.27274
222.5309
438.27274
pt
226.30266
432.2381
226.30266
432.2381
226.30266
432.2381
pt
227.05696
437.5185
227.05696
437.5185
227.05696
437.5185
pt
223.28532
443.55325
223.28532
443.55325
223.28532
443.55325
pt
205.18105
444.3076
205.18105
444.3076
205.18105
444.3076
pt
202.91805
437.5185
202.91805
437.5185
202.91805
437.5185
pt
194.62027
444.3076
194.62027
444.3076
194.62027
444.3076

running
25.0
10.0
false
pt
195.37457
448.07925
195.37457
448.07925
195.37457
448.07925
pt
189.3399
440.53574
189.3399
440.53574
189.3399
440.53574
pt
175.00739
438.27274
175.00739
438.27274
175.00739
438.27274
pt
159.16618
441.2902
159.16618
441.2902
159.16618
441.2902
pt
152.3771
447.32495
152.3771
447.32495
152.3771
447.32495
pt
152.3771
459.39447
152.3771
459.39447
152.3771
459.39447
pt
162.9379
466.1834
162.9379
466.1834
162.9379
466.1834
pt
173.4987
466.9378
173.4987
466.9378
173.4987
466.9378
pt
178.02473
463.166
178.02473
463.166
178.02473
463.166
pt
177.27042
448.8336
177.27042
448.8336
177.27042
448.8336
pt
175.00739
437.5185
175.00739
437.5185
175.00739
437.5185
pt
168.97264
441.2902
168.97264
441.2902
168.97264
441.2902
pt
168.97264
460.14886
168.97264
460.14886
168.97264
460.14886
pt
174.25305
467.6921
164.44658
467.6921
184.05948
467.6921
pt
190.09424
463.92056
190.09424
464.67484
190.09424
463.166
pt
195.37457
455.62274
195.37457
455.62274
195.37457
455.62274
pt
196.12897
451.85092
196.12897
451.85092
196.12897
451.85092
pt
193.11157
444.3076
193.11157
444.3076
193.11157
444.3076
pt
182.55083
438.27274
182.55083
438.27274
182.55083
438.27274
pt
167.46396
436.76413
167.46396
436.76413
167.46396
436.76413
pt
153.88577
442.7989
153.88577
442.7989
153.88577
442.7989
pt
149.35979
449.58786
149.35979
449.58786
149.35979
449.58786
pt
147.09674
460.9032
147.09674
460.9032
147.09674
460.9032
pt
138.04465
467.6921
138.04465
467.6921
138.04465
467.6921
pt
123.712105
469.2009
123.712105
469.2009
123.712105
469.2009
pt
112.396965
467.6921
112.396965
467.6921
112.396965
467.6921
pt
104.8536
461.65744
104.8536
461.65744
104.8536
461.65744
pt
101.8362
451.85092
101.8362
451.85092
101.8362
451.85092
pt
107.11661
442.04446
107.11661
442.04446
107.11661
442.04446
pt
113.905685
438.27274
113.905685
438.27274
113.905685
438.27274
pt
126.72953
437.5185
126.72953
438.27274
126.72953
436.76413
pt
130.50117
441.2902
130.50117
441.2902
130.50117
441.2902
pt
130.50117
462.41183
130.50117
462.41183
130.50117
462.41183
pt
128.99252
465.42917
128.99252
465.42917
128.99252
465.42917
pt
126.72953
467.6921
126.72953
467.6921
126.72953
467.6921
pt
120.69473
463.166
120.69473
463.166
120.69473
463.166
pt
119.94041
442.7989
119.94041
442.7989
119.94041
442.7989
pt
122.957756
439.02722
122.957756
439.02722
122.957756
439.02722
pt
132.00984
437.5185
132.00984
437.5185
132.00984
437.5185
pt
141.81635
439.7815
141.81635
439.7815
141.81635
439.7815
pt
147.85104
445.0618
147.85104
445.0618
147.85104
445.0618
pt
148.6054
454.11392
148.6054
454.11392
148.6054
454.11392
pt
141.06195
466.1834
141.06195
466.1834
141.06195
466.1834
pt
132.76427
468.4466
132.76427
468.4466
132.76427
468.4466
pt
116.16871
469.2009
116.16871
469.2009
116.16871
469.2009
pt
109.37962
467.6921
109.37962
467.6921
109.37962
467.6921
pt
74.67989
466.9378
74.67989
466.9378
74.67989
466.9378
pt
83.73198
463.166
83.73198
463.166
83.73198
463.166
pt
83.73198
455.62274
83.73198
455.62274
83.73198
455.62274
pt
83.73198
448.8336
83.73198
448.8336
83.73198
448.8336
pt
79.20593
442.7989
79.20593
442.7989
79.20593
442.7989
pt
73.92552
442.04446
73.92552
442.04446
73.92552
442.04446
pt
82.97766
439.7815
82.97766
439.7815
82.97766
439.7815
pt
89.01237
436.0098
89.01237
436.0098
89.01237
436.0098
pt
100.32753
436.76413
100.32753
436.76413
100.32753
436.76413
pt
101.08185
460.14886
101.08185
460.14886
101.08185
460.14886
pt
101.8362
462.41183
101.8362
462.41183
101.8362
462.41183
pt
107.11661
467.6921
107.11661
467.6921
107.11661
467.6921

running
25.0
10.0
false
pt
119.18609
469.9551
119.18609
469.9551
119.18609
469.9551
pt
138.79895
467.6921
138.79895
467.6921
138.79895
467.6921
pt
150.1141
449.58786
150.1141
449.58786
150.1141
449.58786
pt
154.64008
460.14886
154.64008
460.14886
154.64008
460.14886
pt
164.44658
465.42917
164.44658
465.42917
164.44658
465.42917
pt
181.04213
465.42917
181.04213
465.42917
181.04213
465.42917
pt
192.35727
461.65744
192.35727
461.65744
192.35727
461.65744
pt
195.37457
451.09665
195.37457
451.09665
195.37457
451.09665
pt
196.88335
448.8336
196.88335
448.8336
196.88335
448.8336

satin
25.0
10.0
false
false
pt
198.39203
449.58786
198.39203
449.58786
198.39203
449.58786
pt
214.9875
449.58786
214.9875
449.58786
214.9875
449.58786
pt
193.86597
461.65744
193.86597
461.65744
193.86597
461.65744
pt
214.9875
463.166
214.9875
463.166
214.9875
463.166
pt
187.83116
469.2009
187.83116
469.2009
187.83116
469.2009
pt
212.72447
475.23566
212.72447
475.23566
212.72447
475.23566
pt
178.02473
471.4639
178.02473
471.4639
178.02473
471.4639
pt
181.04213
475.98993
181.04213
475.98993
181.04213
475.98993
pt
162.9379
469.2009
162.9379
469.2009
162.9379
469.2009
pt
160.67487
475.98993
160.67487
475.98993
160.67487
475.98993
pt
150.1141
457.88562
150.1141
457.88562
150.1141
457.88562
pt
150.1141
476.74435
150.1141
476.74435
150.1141
476.74435
pt
136.53595
469.2009
136.53595
469.2009
136.53595
469.2009
pt
136.53595
475.98993
136.53595
475.98993
136.53595
475.98993
pt
74.67989
468.4466
74.67989
468.4466
74.67989
468.4466
pt
70.90817
476.74435
70.90817
476.74435
70.90817
476.74435
pt
56.575665
470.70956
56.575665
470.70956
56.575665
470.70956
pt
61.101707
472.2182
61.101707
472.2182
61.101707
472.2182

satin
25.0
10.0
false
false
pt
80.71463
450.34235
80.71463
450.34235
80.71463
450.34235
pt
61.101707
446.57065
61.101707
446.57065
61.101707
446.57065
pt
74.67989
466.9378
74.67989
466.9378
74.67989
466.9378
pt
59.593044
469.9551
59.593044
469.9551
59.593044
469.9551

satin
25.0
8.0
true
false
pt
61.101707
446.57065
61.101707
446.57065
61.101707
446.57065
pt
46.769215
446.57065
46.769215
446.57065
46.769215
446.57065
pt
58.838696
452.60532
58.838696
452.60532
58.838696
452.60532
pt
49.78659
464.67484
49.78659
464.67484
49.78659
464.67484
pt
63.364765
455.62274
63.364765
455.62274
63.364765
455.62274
pt
61.856052
467.6921
61.856052
467.6921
61.856052
467.6921

running
25.0
8.0
false
pt
63.364765
445.0618
63.364765
445.0618
63.364765
445.0618
pt
70.15383
446.57065
70.15383
446.57065
70.15383
446.57065
pt
82.22329
447.32495
82.22329
447.32495
82.22329
447.32495
pt
73.17117
442.04446
73.17117
442.04446
73.17117
442.04446
pt
82.22329
439.7815
82.22329
439.7815
82.22329
439.7815
pt
89.01237
435.25543
89.01237
435.25543
89.01237
435.25543
pt
99.57318
435.25543
99.57318
435.25543
99.57318
435.25543
pt
100.32753
448.07925
100.32753
448.07925
100.32753
448.07925
pt
110.133934
438.27274
110.133934
438.27274
110.133934
438.27274
pt
118.43172
436.0098
118.43172
436.0098
118.43172
436.0098
pt
138.04465
437.5185
138.04465
437.5185
138.04465
437.5185
pt
144.83366
442.04446
144.83366
442.04446
144.83366
442.04446
pt
149.35979
446.57065
149.35979
446.57065
149.35979
446.57065
pt
157.6576
441.2902
157.6576
441.2902
157.6576
441.2902
pt
174.25305
437.5185
174.25305
437.5185
174.25305
437.5185
pt
184.05948
440.53574
184.05948
440.53574
184.05948
440.53574
pt
193.11157
445.81638
193.11157
445.81638
193.11157
445.81638
pt
196.88335
448.07925
196.88335
448.07925
196.88335
448.07925
pt
257.23068
448.07925
257.23068
448.07925
257.23068
448.07925
pt
275.33487
463.92056
275.33487
463.92056
275.33487
463.92056
pt
281.36972
473.72687
281.36972
473.72687
281.36972
473.72687

satin
25.0
8.0
false
false
pt
271.56326
460.14886
271.56326
460.14886
271.56326
460.14886
pt
283.6327
475.98993
283.6327
475.98993
283.6327
475.98993
pt
256.47638
456.377
256.47638
456.377
256.47638
456.377
pt
256.47638
469.9551
256.47638
469.9551
256.47638
469.9551
pt
238.37218
463.166
238.37218
463.166
238.37218
463.166
pt
231.583
473.72687
231.583
473.72687
231.583
473.72687
pt
238.37218
450.34235
238.37218
450.34235
238.37218
450.34235
pt
220.26787
448.07925
220.26787
448.07925
220.26787
448.07925

satin
25.0
8.0
false
false
pt
236.86343
448.8336
236.86343
448.8336
236.86343
448.8336
pt
258.73932
450.34235
258.73932
450.34235
258.73932
450.34235
pt
238.37218
463.92056
238.37218
463.92056
238.37218
463.92056
pt
250.44157
459.39447
250.44157
459.39447
250.44157
459.39447

satin
25.0
8.0
false
false
pt
231.583
470.70956
231.583
470.70956
231.583
470.70956
pt
209.7072
472.97263
209.7072
472.97263
209.7072
472.97263
pt
228.5657
452.60532
228.5657
452.60532
228.5657
452.60532
pt
209.7072
450.34235
209.7072
450.34235
209.7072
450.34235

running
25.0
8.0
false
pt
236.1091
479.0074
236.1091
479.0074
236.1091
479.0074
pt
47.52356
479.0074
47.52356
479.0074
47.52356
479.0074
pt
48.277893
460.9032
48.277893
460.9032
48.277893
460.9032
pt
52.80396
466.9378
52.80396
466.9378
52.80396
466.9378
pt
58.084354
472.2182
58.084354
472.2182
58.084354
472.2182
pt
65.627754
476.74435
65.627754
476.74435
65.627754
476.74435
pt
52.04962
476.74435
52.04962
476.74435
52.04962
476.74435
pt
51.29526
469.2009
51.29526
469.2009
51.29526
469.2009
pt
55.82133
473.72687
55.82133
473.72687
55.82133
473.72687
pt
55.82133
463.166
55.82133
463.166
55.82133
463.166
pt
46.01487
445.0618
46.01487
445.0618
46.01487
445.0618
pt
46.769215
237.61783
46.769215
237.61783
46.769215
237.61783
pt
47.52356
452.60532
47.52356
452.60532
47.52356
452.60532
pt
51.29526
460.9032
51.29526
460.9032
51.29526
460.9032
pt
62.610394
469.9551
62.610394
469.9551
62.610394
469.9551
pt
73.92552
479.0074
73.92552
479.0074
73.92552
479.0074
pt
405.08182
478.25287
405.08182
478.25287
405.08182
478.25287
pt
408.85345
467.6921
408.85345
467.6921
408.85345
467.6921

satin
25.0
10.0
true
false
pt
408.0991
448.07925
408.0991
448.07925
408.0991
448.07925
pt
416.39697
455.62274
416.39697
455.62274
416.39697
455.62274
pt
681.92535
446.57065
681.92535
446.57065
681.92535
446.57065
pt
681.92535
453.35977
681.92535
453.35977
681.92535
453.35977
pt
694.74915
442.04446
694.74915
442.04446
694.74915
442.04446
pt
690.2232
454.11392
690.2232
454.11392
690.2232
454.11392
pt
706.8186
426.95764
706.8186
426.95764
706.8186
426.95764
pt
692.4861
459.39447
692.4861
459.39447
692.4861
459.39447
pt
707.573
445.81638
707.573
445.81638
707.573
445.81638
pt
690.9775
464.67484
690.9775
464.67484
690.9775
464.67484
pt
693.9948
472.2182
707.573
464.67484
680.41693
479.76163
pt
681.92535
466.1834
681.92535
466.1834
681.92535
466.1834
pt
565.00226
475.23566
565.00226
475.23566
565.00226
475.23566
pt
564.2478
466.1834
564.2478
466.1834
564.2478
466.1834
pt
407.3448
476.74435
407.3448
476.74435
407.3448
476.74435
pt
411.87082
467.6921
411.87082
467.6921
411.87082
467.6921
pt
432.2381
463.92056
432.2381
463.92056
432.2381
463.92056

satin
25.0
13.0
false
false
pt
408.85345
469.2009
408.85345
469.2009
408.85345
469.2009
pt
397.53824
466.1834
397.53824
466.1834
397.53824
466.1834
pt
415.64252
467.6921
415.64252
467.6921
415.64252
467.6921
pt
409.60785
456.377
409.60785
456.377
409.60785
456.377
pt
690.2232
467.6921
690.2232
467.6921
690.2232
467.6921
pt
690.2232
456.377
690.2232
456.377
690.2232
456.377

satin
20.0
9.0
false
false
pt
709.08167
252.70464
709.08167
252.70464
709.08167
252.70464
pt
696.25775
254.21327
696.25775
254.21327
696.25775
254.21327
pt
708.3275
437.5185
708.3275
437.5185
708.3275
437.5185
pt
693.9948
437.5185
693.9948
437.5185
693.9948
437.5185

satin
20.0
9.0
false
false
pt
706.0644
256.47638
706.0644
256.47638
706.0644
256.47638
pt
693.2405
257.98505
693.2405
257.98505
693.2405
257.98505
pt
705.3099
441.2902
705.3099
441.2902
705.3099
441.2902
pt
690.9775
441.2902
690.9775
441.2902
690.9775
441.2902

running
25.0
13.0
false
pt
707.573
439.7815
707.573
439.7815
707.573
439.7815
pt
707.573
236.86343
707.573
236.86343
707.573
236.86343
pt
708.3275
216.49619
708.3275
216.49619
708.3275
216.49619
pt
707.573
251.19597
707.573
251.19597
707.573
251.19597
pt
694.74915
252.70464
694.74915
252.70464
694.74915
252.70464
pt
689.4689
245.16112
689.4689
245.16112
689.4689
245.16112
pt
674.3821
242.89816
674.3821
242.89816
674.3821
242.89816
pt
410.3621
242.14389
410.3621
242.14389
410.3621
242.14389
pt
546.898
240.63504
546.898
240.63504
546.898
240.63504
pt
547.6524
246.6699
547.6524
246.6699
547.6524
246.6699
pt
513.7072
246.6699
513.7072
246.6699
513.7072
246.6699
pt
514.46136
255.722
514.46136
255.722
514.46136
255.722
pt
582.3522
254.96765
582.3522
254.96765
582.3522
254.96765
pt
582.3522
246.6699
582.3522
246.6699
582.3522
246.6699
pt
560.47626
246.6699
560.47626
246.6699
560.47626
246.6699
pt
558.9676
254.21327
558.9676
254.21327
558.9676
254.21327
pt
534.8288
255.722
534.8288
255.722
534.8288
255.722
pt
534.0744
244.40683
534.0744
244.40683
534.0744
244.40683
pt
546.898
251.9503
546.898
251.9503
546.898
251.9503
pt
546.898
259.49374
546.898
259.49374
546.898
259.49374
pt
549.1612
274.5806
549.1612
274.5806
549.1612
274.5806
pt
565.75665
272.3175
565.75665
272.3175
565.75665
272.3175
pt
659.29517
277.5979
659.29517
277.5979
659.29517
277.5979
pt
660.8039
258.73932
660.8039
258.73932
660.8039
258.73932
pt
432.2381
255.722
432.2381
255.722
432.2381
255.722
pt
433.74667
272.3175
433.74667
272.3175
433.74667
272.3175
pt
439.7815
276.0893
439.7815
276.0893
439.7815
276.0893
pt
536.3374
273.8262
536.3374
273.8262
536.3374
273.8262
pt
545.3896
268.54584
545.3896
268.54584
545.3896
268.54584
pt
544.635
276.0893
544.635
276.0893
544.635
276.0893
pt
626.8583
277.5979
626.8583
277.5979
626.8583
277.5979
pt
638.17346
293.43912
638.17346
293.43912
638.17346
293.43912
pt
496.35712
292.6847
496.35712
292.6847
496.35712
292.6847
pt
464.67484
293.43912
464.67484
293.43912
464.67484
293.43912
pt
459.39447
285.1415
459.39447
285.1415
459.39447
285.1415
pt
461.65744
278.3523
461.65744
278.3523
461.65744
278.3523
pt
498.62015
273.0719
498.62015
273.0719
498.62015
273.0719
pt
505.40927
276.0893
505.40927
276.0893
505.40927
276.0893
pt
496.35712
291.93054
496.35712
291.93054
496.35712
291.93054
pt
508.42654
308.52603
508.42654
308.52603
508.42654
308.52603
pt
500.88315
313.80627
500.88315
313.80627
500.88315
313.80627
pt
512.19836
307.01733
512.19836
307.01733
512.19836
307.01733
pt
512.19836
371.8907
512.19836
371.8907
512.19836
371.8907
pt
516.72437
377.92535
516.72437
377.92535
516.72437
377.92535
pt
501.6377
378.6798
501.6377
378.6798
501.6377
378.6798
pt
506.91812
371.8907
506.91812
371.8907
506.91812
371.8907
pt
506.16357
315.3152
506.16357
315.3152
506.16357
315.3152
pt
519.74146
305.50854
519.74146
305.50854
519.74146
305.50854
pt
539.35486
303.24554
539.35486
303.24554
539.35486
303.24554
pt
547.6524
307.77155
547.6524
307.77155
547.6524
307.77155
pt
556.7046
336.4366
554.44165
304.7542
558.9676
368.11896
pt
539.35486
380.18848
552.9328
378.6798
525.7767
381.6971
pt
522.0047
341.7171
525.02203
363.59286
518.9875
319.84106
pt
544.635
304.7542
533.5398
306.97333
548.4067
303.99994
pt
546.1438
341.7171
546.1438
340.20847
546.1438
343.22583
pt
541.6176
377.92535
551.424
374.90802
531.8112
380.9428
pt
533.3199
362.8386
534.0744
377.1711
532.56555
348.5061
pt
532.56555
319.08673
532.56555
319.08673
532.56555
319.08673
pt
535.583
309.28015
535.583
309.28015
535.583
309.28015
pt
543.1265
301.73688
543.1265
301.73688
543.1265
301.73688
pt
551.424
313.05203
551.424
313.05203
551.424
313.05203
pt
555.1958
326.6302
555.1958
326.6302
555.1958
326.6302
pt
556.7046
346.24304
556.7046
346.24304
556.7046
346.24304

running
25.0
13.0
false
pt
563.49396
342.47137
563.49396
342.47137
563.49396
342.47137
pt
565.00226
328.89316
565.00226
328.89316
565.00226
328.89316
pt
565.75665
318.33237
565.75665
318.33237
565.75665
318.33237
pt
573.3002
307.77155
573.3002
307.77155
573.3002
307.77155
pt
580.0891
304.7542
580.0891
304.7542
580.0891
304.7542
pt
584.6151
306.26294
584.6151
306.26294
584.6151
306.26294
pt
591.4042
313.05203
591.4042
313.05203
591.4042
313.05203
pt
595.9303
324.36716
595.9303
324.36716
595.9303
324.36716
pt
597.43915
338.69965
597.43915
338.69965
597.43915
338.69965
pt
595.9303
360.57556
595.9303
360.57556
595.9303
360.57556
pt
589.1411
374.90802
589.1411
374.90802
589.1411
374.90802
pt
582.3522
378.6798
582.3522
378.6798
582.3522
378.6798
pt
576.31744
378.6798
576.31744
378.6798
576.31744
378.6798
pt
572.5458
370.382
572.5458
370.382
572.5458
370.382
pt
572.5458
356.04947
572.5458
356.04947
572.5458
356.04947
pt
572.5458
341.7171
572.5458
341.7171
572.5458
341.7171
pt
572.5458
331.1562
572.5458
331.1562
572.5458
331.1562
pt
573.3002
316.82373
573.3002
316.82373
573.3002
316.82373
pt
586.12384
310.78903
570.12177
289.45294
590.6501
316.82373
pt
586.87823
332.66492
586.87823
332.66492
586.87823
332.66492
pt
586.12384
364.34726
586.12384
364.34726
586.12384
364.34726
pt
584.6151
372.64508
584.6151
372.64508
584.6151
372.64508
pt
575.5631
377.1711
592.913
388.4863
558.2133
365.85596
pt
570.283
375.66232
570.283
375.66232
570.283
375.66232
pt
564.2478
362.08426
564.2478
362.08426
564.2478
362.08426
pt
562.73944
346.24304
562.73944
346.24304
562.73944
346.24304
pt
563.49396
335.68225
563.49396
335.68225
563.49396
335.68225
pt
560.47626
332.66492
560.47626
332.66492
560.47626
332.66492
pt
557.4587
331.91064
557.4587
331.91064
557.4587
331.91064
pt
556.7046
328.89316
556.7046
328.89316
556.7046
328.89316
pt
561.23065
327.38452
561.23065
327.38452
561.23065
327.38452
pt
562.73944
324.36716
562.73944
324.36716
562.73944
324.36716
pt
555.1958
322.10413
555.1958
322.10413
555.1958
322.10413
pt
552.1786
312.29764
552.1786
312.29764
552.1786
312.29764
pt
560.47626
314.56073
560.47626
314.56073
560.47626
314.56073
pt
565.00226
315.3152
565.00226
315.3152
565.00226
315.3152
pt
576.31744
319.84106
576.31744
319.84106
576.31744
319.84106
pt
577.82623
325.8758
577.82623
325.8758
577.82623
325.8758
pt
581.5977
328.89316
581.5977
328.89316
581.5977
328.89316
pt
580.8435
334.17358
580.8435
334.17358
580.8435
334.17358
pt
584.6151
337.94528
584.6151
337.94528
584.6151
337.94528
pt
582.3522
342.47137
582.3522
342.47137
582.3522
342.47137
pt
584.6151
349.26038
584.6151
349.26038
584.6151
349.26038
pt
582.3522
350.01477
582.3522
350.01477
582.3522
350.01477
pt
583.8611
355.29523
583.8611
355.29523
583.8611
355.29523
pt
580.0891
359.0669
580.0891
359.0669
580.0891
359.0669
pt
581.5977
363.59286
581.5977
363.59286
581.5977
363.59286
pt
577.82623
365.10165
577.82623
365.10165
577.82623
365.10165
pt
576.31744
370.382
576.31744
370.382
576.31744
370.382
pt
574.0545
364.34726
574.0545
364.34726
574.0545
364.34726
pt
579.33466
351.5235
579.33466
351.5235
579.33466
351.5235

running
25.0
13.0
false
pt
580.8435
343.98
580.8435
343.98
580.8435
343.98
pt
577.0719
329.64758
577.0719
329.64758
577.0719
329.64758
pt
574.8087
325.12155
574.8087
325.12155
574.8087
325.12155
pt
575.5631
334.92792
575.5631
334.92792
575.5631
334.92792
pt
576.31744
345.48874
576.31744
345.48874
576.31744
345.48874
pt
573.3002
359.0669
573.3002
359.0669
573.3002
359.0669
pt
573.3002
369.62766
573.3002
369.62766
573.3002
369.62766
pt
574.8087
375.66232
574.8087
375.66232
574.8087
375.66232
pt
568.0198
374.15372
568.0198
374.15372
568.0198
374.15372
pt
565.00226
372.64508
565.00226
372.64508
565.00226
372.64508
pt
561.985
375.66232
561.985
375.66232
561.985
375.66232
pt
557.4587
373.39938
557.4587
373.39938
557.4587
373.39938
pt
552.9328
377.92535
552.9328
377.92535
552.9328
377.92535
pt
549.1612
374.90802
549.1612
374.90802
549.1612
374.90802

running
20.0
4.0
false
pt
552.9328
370.382
552.9328
370.382
552.9328
370.382
pt
555.1958
366.6103
555.1958
366.6103
555.1958
366.6103
pt
565.00226
365.10165
565.00226
365.10165
565.00226
365.10165
pt
563.49396
360.57556
563.49396
360.57556
563.49396
360.57556
pt
557.4587
362.08426
557.4587
362.08426
557.4587
362.08426
pt
561.23065
358.3126
561.23065
358.3126
561.23065
358.3126
pt
561.23065
355.29523
561.23065
355.29523
561.23065
355.29523
pt
558.9676
353.7865
558.9676
353.7865
558.9676
353.7865
pt
560.47626
348.5061
560.47626
348.5061
560.47626
348.5061
pt
559.72186
341.7171
559.72186
341.7171
559.72186
341.7171
pt
558.9676
336.4366
558.9676
336.4366
558.9676
336.4366
pt
544.635
339.45404
544.635
339.45404
544.635
339.45404
pt
535.583
348.5061
535.583
348.5061
535.583
348.5061
pt
535.583
356.8039
535.583
356.8039
535.583
356.8039
pt
545.3896
350.76917
545.3896
350.76917
545.3896
350.76917
pt
539.35486
340.20847
539.35486
340.20847
539.35486
340.20847
pt
539.35486
333.4193
539.35486
333.4193
539.35486
333.4193
pt
545.3896
332.66492
545.3896
332.66492
545.3896
332.66492
pt
546.1438
322.85852
546.1438
322.85852
546.1438
322.85852
pt
534.8288
328.89316
534.8288
328.89316
534.8288
328.89316
pt
534.8288
319.84106
534.8288
319.84106
534.8288
319.84106
pt
541.6176
316.06937
541.6176
316.06937
541.6176
316.06937
pt
540.10913
322.85852
540.10913
322.85852
540.10913
322.85852
pt
537.0917
334.17358
537.0917
334.17358
537.0917
334.17358
pt
537.0917
342.47137
537.0917
342.47137
537.0917
342.47137
pt
540.8635
356.8039
540.8635
356.8039
540.8635
356.8039
pt
544.635
361.32983
544.635
361.32983
544.635
361.32983
pt
543.1265
368.87338
543.1265
368.87338
543.1265
368.87338
pt
534.8288
362.8386
534.8288
362.8386
534.8288
362.8386
pt
538.60034
373.39938
538.60034
373.39938
538.60034
373.39938
pt
543.1265
374.90802
543.1265
374.90802
543.1265
374.90802
pt
536.3374
376.41684
536.3374
376.41684
536.3374
376.41684
pt
528.03937
369.62766
528.03937
369.62766
528.03937
369.62766
pt
525.7767
363.59286
525.7767
363.59286
525.7767
363.59286
pt
522.0047
365.10165
522.0047
365.10165
522.0047
365.10165
pt
523.51355
359.8213
523.51355
359.8213
523.51355
359.8213
pt
518.9875
359.8213
518.9875
359.8213
518.9875
359.8213
pt
523.51355
356.04947
523.51355
356.04947
523.51355
356.04947
pt
515.21564
353.7865
515.21564
353.7865
515.21564
353.7865
pt
521.2507
350.01477
521.2507
350.01477
521.2507
350.01477

satin
20.0
9.0
false
false
pt
521.2507
350.01477
521.2507
350.01477
521.2507
350.01477
pt
515.9701
350.76917
515.9701
350.76917
515.9701
350.76917
pt
522.75903
336.4366
522.75903
336.4366
522.75903
336.4366
pt
516.72437
336.4366
516.72437
336.4366
516.72437
336.4366
pt
522.75903
331.1562
522.75903
331.1562
522.75903
331.1562
pt
519.74146
325.8758
519.74146
325.8758
519.74146
325.8758

running
20.0
9.0
false
pt
526.5309
316.82373
526.5309
316.82373
526.5309
316.82373
pt
537.0917
313.80627
537.0917
313.80627
537.0917
313.80627
pt
541.6176
310.0346
541.6176
310.0346
541.6176
310.0346
pt
543.8808
312.29764
543.8808
312.29764
543.8808
312.29764
pt
546.1438
305.50854
546.1438
305.50854
546.1438
305.50854
pt
551.424
311.54337
551.424
311.54337
551.424
311.54337
pt
556.7046
309.28015
556.7046
309.28015
556.7046
309.28015
pt
557.4587
312.29764
557.4587
312.29764
557.4587
312.29764
pt
562.73944
310.0346
562.73944
310.0346
562.73944
310.0346
pt
563.49396
313.80627
563.49396
313.80627
563.49396
313.80627
pt
565.75665
310.0346
565.00226
310.0346
566.51086
310.0346
pt
565.75665
313.80627
565.75665
313.80627
565.75665
313.80627
pt
561.985
341.7171
561.985
341.7171
561.985
341.7171
pt
562.73944
358.3126
562.73944
358.3126
562.73944
358.3126
pt
570.283
375.66232
570.283
375.66232
570.283
375.66232
pt
575.5631
378.6798
575.5631
378.6798
575.5631
378.6798
pt
577.82623
396.02963
577.82623
396.02963
577.82623
396.02963
pt
571.7913
405.8361
571.7913
405.8361
571.7913
405.8361
pt
602.71924
408.0991
602.71924
408.0991
602.71924
408.0991
pt
605.7367
394.52097
605.7367
394.52097
605.7367
394.52097
pt
503.9006
391.50363
503.9006
391.50363
503.9006
391.50363
pt
503.14633
406.5904
503.14633
406.5904
503.14633
406.5904
pt
471.4639
407.3448
471.4639
407.3448
471.4639
407.3448
pt
472.2182
392.25793
472.2182
392.25793
472.2182
392.25793
pt
490.32224
391.50363
490.32224
391.50363
490.32224
391.50363
pt
494.84842
393.01227
494.84842
393.01227
494.84842
393.01227
pt
497.11148
397.53824
497.11148
397.53824
497.11148
397.53824
pt
495.6028
405.08182
495.6028
405.08182
495.6028
405.08182
pt
499.37445
407.3448
499.37445
407.3448
499.37445
407.3448
pt
511.444
406.5904
511.444
406.5904
511.444
406.5904
pt
514.46136
402.81876
514.46136
402.81876
514.46136
402.81876
pt
518.9875
406.5904
518.9875
406.5904
518.9875
406.5904
pt
525.02203
407.3448
525.02203
407.3448
525.02203
407.3448
pt
529.5482
402.81876
529.5482
402.81876
529.5482
402.81876
pt
534.0744
407.3448
534.0744
407.3448
534.0744
407.3448
pt
543.1265
407.3448
543.1265
407.3448
543.1265
407.3448
pt
568.0198
407.3448
568.0198
407.3448
568.0198
407.3448
pt
623.08673
407.3448
623.08673
407.3448
623.08673
407.3448
pt
620.82355
405.08182
620.82355
405.08182
620.82355
405.08182
pt
617.05206
405.8361
617.05206
405.8361
617.05206
405.8361
pt
618.5603
391.50363
618.5603
391.50363
618.5603
391.50363
pt
624.5953
393.01227
624.5953
393.01227
624.5953
393.01227
pt
613.28015
392.25793
613.28015
392.25793
613.28015
392.25793
pt
620.0692
394.52097
620.0692
394.52097
620.0692
394.52097
pt
619.3148
414.8882
619.3148
414.8882
619.3148
414.8882

running
20.0
9.0
false
pt
620.0692
413.3795
620.0692
413.3795
620.0692
413.3795
pt
629.12146
414.13382
629.12146
414.13382
629.12146
414.13382
pt
634.4018
418.6599
634.4018
418.6599
634.4018
418.6599
pt
638.17346
422.43167
638.17346
422.43167
638.17346
422.43167
pt
642.69946
420.1687
642.69946
420.1687
642.69946
420.1687
pt
654.76904
414.13382
654.76904
414.13382
654.76904
414.13382
pt
663.8213
414.13382
663.8213
414.13382
663.8213
414.13382
pt
677.3993
417.1514
677.3993
417.1514
677.3993
417.1514

running
25.0
10.0
false
pt
684.94275
423.9403
684.94275
423.9403
684.94275
423.9403
pt
678.9081
416.39697
678.9081
416.39697
678.9081
416.39697
pt
664.57544
414.13382
664.57544
414.13382
664.57544
414.13382
pt
648.7343
417.1514
648.7343
417.1514
648.7343
417.1514
pt
641.9451
423.1861
641.9451
423.1861
641.9451
423.1861
pt
641.9451
435.25543
641.9451
435.25543
641.9451
435.25543
pt
652.50604
442.04446
652.50604
442.04446
652.50604
442.04446
pt
663.06683
442.7989
663.06683
442.7989
663.06683
442.7989
pt
667.59283
439.02722
667.59283
439.02722
667.59283
439.02722
pt
666.8386
424.69473
666.8386
424.69473
666.8386
424.69473
pt
664.57544
413.3795
664.57544
413.3795
664.57544
413.3795
pt
658.5407
417.1514
658.5407
417.1514
658.5407
417.1514
pt
658.5407
436.0098
658.5407
436.0098
658.5407
436.0098
pt
663.8213
443.55325
654.0148
443.55325
673.6276
443.55325
pt
679.66235
439.7815
679.66235
440.53574
679.66235
439.02722
pt
684.94275
431.48386
684.94275
431.48386
684.94275
431.48386
pt
685.697
427.71207
685.697
427.71207
685.697
427.71207
pt
682.67993
420.1687
682.67993
420.1687
682.67993
420.1687
pt
672.11896
414.13382
672.11896
414.13382
672.11896
414.13382
pt
657.032
412.62512
657.032
412.62512
657.032
412.62512
pt
643.4539
418.6599
643.4539
418.6599
643.4539
418.6599
pt
638.92786
425.44894
638.92786
425.44894
638.92786
425.44894
pt
636.66473
436.76413
636.66473
436.76413
636.66473
436.76413
pt
627.61255
443.55325
627.61255
443.55325
627.61255
443.55325
pt
613.28015
445.0618
613.28015
445.0618
613.28015
445.0618
pt
601.9651
443.55325
601.9651
443.55325
601.9651
443.55325
pt
594.4216
437.5185
594.4216
437.5185
594.4216
437.5185
pt
591.4042
427.71207
591.4042
427.71207
591.4042
427.71207
pt
596.68463
417.9056
596.68463
417.9056
596.68463
417.9056
pt
603.47375
414.13382
603.47375
414.13382
603.47375
414.13382
pt
616.29736
413.3795
616.29736
414.13382
616.29736
412.62512
pt
620.0692
417.1514
620.0692
417.1514
620.0692
417.1514
pt
620.0692
438.27274
620.0692
438.27274
620.0692
438.27274
pt
618.5603
441.2902
618.5603
441.2902
618.5603
441.2902
pt
616.29736
443.55325
616.29736
443.55325
616.29736
443.55325
pt
610.26276
439.02722
610.26276
439.02722
610.26276
439.02722
pt
609.5084
418.6599
609.5084
418.6599
609.5084
418.6599
pt
612.5259
414.8882
612.5259
414.8882
612.5259
414.8882
pt
621.57806
413.3795
621.57806
413.3795
621.57806
413.3795
pt
631.3845
415.64252
631.3845
415.64252
631.3845
415.64252
pt
637.41907
420.92294
637.41907
420.92294
637.41907
420.92294
pt
638.17346
429.975
638.17346
429.975
638.17346
429.975
pt
630.6304
442.04446
630.6304
442.04446
630.6304
442.04446
pt
622.3324
444.3076
622.3324
444.3076
622.3324
444.3076
pt
605.7367
445.0618
605.7367
445.0618
605.7367
445.0618
pt
598.9476
443.55325
598.9476
443.55325
598.9476
443.55325
pt
564.2478
442.7989
564.2478
442.7989
564.2478
442.7989
pt
573.3002
439.02722
573.3002
439.02722
573.3002
439.02722
pt
573.3002
431.48386
573.3002
431.48386
573.3002
431.48386
pt
573.3002
424.69473
573.3002
424.69473
573.3002
424.69473
pt
568.77405
418.6599
568.77405
418.6599
568.77405
418.6599
pt
563.49396
417.9056
563.49396
417.9056
563.49396
417.9056
pt
572.5458
415.64252
572.5458
415.64252
572.5458
415.64252
pt
578.5805
411.87082
578.5805
411.87082
578.5805
411.87082
pt
589.8956
412.62512
589.8956
412.62512
589.8956
412.62512
pt
590.6501
436.0098
590.6501
436.0098
590.6501
436.0098
pt
591.4042
438.27274
591.4042
438.27274
591.4042
438.27274
pt
596.68463
443.55325
596.68463
443.55325
596.68463
443.55325

running
20.0
9.0
false
pt
600.4564
448.07925
600.4564
448.07925
600.4564
448.07925
pt
686.45166
447.32495
686.45166
447.32495
686.45166
447.32495
pt
690.9775
445.0618
690.9775
445.0618
690.9775
445.0618
pt
679.66235
447.32495
679.66235
447.32495
679.66235
447.32495
pt
506.16357
447.32495
506.16357
447.32495
506.16357
447.32495
pt
506.91812
442.04446
506.91812
442.04446
506.91812
442.04446
pt
540.10913
441.2902
540.10913
441.2902
540.10913
441.2902
pt
537.84595
443.55325
537.84595
443.55325
537.84595
443.55325
pt
544.635
442.04446
544.635
442.04446
544.635
442.04446
pt
545.3896
437.5185
545.3896
437.5185
545.3896
437.5185
pt
482.77893
438.27274
482.77893
438.27274
482.77893
438.27274
pt
479.0074
443.55325
479.0074
443.55325
479.0074
443.55325
pt
503.9006
442.7989
503.9006
442.7989
503.9006
442.7989
pt
518.2332
426.95764
518.2332
426.95764
518.2332
426.95764
pt
534.0744
415.64252
534.0744
415.64252
534.0744
415.64252
pt
544.635
414.8882
544.635
414.8882
544.635
414.8882
pt
518.2332
424.69473
518.2332
424.69473
518.2332
424.69473
pt
505.40927
426.95764
505.40927
426.95764
505.40927
426.95764
pt
488.81366
428.46643
488.81366
428.46643
488.81366
428.46643
pt
475.23566
426.95764
475.23566
426.95764
475.23566
426.95764
pt
467.6921
429.975
467.6921
429.975
467.6921
429.975
pt
481.27008
417.1514
481.27008
417.1514
481.27008
417.1514
pt
484.28778
421.67725
484.28778
421.67725
484.28778
421.67725
pt
466.9378
436.76413
466.9378
436.76413
466.9378
436.76413
pt
479.76163
430.72937
479.76163
430.72937
479.76163
430.72937
pt
492.58542
429.975
492.58542
429.975
492.58542
429.975
pt
474.48132
436.76413
474.48132
436.76413
474.48132
436.76413
pt
487.30508
442.7989
487.30508
442.7989
487.30508
442.7989
pt
502.39194
448.07925
502.39194
448.07925
502.39194
448.07925
pt
522.75903
448.07925
522.75903
448.07925
522.75903
448.07925
pt
405.08182
448.07925
405.08182
448.07925
405.08182
448.07925
pt
413.3795
456.377
413.3795
456.377
413.3795
456.377
pt
691.7319
454.8684
691.7319
454.8684
691.7319
454.8684

running
20.0
9.0
false
pt
690.2232
468.4466
690.2232
468.4466
690.2232
468.4466
pt
399.04697
466.9378
399.04697
466.9378
399.04697
466.9378
pt
402.81876
478.25287
402.81876
478.25287
402.81876
478.25287
pt
706.8186
479.0074
706.8186
479.0074
706.8186
479.0074
pt
706.8186
458.64008
706.8186
458.64008
706.8186
458.64008
pt
700.78406
468.4466
700.78406
468.4466
700.78406
468.4466
pt
692.4861
473.72687
692.4861
473.72687
692.4861
473.72687
pt
687.2058
475.98993
687.2058
475.98993
687.2058
475.98993
pt
703.047
475.23566
703.047
475.23566
703.047
475.23566
pt
704.55554
463.166
704.55554
463.166
704.55554
463.166
pt
698.52075
473.72687
698.52075
473.72687
698.52075
473.72687

running
20.0
4.0
false
pt
703.8012
497.11148
703.8012
497.11148
703.8012
497.11148
pt
724.9229
497.86584
724.9229
497.86584
724.9229
497.86584
pt
723.4142
200.65506
723.4142
200.65506
723.4142
200.65506
pt
29.419348
202.1637
29.419348
202.1637
29.419348
202.1637
pt
30.173683
496.35712
30.173683
496.35712
30.173683
496.35712
pt
712.09894
497.11148
712.09894
497.11148
712.09894
497.11148

running
20.0
9.0
false
pt
709.08167
518.2332
709.08167
518.2332
709.08167
518.2332
pt
7.543421
512.95276
7.543421
512.95276
7.543421
512.95276
pt
12.823815
181.04213
12.823815
181.04213
12.823815
181.04213
pt
740.764
187.07686
740.764
187.07686
740.764
187.07686
pt
742.2727
516.72437
742.2727
516.72437
742.2727
516.72437
pt
701.5383
515.9701
701.5383
515.9701
701.5383
515.9701

satin
20.0
8.0
false
false
pt
682.67993
494.84842
682.67993
494.84842
682.67993
494.84842
pt
705.3099
512.95276
705.3099
512.95276
705.3099
512.95276
pt
715.1165
494.09415
715.1165
494.09415
715.1165
494.09415
pt
740.764
513.7072
740.764
513.7072
740.764
513.7072
pt
721.90546
202.1637
721.90546
202.1637
721.90546
202.1637
pt
739.2553
188.58556
739.2553
188.58556
739.2553
188.58556
pt
35.454086
204.42673
35.454086
203.6724
35.454086
205.18105
pt
14.332502
182.55083
14.332502
182.55083
14.332502
182.55083
pt
33.945408
491.07675
33.945408
491.07675
33.945408
491.07675
pt
11.315133
510.6897
11.315133
510.6897
11.315133
510.6897
pt
712.09894
493.3398
712.09894
493.3398
712.09894
493.3398
pt
713.6078
513.7072
713.6078
513.7072
713.6078
513.7072

satin
20.0
4.0
false
false
pt
683.4342
487.30508
683.4342
487.30508
683.4342
487.30508
pt
709.83606
517.47864
709.83606
517.47864
709.83606
517.47864
pt
712.8532
488.81366
712.8532
488.81366
712.8532
488.81366
pt
748.30743
521.2507
748.30743
521.2507
748.30743
521.2507
pt
712.8532
211.97015
712.8532
211.97015
712.8532
211.97015
pt
746.79877
181.04213
746.79877
181.04213
746.79877
181.04213
pt
41.48883
210.46147
41.48883
209.7072
41.48883
211.21584
pt
8.297767
176.5161
8.297767
176.5161
8.297767
176.5161
pt
40.734474
485.79633
40.734474
485.79633
40.734474
485.79633
pt
3.0173683
517.47864
3.0173683
517.47864
3.0173683
517.47864
pt
710.59045
488.81366
710.59045
488.81366
710.59045
488.81366
pt
715.87085
519.74146
715.87085
519.74146
715.87085
519.74146

