satin
20.0
14.0
false
true
pt
289.8865
495.403
289.8865
495.403
289.8865
495.403
pt
400.21643
508.38306
400.21643
508.38306
400.21643
508.38306
pt
267.1715
726.8796
267.1715
726.8796
267.1715
726.8796
pt
273.6615
720.3895
273.6615
720.3895
273.6615
720.3895

satin
20.0
14.0
false
true
pt
273.6615
720.3895
273.6615
720.3895
273.6615
720.3895
pt
266.08984
727.96124
266.08984
727.96124
266.08984
727.96124
pt
400.21643
508.38306
400.21643
508.38306
400.21643
508.38306
pt
350.4598
644.673
350.4598
644.673
350.4598
644.673

satin
20.0
14.0
true
true
pt
265.00824
729.043
265.00824
729.043
265.00824
729.043
pt
293.13147
725.7978
293.13147
725.7978
293.13147
725.7978
pt
351.54144
644.673
351.54144
644.673
351.54144
644.673
pt
469.44302
712.81793
469.44302
712.81793
469.44302
712.81793
pt
832.88275
683.6129
832.88275
683.6129
832.88275
683.6129
pt
679.2863
693.34796
679.2863
693.34796
679.2863
693.34796

running
20.0
14.0
true
pt
272.57983
530.0165
272.57983
530.0165
272.57983
530.0165
pt
141.69827
427.25818
141.69827
427.25818
141.69827
427.25818
pt
214.16986
324.4997
214.16986
324.4997
214.16986
324.4997
pt
311.51974
394.80804
311.51974
394.80804
311.51974
394.80804
pt
263.92648
361.27652
263.92648
361.27652
263.92648
361.27652
pt
189.29156
465.1165
189.29156
465.1165
189.29156
465.1165
pt
141.69827
427.25818
141.69827
427.25818
141.69827
427.25818
pt
214.16986
324.4997
214.16986
324.4997
214.16986
324.4997
pt
274.74316
367.76654
274.74316
367.76654
274.74316
367.76654
pt
223.90486
433.74802
223.90486
433.74802
223.90486
433.74802
pt
224.98656
447.80972
224.98656
447.80972
224.98656
447.80972
pt
276.90656
487.83136
276.90656
487.83136
276.90656
487.83136
pt
224.98656
447.80972
224.98656
447.80972
224.98656
447.80972
pt
223.90486
433.74802
223.90486
434.82974
223.90486
432.66638
pt
273.6615
367.76654
273.6615
367.76654
273.6615
367.76654
pt
263.92648
361.27652
263.92648
361.27652
263.92648
361.27652
pt
258.51822
367.76654
258.51822
367.76654
258.51822
367.76654
pt
204.4349
394.80804
219.0953
355.7137
201.18985
403.46152
pt
204.4349
390.48154
204.4349
390.48154
204.4349
390.48154
pt
209.84319
381.82816
209.84319
381.82816
209.84319
381.82816
pt
227.14987
368.8481
227.14987
368.8481
227.14987
368.8481
pt
246.61984
365.6031
246.61984
365.6031
246.61984
365.6031
pt
257.43655
368.8481
257.43655
368.8481
257.43655
368.8481
pt
260.68146
364.5215
260.68146
364.5215
260.68146
364.5215
pt
214.16986
367.76654
243.37485
350.4598
184.96489
385.07312
pt
229.31317
361.27652
229.31317
361.27652
229.31317
361.27652
pt
250.94653
361.27652
250.94653
361.27652
250.94653
361.27652
pt
260.68146
364.5215
260.68146
364.5215
260.68146
364.5215
pt
259.59985
356.94983
259.59985
356.94983
259.59985
356.94983
pt
197.9449
377.50143
216.33319
340.72482
195.33987
382.71155
pt
208.76155
362.35812
208.76155
362.35812
208.76155
362.35812
pt
230.39482
352.62317
230.39482
352.62317
230.39482
352.62317
pt
250.94653
353.7048
250.94653
353.7048
250.94653
353.7048
pt
248.78319
348.29648
248.78319
348.29648
248.78319
348.29648
pt
214.16986
324.4997
214.16986
324.4997
214.16986
324.4997
pt
169.82158
387.23648
169.82158
387.23648
169.82158
387.23648
pt
195.78152
455.38138
160.08661
426.17642
195.78152
455.38138
pt
169.82158
387.23648
159.00491
421.84973
170.46684
385.1715
pt
141.69827
427.25818
141.69827
427.25818
141.69827
427.25818
pt
189.29156
465.1165
189.29156
465.1165
189.29156
465.1165
pt
217.41487
426.17642
217.41487
426.17642
217.41487
426.17642
pt
209.84319
419.68637
209.84319
419.68637
209.84319
419.68637
pt
217.41487
426.17642
217.41487
426.17642
217.41487
426.17642
pt
212.00655
431.58487
212.00655
431.58487
212.00655
431.58487
pt
202.27156
422.9315
202.27156
422.9315
202.27156
422.9315
pt
197.9449
413.19647
197.9449
413.19647
197.9449
413.19647
pt
202.27156
422.9315
202.27156
422.9315
202.27156
422.9315
pt
212.00655
431.58487
212.00655
431.58487
212.00655
431.58487
pt
207.67984
438.07477
207.67984
438.07477
207.67984
438.07477
pt
199.02654
430.503
199.02654
430.503
199.02654
430.503
pt
193.61824
418.60477
193.61824
418.60477
193.61824
418.60477
pt
197.9449
430.503
197.9449
430.503
197.9449
430.503
pt
208.76155
438.07477
208.76155
438.07477
208.76155
438.07477
pt
189.29156
465.1165
189.29156
465.1165
189.29156
465.1165
pt
273.6615
531.09796
273.6615
531.09796
273.6615
531.09796

running
11.0
4.0
false
pt
621.9579
379.66473
621.9579
379.66473
621.9579
379.66473
pt
630.61127
383.9915
630.61127
383.9915
630.61127
383.9915
pt
632.77466
392.64474
632.77466
392.64474
632.77466
392.64474
pt
640.34644
391.56305
640.34644
391.56305
640.34644
391.56305
pt
639.2647
382.9098
639.2647
382.9098
639.2647
382.9098
pt
645.7547
374.25647
645.7547
374.25647
645.7547
374.25647
pt
647.918
380.74655
647.918
380.74655
647.918
380.74655
pt
661.9797
369.92978
661.9797
369.92978
661.9797
369.92978
pt
664.1428
379.66473
664.1428
379.66473
664.1428
379.66473
pt
667.38794
394.80804
667.38794
394.80804
667.38794
394.80804
pt
669.5513
401.29816
669.5513
401.29816
669.5513
401.29816
pt
666.3064
389.3998
666.3064
389.3998
666.3064
389.3998
pt
665.22473
382.9098
665.22473
382.9098
665.22473
382.9098
pt
663.0613
368.8481
663.0613
368.8481
663.0613
368.8481
pt
670.63306
366.68472
670.63306
366.68472
670.63306
366.68472
pt
671.7147
376.41977
671.7147
376.41977
671.7147
376.41977
pt
674.95953
391.56305
674.95953
391.56305
674.95953
391.56305
pt
678.2047
398.05307
678.2047
398.05307
678.2047
398.05307
pt
671.7147
393.72647
671.7147
393.72647
671.7147
393.72647
pt
667.38794
376.41977
667.38794
376.41977
667.38794
376.41977
pt
670.63306
365.6031
670.63306
365.6031
670.63306
365.6031
pt
680.368
363.4398
680.368
363.4398
680.368
363.4398
pt
687.93964
399.13474
687.93964
399.13474
687.93964
399.13474
pt
723.6344
391.56305
723.6344
391.56305
723.6344
391.56305
pt
716.06274
351.54144
716.06274
351.54144
716.06274
351.54144
pt
680.368
362.35812
680.368
362.35812
680.368
362.35812
pt
687.93964
399.13474
687.93964
399.13474
687.93964
399.13474
pt
723.6344
391.56305
723.6344
391.56305
723.6344
391.56305
pt
716.06274
351.54144
716.06274
351.54144
716.06274
351.54144
pt
680.368
363.4398
680.368
363.4398
680.368
363.4398
pt
685.7763
365.6031
685.7763
365.6031
685.7763
365.6031
pt
690.1028
394.80804
690.1028
394.80804
690.1028
394.80804
pt
719.3078
388.31802
719.3078
388.31802
719.3078
388.31802
pt
712.81793
356.94983
712.81793
356.94983
712.81793
356.94983
pt
684.69464
365.6031
684.69464
365.6031
684.69464
365.6031
pt
676.04144
355.8681
676.04144
355.8681
676.04144
355.8681
pt
720.3895
343.96982
720.3895
343.96982
720.3895
343.96982
pt
577.6096
388.31802
577.6096
388.31802
577.6096
388.31802
pt
723.6344
342.88815
723.6344
342.88815
723.6344
342.88815
pt
753.92126
327.74475
753.92126
327.74475
753.92126
327.74475
pt
723.6344
342.88815
723.6344
342.88815
723.6344
342.88815
pt
724.71625
363.4398
724.71625
363.4398
724.71625
363.4398
pt
730.1245
379.66473
730.1245
379.66473
730.1245
379.66473
pt
733.36945
396.97144
733.36945
396.97144
733.36945
396.97144
pt
742.02295
415.35968
742.02295
415.35968
742.02295
415.35968
pt
756.0846
433.74802
756.0846
433.74802
756.0846
433.74802
pt
764.738
441.3198
764.738
441.3198
764.738
441.3198
pt
777.71796
439.15628
777.71796
439.15628
777.71796
439.15628
pt
789.6161
432.66638
789.6161
432.66638
789.6161
432.66638
pt
771.2279
446.72812
771.2279
446.72812
771.2279
446.72812
pt
651.163
468.36148
651.163
468.36148
651.163
468.36148
pt
677.12286
462.9531
677.12286
462.9531
677.12286
462.9531
pt
683.6129
479.1781
683.6129
479.1781
683.6129
479.1781
pt
698.75635
500.8113
698.75635
500.8113
698.75635
500.8113
pt
690.1028
488.9131
690.1028
488.9131
690.1028
488.9131
pt
681.44965
475.93298
681.44965
475.93298
681.44965
475.93298
pt
760.4114
461.8714
760.4114
461.8714
760.4114
461.8714
pt
751.75793
449.9731
751.75793
449.9731
751.75793
449.9731
pt
760.4114
462.9531
760.4114
462.9531
760.4114
462.9531
pt
745.26794
478.09637
745.26794
478.09637
745.26794
478.09637
pt
748.51294
485.66812
748.51294
485.66812
748.51294
485.66812
pt
756.0846
500.8113
756.0846
500.8113
756.0846
500.8113
pt
746.3494
500.8113
746.3494
500.8113
746.3494
500.8113
pt
738.77795
492.15808
738.77795
492.15808
738.77795
492.15808
pt
734.45135
482.42307
734.45135
482.42307
734.45135
482.42307
pt
737.6962
472.68808
737.6962
472.68808
737.6962
472.68808
pt
749.59454
467.2798
749.59454
467.2798
749.59454
467.2798
pt
760.4114
460.78964
760.4114
460.78964
760.4114
460.78964
pt
744.1861
441.3198
744.1861
441.3198
744.1861
441.3198
pt
736.6145
426.17642
736.6145
426.17642
736.6145
426.17642
pt
726.8796
406.70648
726.8796
406.70648
726.8796
406.70648
pt
722.55304
396.97144
722.55304
396.97144
722.55304
396.97144
pt
645.7547
415.35968
645.7547
415.35968
645.7547
415.35968

satin
12.0
7.0
false
true
pt
634.93805
443.48312
634.93805
443.48312
634.93805
443.48312
pt
636.01965
448.89145
636.01965
448.89145
636.01965
448.89145
pt
640.34644
431.58487
640.34644
431.58487
640.34644
431.58487
pt
644.673
448.89145
644.673
448.89145
644.673
448.89145
pt
680.368
422.9315
680.368
422.9315
680.368
422.9315
pt
684.69464
440.23807
684.69464
440.23807
684.69464
440.23807

running
20.0
4.0
false
pt
683.0
440.0
683.0
440.0
683.0
440.0
pt
684.0
450.0
684.0
450.0
684.0
450.0
pt
715.0
444.0
715.0
444.0
715.0
444.0
pt
713.0
439.0
713.0
439.0
713.0
439.0
pt
705.0
436.0
705.0
436.0
705.0
436.0
pt
704.0
426.0
704.0
426.0
704.0
426.0

running
12.0
7.0
false
pt
707.4096
421.84973
707.4096
421.84973
707.4096
421.84973
pt
714.9814
422.9315
714.9814
422.9315
714.9814
422.9315
pt
718.2264
428.33972
718.2264
428.33972
718.2264
428.33972
pt
718.2264
433.74802
718.2264
433.74802
718.2264
433.74802
pt
716.06274
438.07477
716.06274
438.07477
716.06274
438.07477
pt
709.573
439.15628
709.573
439.15628
709.573
439.15628
pt
705.24634
433.74802
705.24634
433.74802
705.24634
433.74802
pt
704.1648
427.25818
704.1648
427.25818
704.1648
427.25818

running
12.0
7.0
false
pt
707.4096
421.84973
707.4096
421.84973
707.4096
421.84973
pt
714.9814
422.9315
714.9814
422.9315
714.9814
422.9315
pt
718.2264
428.33972
718.2264
428.33972
718.2264
428.33972
pt
718.2264
433.74802
718.2264
433.74802
718.2264
433.74802
pt
716.06274
438.07477
716.06274
438.07477
716.06274
438.07477
pt
709.573
439.15628
709.573
439.15628
709.573
439.15628
pt
705.24634
433.74802
705.24634
433.74802
705.24634
433.74802
pt
704.1648
427.25818
704.1648
427.25818
704.1648
427.25818
pt
709.573
420.7681
709.573
420.7681
709.573
420.7681
pt
713.89966
422.9315
713.89966
422.9315
713.89966
422.9315

running
20.0
4.0
false
pt
713.0
421.0
713.0
421.0
713.0
421.0
pt
707.0
401.0
707.0
401.0
707.0
401.0
pt
693.0
404.0
693.0
404.0
693.0
404.0
pt
699.0
427.0
699.0
427.0
699.0
427.0
pt
707.0
425.0
707.0
425.0
707.0
425.0
pt
701.0
402.0
701.0
402.0
701.0
402.0
pt
649.0
414.0
649.0
414.0
649.0
414.0
pt
650.0
395.0
650.0
395.0
650.0
395.0
pt
592.0
390.0
592.0
390.0
592.0
390.0

running
13.0
4.0
false
pt
572.20123
380.74655
572.20123
380.74655
572.20123
380.74655
pt
555.97626
340.72482
549.7802
372.39355
565.71136
290.96814
pt
602.48804
315.8466
602.48804
315.8466
602.48804
315.8466
pt
620.87634
330.98984
620.87634
330.98984
620.87634
330.98984
pt
641.428
353.7048
641.428
353.7048
641.428
353.7048

running
13.0
4.0
true
pt
573.283
380.74655
573.283
380.74655
573.283
380.74655
pt
557.0582
340.72482
550.86194
372.39355
566.7931
290.96814
pt
603.5697
315.8466
603.5697
315.8466
603.5697
315.8466
pt
621.9579
330.98984
621.9579
330.98984
621.9579
330.98984
pt
642.5096
353.7048
642.5096
353.7048
642.5096
353.7048

running
13.0
4.0
false
pt
573.283
380.74655
573.283
380.74655
573.283
380.74655
pt
557.0582
340.72482
550.86194
372.39355
566.7931
290.96814
pt
555.0
359.0
555.0
359.0
555.0
359.0

running
13.0
4.0
false
pt
537.58795
356.94983
537.58795
356.94983
537.58795
356.94983
pt
527.85297
363.4398
541.9147
362.35812
513.7914
364.5215
pt
518.118
354.7865
518.118
354.7865
518.118
354.7865
pt
511.6281
314.7649
511.6281
314.7649
511.6281
314.7649
pt
528.9348
294.21317
509.43472
294.21317
549.4863
294.21317
pt
544.078
313.68317
544.078
313.68317
544.078
313.68317
pt
537.58795
356.94983
537.58795
356.94983
537.58795
356.94983

running
13.0
4.0
false
pt
537.58795
355.94983
537.58795
355.94983
537.58795
355.94983
pt
527.85297
362.4398
541.9147
361.35812
513.7914
363.5215
pt
518.118
353.7865
518.118
353.7865
518.118
353.7865
pt
511.6281
313.7649
511.6281
313.7649
511.6281
313.7649
pt
528.9348
293.21317
509.4347
293.21317
549.4863
293.21317
pt
544.078
312.68317
544.078
312.68317
544.078
312.68317
pt
537.58795
355.94983
537.58795
355.94983
537.58795
355.94983
pt
533.0
361.0
533.0
361.0
533.0
361.0
pt
520.0
361.0
520.0
361.0
520.0
361.0
pt
517.0
350.0
517.0
350.0
517.0
350.0

running
13.0
4.0
true
pt
396.97144
370.01147
393.72647
385.1547
400.21643
354.8681
pt
421.84973
335.39813
421.84973
335.39813
421.84973
335.39813
pt
458.62634
310.51974
458.62634
310.51974
458.62634
310.51974
pt
496.48468
326.74475
489.99466
300.78485
502.97473
352.7048
pt
499.72968
360.27652
499.72968
360.27652
499.72968
360.27652
pt
493.2397
371.09305
493.2397
371.09305
493.2397
371.09305
pt
481.3414
379.74655
481.3414
379.74655
481.3414
379.74655
pt
488.0
375.0
488.0
375.0
488.0
375.0
pt
497.0
367.0
497.0
367.0
497.0
367.0
pt
500.0
356.0
500.0
356.0
500.0
356.0

running
13.0
4.0
false
pt
396.97144
371.01147
393.72647
386.1547
400.21643
355.8681
pt
421.84973
336.39813
421.84973
336.39813
421.84973
336.39813
pt
458.62634
311.51974
458.62634
311.51974
458.62634
311.51974
pt
496.48468
327.74475
489.99466
301.78485
502.97473
353.7048
pt
499.72968
361.27652
499.72968
361.27652
499.72968
361.27652
pt
493.2397
372.09305
493.2397
372.09305
493.2397
372.09305
pt
481.3414
380.74655
481.3414
380.74655
481.3414
380.74655

running
13.0
4.0
true
pt
396.97144
371.01147
393.72647
386.1547
400.21643
355.8681
pt
421.84973
336.39813
421.84973
336.39813
421.84973
336.39813
pt
458.62634
311.51974
458.62634
311.51974
458.62634
311.51974
pt
496.48468
327.74475
489.99466
301.78485
502.97473
353.7048
pt
499.72968
361.27652
499.72968
361.27652
499.72968
361.27652
pt
493.2397
372.09305
493.2397
372.09305
493.2397
372.09305
pt
481.3414
380.74655
481.3414
380.74655
481.3414
380.74655

