running
20.0
4.0
false
pt
344.6351
424.89633
344.6351
424.89633
344.6351
424.89633
pt
358.70386
428.14294
358.70386
428.14294
358.70386
428.14294
pt
343.55292
429.22522
343.55292
429.22522
343.55292
429.22522
pt
358.70386
424.89633
358.70386
424.89633
358.70386
424.89633
pt
351.12836
423.8141
351.12836
423.8141
351.12836
423.8141
pt
333.81302
475.76007
333.81302
475.76007
333.81302
475.76007
pt
337.05966
479.00668
337.05966
479.00668
337.05966
479.00668
pt
327.31976
477.92453
327.31976
477.92453
327.31976
477.92453
pt
339.224
474.67786
339.224
474.67786
339.224
474.67786
pt
327.31976
472.51346
327.31976
472.51346
327.31976
472.51346
pt
337.05966
475.76007
337.05966
475.76007
337.05966
475.76007
pt
325.1554
474.67786
325.1554
474.67786
325.1554
474.67786
pt
333.81302
476.8423
333.81302
476.8423
333.81302
476.8423
pt
352.21054
424.89633
352.21054
424.89633
352.21054
424.89633
pt
331.64856
476.8423
331.64856
476.8423
331.64856
476.8423
pt
353.29272
425.97855
353.29272
425.97855
353.29272
425.97855
pt
329.48422
476.8423
329.48422
476.8423
329.48422
476.8423

running
20.0
4.0
false
pt
380.3479
484.4178
380.3479
484.4178
380.3479
484.4178
pt
403.07428
432.4718
403.07428
432.4718
403.07428
432.4718
pt
409.56754
434.63623
409.56754
434.63623
409.56754
434.63623
pt
420.38962
484.4178
420.38962
484.4178
420.38962
484.4178
pt
427.965
484.4178
427.965
484.4178
427.965
484.4178
pt
448.52698
434.63623
448.52698
434.63623
448.52698
434.63623
pt
423.63623
486.58218
423.63623
486.58218
423.63623
486.58218
pt
406.3208
431.38962
406.3208
431.38962
406.3208
431.38962
pt
381.43015
485.4999
381.43015
485.4999
381.43015
485.4999
pt
405.23868
433.554
405.23868
433.554
405.23868
433.554
pt
423.63623
482.2533
423.63623
482.2533
423.63623
482.2533
pt
447.44473
434.63623
447.44473
434.63623
447.44473
434.63623

running
20.0
4.0
false
pt
479.91098
438.965
479.91098
438.965
479.91098
438.965
pt
459.3491
489.82877
459.3491
489.82877
459.3491
489.82877
pt
492.89743
489.82877
492.89743
489.82877
492.89743
489.82877
pt
506.9663
483.33554
506.9663
483.33554
506.9663
483.33554
pt
519.95264
451.9515
519.95264
451.9515
519.95264
451.9515
pt
515.62384
444.37607
515.62384
444.37607
515.62384
444.37607
pt
504.8017
441.12946
504.8017
441.12946
504.8017
441.12946
pt
478.82877
440.04724
478.82877
440.04724
478.82877
440.04724

running
20.0
4.0
false
pt
480.9933
441.12946
480.9933
441.12946
480.9933
441.12946
pt
460.43127
491.9933
460.43127
491.9933
460.43127
491.9933
pt
493.97968
491.9933
493.97968
491.9933
493.97968
491.9933
pt
508.0484
485.4999
508.0484
485.4999
508.0484
485.4999
pt
521.0348
454.11597
521.0348
454.11597
521.0348
454.11597
pt
516.706
446.54053
516.706
446.54053
516.706
446.54053
pt
505.88397
443.29388
505.88397
443.29388
505.88397
443.29388
pt
479.91098
442.2116
479.91098
442.2116
479.91098
442.2116

running
20.0
4.0
false
pt
479.91098
436.80063
479.91098
436.80063
479.91098
436.80063
pt
459.3491
487.66434
459.3491
487.66434
459.3491
487.66434
pt
492.89743
487.66434
492.89743
487.66434
492.89743
487.66434
pt
506.9663
481.1711
506.9663
481.1711
506.9663
481.1711
pt
519.95264
449.78723
519.95264
449.78723
519.95264
449.78723
pt
515.62384
442.2116
515.62384
442.2116
515.62384
442.2116
pt
504.8017
438.965
504.8017
438.965
504.8017
438.965
pt
478.82877
437.8828
478.82877
437.8828
478.82877
437.8828

running
20.0
4.0
false
pt
479.91098
440.04724
479.91098
440.04724
479.91098
440.04724
pt
459.3491
490.91098
459.3491
490.91098
459.3491
490.91098
pt
492.89743
490.91098
492.89743
490.91098
492.89743
490.91098
pt
506.9663
484.4178
506.9663
484.4178
506.9663
484.4178
pt
519.95264
453.03375
519.95264
453.03375
519.95264
453.03375
pt
515.62384
445.45825
515.62384
445.45825
515.62384
445.45825
pt
504.8017
442.2116
504.8017
442.2116
504.8017
442.2116
pt
478.82877
441.12946
478.82877
441.12946
478.82877
441.12946

running
20.0
4.0
false
pt
479.91098
437.8828
479.91098
437.8828
479.91098
437.8828
pt
459.3491
488.74652
459.3491
488.74652
459.3491
488.74652
pt
492.89743
488.74652
492.89743
488.74652
492.89743
488.74652
pt
506.9663
482.2533
506.9663
482.2533
506.9663
482.2533
pt
519.95264
450.86935
519.95264
450.86935
519.95264
450.86935
pt
515.62384
443.29388
515.62384
443.29388
515.62384
443.29388
pt
504.8017
440.04724
504.8017
440.04724
504.8017
440.04724
pt
478.82877
438.965
478.82877
438.965
478.82877
438.965
pt
460.0
490.0
460.0
490.0
460.0
490.0

running
20.0
4.0
false
pt
553.5009
499.56863
553.5009
499.56863
553.5009
499.56863
pt
561.0765
476.8423
561.0765
476.8423
561.0765
476.8423
pt
554.5834
443.29388
554.5834
443.29388
554.5834
443.29388
pt
559.9943
479.00668
559.9943
479.00668
559.9943
479.00668
pt
596.7893
448.7049
596.7893
448.7049
596.7893
448.7049
pt
561.0765
481.1711
561.0765
481.1711
561.0765
481.1711
pt
553.5009
499.56863
553.5009
499.56863
553.5009
499.56863

running
20.0
4.0
false
pt
552.41876
498.48633
552.41876
498.48633
552.41876
498.48633
pt
559.9943
475.76007
559.9943
475.76007
559.9943
475.76007
pt
553.5009
442.2116
553.5009
442.2116
553.5009
442.2116
pt
558.91223
477.92453
558.91223
477.92453
558.91223
477.92453
pt
595.7072
447.62268
595.7072
447.62268
595.7072
447.62268
pt
559.9943
480.0889
559.9943
480.0889
559.9943
480.0889
pt
552.41876
498.48633
552.41876
498.48633
552.41876
498.48633

running
20.0
4.0
false
pt
550.25446
500.65085
550.25446
500.65085
550.25446
500.65085
pt
557.82983
477.92453
557.82983
477.92453
557.82983
477.92453
pt
551.3366
444.37607
551.3366
444.37607
551.3366
444.37607
pt
556.7477
480.0889
556.7477
480.0889
556.7477
480.0889
pt
593.5427
449.78723
593.5427
449.78723
593.5427
449.78723
pt
557.82983
482.2533
557.82983
482.2533
557.82983
482.2533
pt
550.25446
500.65085
550.25446
500.65085
550.25446
500.65085

running
20.0
4.0
false
pt
554.5834
501.73297
554.5834
501.73297
554.5834
501.73297
pt
562.1587
479.00668
562.1587
479.00668
562.1587
479.00668
pt
555.6654
445.45825
555.6654
445.45825
555.6654
445.45825
pt
561.0765
481.1711
561.0765
481.1711
561.0765
481.1711
pt
597.8715
450.86935
597.8715
450.86935
597.8715
450.86935
pt
562.1587
483.33554
562.1587
483.33554
562.1587
483.33554
pt
554.5834
501.73297
554.5834
501.73297
554.5834
501.73297

running
20.0
4.0
false
pt
406.4031
544.02136
406.4031
544.02136
406.4031
544.02136
pt
417.22522
598.13165
417.22522
598.13165
417.22522
598.13165
pt
461.5956
550.5145
461.5956
550.5145
461.5956
550.5145
pt
436.7049
616.5291
436.7049
616.5291
436.7049
616.5291
pt
459.43127
549.43243
459.43127
549.43243
459.43127
549.43243
pt
415.06076
598.13165
415.06076
598.13165
415.06076
598.13165
pt
404.23868
542.939
404.23868
542.939
404.23868
542.939
pt
375.01913
611.1181
376.10132
611.1181
373.9369
611.1181

running
20.0
4.0
false
pt
376.01913
612.03613
376.01913
612.03613
376.01913
612.03613
pt
405.23868
544.939
405.23868
544.939
405.23868
544.939
pt
416.06076
599.0494
416.06076
599.0494
416.06076
599.0494
pt
460.43127
551.43243
460.43127
551.43243
460.43127
551.43243
pt
435.54053
617.4469
435.54053
617.4469
435.54053
617.4469
pt
458.26688
550.35016
458.26688
550.35016
458.26688
550.35016
pt
413.89633
599.0494
413.89633
599.0494
413.89633
599.0494
pt
403.07428
543.857
403.07428
543.857
403.07428
543.857
pt
373.85468
612.03613
374.9369
612.03613
372.77243
612.03613
pt
405.0
543.0
405.0
543.0
405.0
543.0
pt
375.0
612.0
375.0
612.0
375.0
612.0

running
20.0
4.0
false
pt
492.89743
570.9943
492.89743
570.9943
492.89743
570.9943
pt
510.21283
555.84344
510.21283
555.84344
510.21283
555.84344
pt
542.679
559.08997
542.679
559.08997
542.679
559.08997
pt
552.41876
568.82983
552.41876
568.82983
552.41876
568.82983
pt
538.35016
609.9538
538.35016
609.9538
538.35016
609.9538
pt
525.3637
620.7757
525.3637
620.7757
525.3637
620.7757
pt
492.89743
618.61163
492.89743
618.61163
492.89743
618.61163
pt
484.23978
606.7072
484.23978
606.7072
484.23978
606.7072
pt
492.89743
570.9943
492.89743
570.9943
492.89743
570.9943

running
20.0
4.0
false
pt
490.73297
570.9943
490.73297
570.9943
490.73297
570.9943
pt
508.0484
555.84344
508.0484
555.84344
508.0484
555.84344
pt
540.5145
559.08997
540.5145
559.08997
540.5145
559.08997
pt
550.25446
568.82983
550.25446
568.82983
550.25446
568.82983
pt
536.1857
609.9538
536.1857
609.9538
536.1857
609.9538
pt
523.1993
620.7757
523.1993
620.7757
523.1993
620.7757
pt
490.73297
618.61163
490.73297
618.61163
490.73297
618.61163
pt
482.07544
606.7072
482.07544
606.7072
482.07544
606.7072
pt
490.73297
570.9943
490.73297
570.9943
490.73297
570.9943

running
20.0
4.0
false
pt
487.48633
570.9943
487.48633
570.9943
487.48633
570.9943
pt
504.8017
555.84344
504.8017
555.84344
504.8017
555.84344
pt
537.2679
559.08997
537.2679
559.08997
537.2679
559.08997
pt
547.00793
568.82983
547.00793
568.82983
547.00793
568.82983
pt
532.939
609.9538
532.939
609.9538
532.939
609.9538
pt
519.95264
620.7757
519.95264
620.7757
519.95264
620.7757
pt
487.48633
618.61163
487.48633
618.61163
487.48633
618.61163
pt
478.82877
606.7072
478.82877
606.7072
478.82877
606.7072
pt
487.48633
570.9943
487.48633
570.9943
487.48633
570.9943

running
20.0
4.0
false
pt
489.65085
568.82983
489.65085
568.82983
489.65085
568.82983
pt
506.9663
553.679
506.9663
553.679
506.9663
553.679
pt
539.43243
556.92566
539.43243
556.92566
539.43243
556.92566
pt
549.1723
566.6654
549.1723
566.6654
549.1723
566.6654
pt
535.1035
607.7893
535.1035
607.7893
535.1035
607.7893
pt
522.11707
618.61163
522.11707
618.61163
522.11707
618.61163
pt
489.65085
616.4469
489.65085
616.4469
489.65085
616.4469
pt
480.9933
604.5427
480.9933
604.5427
480.9933
604.5427
pt
489.65085
568.82983
489.65085
568.82983
489.65085
568.82983

running
20.0
4.0
false
pt
586.13165
576.6519
586.13165
576.6519
586.13165
576.6519
pt
574.22736
609.1181
574.22736
609.1181
574.22736
609.1181
pt
579.6383
623.1868
579.6383
623.1868
579.6383
623.1868
pt
614.2691
626.4335
614.2691
626.4335
614.2691
626.4335
pt
628.33777
617.7757
628.33777
617.7757
628.33777
617.7757
pt
634.83105
600.46075
634.83105
600.46075
634.83105
600.46075
pt
603.4469
597.21387
603.4469
597.21387
603.4469
597.21387

running
20.0
4.0
true
pt
640.1599
588.1452
640.1599
588.1452
640.1599
588.1452
pt
643.40656
579.4876
643.40656
579.4876
643.40656
579.4876
pt
635.83105
570.82983
635.83105
570.82983
635.83105
570.82983
pt
597.9538
569.7477
597.9538
569.7477
597.9538
569.7477
pt
584.9673
582.73413
584.9673
582.73413
584.9673
582.73413
pt
573.06287
615.2005
573.06287
615.2005
573.06287
615.2005
pt
578.4742
629.2691
578.4742
629.2691
578.4742
629.2691
pt
613.1048
632.5157
613.1048
632.5157
613.1048
632.5157
pt
627.17334
623.858
627.17334
623.858
627.17334
623.858
pt
633.6665
606.5427
633.6665
606.5427
633.6665
606.5427
pt
602.2825
603.29614
602.2825
603.29614
602.2825
603.29614

running
20.0
4.0
false
pt
637.91315
587.22736
637.91315
587.22736
637.91315
587.22736
pt
641.1599
578.5697
641.1599
578.5697
641.1599
578.5697
pt
633.5845
569.91223
633.5845
569.91223
633.5845
569.91223
pt
595.7072
568.82983
595.7072
568.82983
595.7072
568.82983
pt
582.7206
581.8164
582.7206
581.8164
582.7206
581.8164
pt
570.8164
614.2825
570.8164
614.2825
570.8164
614.2825
pt
576.22736
628.3512
576.22736
628.3512
576.22736
628.3512
pt
610.858
631.5979
610.858
631.5979
610.858
631.5979
pt
624.92664
622.94025
624.92664
622.94025
624.92664
622.94025
pt
631.4199
605.625
631.4199
605.625
631.4199
605.625
pt
600.03613
602.3783
600.03613
602.3783
600.03613
602.3783

running
20.0
4.0
true
pt
641.0777
585.22736
641.0777
585.22736
641.0777
585.22736
pt
644.3243
576.5697
644.3243
576.5697
644.3243
576.5697
pt
636.74884
567.91223
636.74884
567.91223
636.74884
567.91223
pt
598.8715
566.82983
598.8715
566.82983
598.8715
566.82983
pt
585.8851
579.8164
585.8851
579.8164
585.8851
579.8164
pt
573.9807
612.2825
573.9807
612.2825
573.9807
612.2825
pt
579.3917
626.3512
579.3917
626.3512
579.3917
626.3512
pt
614.0224
629.5979
614.0224
629.5979
614.0224
629.5979
pt
628.0911
620.94025
628.0911
620.94025
628.0911
620.94025
pt
634.5845
603.625
634.5845
603.625
634.5845
603.625
pt
603.2005
600.3783
603.2005
600.3783
603.2005
600.3783

running
20.0
4.0
false
pt
641.0777
584.3917
641.0777
584.3917
641.0777
584.3917
pt
644.3243
575.73413
644.3243
575.73413
644.3243
575.73413
pt
636.74884
567.0765
636.74884
567.0765
636.74884
567.0765
pt
598.8715
565.9943
598.8715
565.9943
598.8715
565.9943
pt
585.8851
578.9807
585.8851
578.9807
585.8851
578.9807
pt
573.9807
611.4469
573.9807
611.4469
573.9807
611.4469
pt
579.3917
625.5157
579.3917
625.5157
579.3917
625.5157
pt
614.0224
628.7622
614.0224
628.7622
614.0224
628.7622
pt
628.0911
620.1048
628.0911
620.1048
628.0911
620.1048
pt
634.5845
602.7893
634.5845
602.7893
634.5845
602.7893
pt
603.2005
599.5427
603.2005
599.5427
603.2005
599.5427

running
20.0
4.0
true
pt
640.24207
587.9807
640.24207
587.9807
640.24207
587.9807
pt
643.4887
579.32324
643.4887
579.32324
643.4887
579.32324
pt
635.91315
570.6654
635.91315
570.6654
635.91315
570.6654
pt
598.03613
569.5834
598.03613
569.5834
598.03613
569.5834
pt
585.0494
582.5697
585.0494
582.5697
585.0494
582.5697
pt
573.1452
615.03613
573.1452
615.03613
573.1452
615.03613
pt
578.5563
629.1048
578.5563
629.1048
578.5563
629.1048
pt
613.1868
632.3512
613.1868
632.3512
613.1868
632.3512
pt
627.25555
623.6938
627.25555
623.6938
627.25555
623.6938
pt
633.74884
606.3783
633.74884
606.3783
633.74884
606.3783
pt
602.36475
603.13165
602.36475
603.13165
602.36475
603.13165

running
20.0
4.0
false
pt
689.8592
569.91223
689.8592
569.91223
689.8592
569.91223
pt
671.4617
622.94025
671.4617
622.94025
671.4617
622.94025
pt
676.8726
634.8446
676.8726
634.8446
676.8726
634.8446
pt
708.2567
638.0911
708.2567
638.0911
708.2567
638.0911
pt
724.48975
630.5157
724.48975
630.5157
724.48975
630.5157
pt
747.21606
575.32324
747.21606
575.32324
747.21606
575.32324

running
20.0
4.0
true
pt
682.2836
572.0765
682.2836
572.0765
682.2836
572.0765
pt
663.88617
625.1048
663.88617
625.1048
663.88617
625.1048
pt
669.2971
637.0089
669.2971
637.0089
669.2971
637.0089
pt
700.6812
640.25555
700.6812
640.25555
700.6812
640.25555
pt
716.91425
632.68
716.91425
632.68
716.91425
632.68
pt
739.6407
577.4876
739.6407
577.4876
739.6407
577.4876

running
20.0
4.0
false
pt
684.448
570.9943
684.448
570.9943
684.448
570.9943
pt
666.0505
624.0224
666.0505
624.0224
666.0505
624.0224
pt
671.4617
635.92664
671.4617
635.92664
671.4617
635.92664
pt
702.8455
639.17334
702.8455
639.17334
702.8455
639.17334
pt
719.0787
631.5979
719.0787
631.5979
719.0787
631.5979
pt
741.80505
576.4055
741.80505
576.4055
741.80505
576.4055

running
20.0
4.0
true
pt
686.6125
570.9943
686.6125
570.9943
686.6125
570.9943
pt
668.21497
624.0224
668.21497
624.0224
668.21497
624.0224
pt
673.62604
635.92664
673.62604
635.92664
673.62604
635.92664
pt
705.00995
639.17334
705.00995
639.17334
705.00995
639.17334
pt
721.2432
631.5979
721.2432
631.5979
721.2432
631.5979
pt
743.96954
576.4055
743.96954
576.4055
743.96954
576.4055

running
20.0
4.0
false
pt
688.77686
569.91223
688.77686
569.91223
688.77686
569.91223
pt
670.37946
622.94025
670.37946
622.94025
670.37946
622.94025
pt
675.79047
634.8446
675.79047
634.8446
675.79047
634.8446
pt
707.1746
638.0911
707.1746
638.0911
707.1746
638.0911
pt
723.4077
630.5157
723.4077
630.5157
723.4077
630.5157
pt
746.13385
575.32324
746.13385
575.32324
746.13385
575.32324

running
20.0
4.0
false
pt
795.9155
576.4055
795.9155
576.4055
795.9155
576.4055
pt
769.94244
645.6665
769.94244
645.6665
769.94244
645.6665
pt
815.3951
649.9954
815.3951
649.9954
815.3951
649.9954

running
20.0
4.0
true
pt
786.17566
581.8164
786.17566
581.8164
786.17566
581.8164
pt
760.20264
651.0777
760.20264
651.0777
760.20264
651.0777
pt
805.6553
655.40656
805.6553
655.40656
805.6553
655.40656

running
20.0
4.0
false
pt
793.7511
577.4876
793.7511
577.4876
793.7511
577.4876
pt
767.77826
646.74884
767.77826
646.74884
767.77826
646.74884
pt
813.2308
651.0777
813.2308
651.0777
813.2308
651.0777

running
20.0
4.0
true
pt
789.4222
579.6519
789.4222
579.6519
789.4222
579.6519
pt
763.4493
648.91315
763.4493
648.91315
763.4493
648.91315
pt
808.9019
653.24207
808.9019
653.24207
808.9019
653.24207

running
20.0
4.0
false
pt
791.58673
578.5697
791.58673
578.5697
791.58673
578.5697
pt
765.6136
647.83105
765.6136
647.83105
765.6136
647.83105
pt
811.0664
652.1599
811.0664
652.1599
811.0664
652.1599

