satin
12.0
3.0
false
false
pt
379.85468
371.197
379.85468
371.197
379.85468
371.197
pt
337.64856
353.88168
337.64856
353.88168
337.64856
353.88168
pt
511.88397
280.2917
404.7361
293.20102
601.7072
269.4695
pt
509.71954
240.24995
369.93945
252.45297
646.0777
228.3457
pt
659.064
356.0461
659.064
356.0461
659.064
356.0461
pt
694.77686
345.224
694.77686
345.224
694.77686
345.224

running
20.0
4.0
false
pt
660.1462
366.86823
660.1462
366.86823
660.1462
366.86823
pt
718.58545
349.55292
718.58545
349.55292
718.58545
349.55292
pt
588.7206
388.5124
588.7206
388.5124
588.7206
388.5124
pt
678.544
362.53934
678.544
362.53934
678.544
362.53934
pt
687.2016
402.58112
687.2016
402.58112
687.2016
402.58112
pt
726.161
393.9233
726.161
393.9233
726.161
393.9233
pt
644.9954
416.6497
644.9954
416.6497
644.9954
416.6497
pt
639.5845
428.554
639.5845
428.554
639.5845
428.554
pt
662.3108
420.97855
662.3108
420.97855
662.3108
420.97855

satin
20.0
3.0
false
false
pt
675.2971
424.22522
675.2971
424.22522
675.2971
424.22522
pt
685.0369
440.45825
685.0369
440.45825
685.0369
440.45825
pt
694.77686
419.89633
694.77686
419.89633
694.77686
419.89633
pt
701.2702
436.12946
701.2702
436.12946
701.2702
436.12946
pt
703.4346
416.6497
703.4346
416.6497
703.4346
416.6497
pt
704.5167
423.14294
704.5167
423.14294
704.5167
423.14294
pt
714.2567
413.4031
714.2567
413.4031
714.2567
413.4031
pt
715.3389
418.8141
715.3389
418.8141
715.3389
418.8141
pt
720.7501
413.4031
720.7501
413.4031
720.7501
413.4031
pt
727.2432
428.554
727.2432
428.554
727.2432
428.554
pt
729.4077
410.1565
729.4077
410.1565
729.4077
410.1565
pt
736.9831
426.38962
736.9831
426.38962
736.9831
426.38962

satin
20.0
3.0
false
false
pt
735.90076
422.06076
735.90076
422.06076
735.90076
422.06076
pt
739.14734
439.37607
739.14734
439.37607
739.14734
439.37607
pt
726.161
424.22522
726.161
424.22522
726.161
424.22522
pt
728.32526
441.54053
728.32526
441.54053
728.32526
441.54053
pt
722.91425
435.04724
722.91425
435.04724
722.91425
435.04724
pt
723.9966
442.62268
723.9966
442.62268
723.9966
442.62268
pt
715.3389
439.37607
715.3389
439.37607
715.3389
439.37607
pt
716.4211
444.78723
716.4211
444.78723
716.4211
444.78723
pt
707.76337
439.37607
707.76337
439.37607
707.76337
439.37607
pt
708.8455
445.86935
708.8455
445.86935
708.8455
445.86935
pt
702.3523
435.04724
702.3523
435.04724
702.3523
435.04724
pt
702.3523
448.03375
702.3523
448.03375
702.3523
448.03375
pt
682.8726
440.45825
682.8726
440.45825
682.8726
440.45825
pt
687.2016
450.1981
687.2016
450.1981
687.2016
450.1981
pt
629.8446
452.36255
629.8446
452.36255
629.8446
452.36255
pt
630.92664
459.93796
630.92664
459.93796
630.92664
459.93796

satin
20.0
3.0
false
false
pt
638.50214
436.12946
638.50214
436.12946
638.50214
436.12946
pt
636.33777
426.38962
636.33777
426.38962
636.33777
426.38962
pt
731.57196
413.4031
731.57196
413.4031
731.57196
413.4031
pt
730.48975
403.66324
730.48975
403.66324
730.48975
403.66324

running
20.0
4.0
true
pt
783.5178
439.37607
783.5178
439.37607
783.5178
439.37607
pt
761.8738
444.78723
761.8738
444.78723
761.8738
444.78723
pt
749.96954
444.78723
749.96954
444.78723
749.96954
444.78723
pt
731.57196
409.07428
731.57196
409.07428
731.57196
409.07428
pt
723.9966
346.30624
723.9966
346.30624
723.9966
346.30624
pt
743.47626
332.23755
743.47626
332.23755
743.47626
332.23755
pt
717.50323
348.47067
717.50323
348.47067
717.50323
348.47067
pt
726.161
404.74542
726.161
404.74542
726.161
404.74542

satin
12.0
5.0
false
true
pt
796.50446
430.7184
796.50446
430.7184
796.50446
430.7184
pt
824.6416
423.14294
824.6416
423.14294
824.6416
423.14294
pt
753.21606
396.08783
759.70935
429.63623
746.72296
362.53934
pt
784.6001
380.9369
789.58716
414.183
781.35364
359.29272
pt
772.6958
331.1554
755.38055
337.64856
790.0112
324.66214
pt
804.0798
324.66214
782.4357
325.74435
825.72394
323.57996

running
20.0
4.0
true
pt
628.7622
466.43127
628.7622
466.43127
628.7622
466.43127
pt
739.14734
452.36255
739.14734
452.36255
739.14734
452.36255
pt
761.8738
450.1981
761.8738
450.1981
761.8738
450.1981
pt
755.38055
480.4999
755.38055
480.4999
755.38055
480.4999
pt
734.8186
483.74652
734.8186
483.74652
734.8186
483.74652
pt
720.7501
478.33554
720.7501
478.33554
720.7501
478.33554
pt
706.6812
457.77362
706.6812
457.77362
706.6812
457.77362
pt
764.03827
449.11597
764.03827
449.11597
764.03827
449.11597
pt
784.6001
438.29388
784.6001
438.29388
784.6001
438.29388
pt
788.92883
427.4718
788.92883
427.4718
788.92883
427.4718
pt
765.12036
416.6497
765.12036
416.6497
765.12036
416.6497
pt
754.29846
395.0056
754.29846
395.0056
754.29846
395.0056
pt
752.13385
372.27924
752.13385
372.27924
752.13385
372.27924
pt
756.4627
348.47067
756.4627
348.47067
756.4627
348.47067

satin
12.0
3.0
false
false
pt
625.5157
474.00668
625.5157
474.00668
625.5157
474.00668
pt
623.3512
481.58218
623.3512
481.58218
623.3512
481.58218
pt
679.62604
477.2533
679.62604
477.2533
679.62604
477.2533
pt
673.1329
484.82877
673.1329
484.82877
673.1329
484.82877
pt
700.18805
507.55502
700.18805
507.55502
700.18805
507.55502
pt
691.5303
508.63736
691.5303
508.63736
691.5303
508.63736

satin
12.0
3.0
false
false
pt
754.29846
510.8017
754.29846
510.8017
754.29846
510.8017
pt
765.12036
514.0484
765.12036
514.0484
765.12036
514.0484
pt
758.62714
503.2263
758.62714
503.2263
758.62714
503.2263
pt
766.20264
502.1441
766.20264
502.1441
766.20264
502.1441
pt
752.13385
494.56863
752.13385
494.56863
752.13385
494.56863
pt
775.94244
494.56863
775.94244
494.56863
775.94244
494.56863
pt
745.6407
488.07544
745.6407
488.07544
745.6407
488.07544
pt
775.94244
488.07544
775.94244
488.07544
775.94244
488.07544
pt
747.80505
475.0889
747.80505
475.0889
747.80505
475.0889
pt
779.18915
474.00668
779.18915
474.00668
779.18915
474.00668
pt
760.7916
465.3491
760.7916
465.3491
760.7916
465.3491
pt
797.58673
466.43127
797.58673
466.43127
797.58673
466.43127
pt
752.13385
451.2804
752.13385
451.2804
752.13385
451.2804
pt
786.7646
452.36255
786.7646
452.36255
786.7646
452.36255
pt
767.2848
448.03375
767.2848
448.03375
767.2848
448.03375
pt
788.92883
448.03375
788.92883
448.03375
788.92883
448.03375
pt
772.6958
441.54053
772.6958
441.54053
772.6958
441.54053
pt
798.6687
443.7049
798.6687
443.7049
798.6687
443.7049
pt
783.5178
435.04724
783.5178
435.04724
783.5178
435.04724
pt
791.09326
440.45825
791.09326
440.45825
791.09326
440.45825
pt
787.8466
427.4718
787.8466
427.4718
787.8466
427.4718
pt
794.33997
436.12946
794.33997
436.12946
794.33997
436.12946
pt
801.9155
426.38962
801.9155
426.38962
801.9155
426.38962
pt
804.0798
435.04724
804.0798
435.04724
804.0798
435.04724
pt
824.6416
418.8141
824.6416
418.8141
824.6416
418.8141
pt
835.4638
423.14294
835.4638
423.14294
835.4638
423.14294
pt
831.1351
411.23868
831.1351
411.23868
831.1351
411.23868
pt
851.6969
415.56754
851.6969
415.56754
851.6969
415.56754
pt
834.3816
398.25223
834.3816
398.25223
834.3816
398.25223
pt
863.60126
393.9233
863.60126
393.9233
863.60126
393.9233
pt
832.21704
367.95038
832.21704
367.95038
832.21704
367.95038
pt
860.3547
364.70386
860.3547
364.70386
860.3547
364.70386
pt
824.6416
350.6351
824.6416
350.6351
824.6416
350.6351
pt
843.03937
331.1554
843.03937
331.1554
843.03937
331.1554
pt
810.5731
333.31976
810.5731
333.31976
810.5731
333.31976
pt
821.3951
319.25107
821.3951
319.25107
821.3951
319.25107
pt
801.9155
328.991
801.9155
328.991
801.9155
328.991
pt
799.7511
322.4977
799.7511
322.4977
799.7511
322.4977
pt
761.8738
337.64856
761.8738
337.64856
761.8738
337.64856
pt
768.3672
328.991
768.3672
328.991
768.3672
328.991
pt
755.38055
327.90875
755.38055
327.90875
755.38055
327.90875
pt
762.95605
301.93576
762.95605
301.93576
762.95605
301.93576
pt
745.6407
332.23755
745.6407
332.23755
745.6407
332.23755
pt
740.2297
309.5112
740.2297
309.5112
740.2297
309.5112
pt
738.0652
336.56644
738.0652
336.56644
738.0652
336.56644
pt
723.9966
307.3469
723.9966
307.3469
723.9966
307.3469
pt
730.48975
332.23755
730.48975
332.23755
730.48975
332.23755
pt
714.2567
320.33325
714.2567
320.33325
714.2567
320.33325
pt
715.3389
343.05966
715.3389
343.05966
715.3389
343.05966
pt
695.8592
325.74435
695.8592
325.74435
695.8592
325.74435
pt
705.59906
337.64856
705.59906
337.64856
705.59906
337.64856
pt
681.79047
328.991
681.79047
328.991
681.79047
328.991
pt
694.77686
350.6351
694.77686
350.6351
694.77686
350.6351
pt
646.0777
341.9775
646.0777
341.9775
646.0777
341.9775
pt
584.3917
384.1836
584.3917
384.1836
584.3917
384.1836
pt
583.3096
377.69028
583.3096
377.69028
583.3096
377.69028
pt
578.9807
392.84113
578.9807
392.84113
578.9807
392.84113
pt
568.1587
390.67682
568.1587
390.67682
568.1587
390.67682

satin
12.0
3.0
false
false
pt
376.60803
376.60803
376.60803
376.60803
376.60803
376.60803
pt
384.1836
365.78598
384.1836
365.78598
384.1836
365.78598
pt
337.64856
364.70386
337.64856
364.70386
337.64856
364.70386
pt
330.0731
325.74435
330.0731
325.74435
330.0731
325.74435
pt
217.52362
281.37384
217.52362
281.37384
217.52362
281.37384
pt
212.11261
233.75673
212.11261
233.75673
212.11261
233.75673
pt
113.631744
429.63623
113.631744
429.63623
113.631744
429.63623
pt
74.67229
431.80063
74.67229
431.80063
74.67229
431.80063
pt
277.04498
554.08997
277.04498
554.08997
277.04498
554.08997
pt
271.63394
599.5427
271.63394
599.5427
271.63394
599.5427

running
20.0
4.0
true
pt
136.0
396.0
136.0
396.0
136.0
396.0
pt
110.0
430.0
110.0
430.0
110.0
430.0
pt
266.0
547.0
266.0
547.0
266.0
547.0

running
13.0
3.0
false
pt
150.4268
405.82764
150.4268
405.82764
150.4268
405.82764
pt
159.08444
393.9233
159.08444
393.9233
159.08444
393.9233
pt
152.59119
422.06076
152.59119
422.06076
152.59119
422.06076
pt
167.74211
387.43015
167.74211
387.43015
167.74211
387.43015
pt
160.16663
418.8141
160.16663
418.8141
160.16663
418.8141
pt
170.98875
392.84113
170.98875
392.84113
170.98875
392.84113
pt
172.0709
424.22522
172.0709
424.22522
172.0709
424.22522
pt
175.31755
402.58112
175.31755
402.58112
175.31755
402.58112
pt
175.31755
420.97855
175.31755
420.97855
175.31755
420.97855
pt
183.97519
396.08783
183.97519
396.08783
183.97519
396.08783
pt
186.02095
407.96295
186.02095
407.96295
186.02095
407.96295
pt
192.63286
396.08783
192.63286
396.08783
192.63286
396.08783
pt
195.02715
407.96295
195.02715
407.96295
195.02715
407.96295
pt
198.02934
397.45544
198.02934
397.45544
198.02934
397.45544
pt
202.53246
410.965
202.53246
410.965
202.53246
410.965
pt
207.03546
397.45544
207.03546
397.45544
207.03546
397.45544
pt
196.52817
403.45953
196.52817
403.45953
196.52817
403.45953
pt
202.53246
383.94614
202.53246
383.94614
202.53246
383.94614
pt
214.54074
368.93573
214.54074
368.93573
214.54074
368.93573
pt
232.55342
358.42813
232.55342
358.42813
232.55342
358.42813
pt
244.56172
358.42813
244.56172
358.42813
244.56172
358.42813
pt
223.54698
361.4304
223.54698
361.4304
223.54698
361.4304
pt
207.03546
374.9397
207.03546
374.9397
207.03546
374.9397
pt
199.53033
391.45117
199.53033
391.45117
199.53033
391.45117
pt
205.53456
374.9397
205.53456
374.9397
205.53456
374.9397
pt
222.04611
362.93143
222.04611
362.93143
222.04611
362.93143
pt
213.0397
371.9377
213.0397
371.9377
213.0397
371.9377
pt
199.53033
386.94827
199.53033
386.94827
199.53033
386.94827
pt
198.02934
410.965
198.02934
410.965
198.02934
410.965
pt
201.03136
424.47418
201.03136
424.47418
201.03136
424.47418
pt
213.0397
440.98575
213.0397
440.98575
213.0397
440.98575
pt
204.03343
431.9794
204.03343
431.9794
204.03343
431.9794
pt
196.52817
415.46817
196.52817
415.46817
196.52817
415.46817
pt
201.03136
404.9607
201.03136
404.9607
201.03136
404.9607

satin
13.0
3.0
false
false
pt
238.08556
397.16998
238.08556
397.16998
238.08556
397.16998
pt
222.93468
418.8141
222.93468
418.8141
222.93468
418.8141
pt
233.75673
403.66324
233.75673
403.66324
233.75673
403.66324
pt
217.52362
412.3208
217.52362
412.3208
217.52362
412.3208
pt
239.16777
396.08783
239.16777
396.08783
239.16777
396.08783
pt
215.3592
397.16998
215.3592
397.16998
215.3592
397.16998
pt
232.67455
403.66324
232.67455
403.66324
232.67455
403.66324
pt
228.3457
380.9369
228.3457
380.9369
228.3457
380.9369
pt
239.16777
397.16998
239.16777
397.16998
239.16777
397.16998
pt
240.24995
377.69028
240.24995
377.69028
240.24995
377.69028
pt
233.75673
402.58112
233.75673
402.58112
233.75673
402.58112
pt
251.07205
380.9369
251.07205
380.9369
251.07205
380.9369

running
20.0
4.0
true
pt
268.0
483.0
268.0
483.0
268.0
483.0
pt
212.0
443.0
212.0
443.0
212.0
443.0
pt
209.0
453.0
209.0
453.0
209.0
453.0
pt
273.0
363.0
273.0
363.0
273.0
363.0
pt
230.0
338.0
230.0
338.0
230.0
338.0
pt
289.0
377.0
289.0
377.0
289.0
377.0
pt
263.0
360.0
263.0
360.0
263.0
360.0
pt
236.0
401.0
236.0
401.0
236.0
401.0

satin
13.0
3.0
false
false
pt
265.14072
489.15762
265.14072
489.15762
265.14072
489.15762
pt
293.27814
494.56863
293.27814
494.56863
293.27814
494.56863
pt
239.16777
768.3672
239.16777
768.3672
239.16777
768.3672
pt
268.38733
729.4077
268.38733
729.4077
268.38733
729.4077
pt
869.01227
715.3389
869.01227
715.3389
869.01227
715.3389
pt
834.3816
685.0369
834.3816
685.0369
834.3816
685.0369
pt
898.23193
511.88397
898.23193
511.88397
898.23193
511.88397
pt
859.27246
538.939
859.27246
538.939
859.27246
538.939
pt
625.5157
494.56863
625.5157
494.56863
625.5157
494.56863
pt
606.03613
509.71954
606.03613
509.71954
606.03613
509.71954
pt
651.4887
397.16998
651.4887
397.16998
651.4887
397.16998
pt
630.92664
415.56754
630.92664
415.56754
630.92664
415.56754
pt
327.90875
361.45712
327.90875
361.45712
327.90875
361.45712
pt
339.81302
379.85468
339.81302
379.85468
339.81302
379.85468
pt
264.05853
491.32205
264.05853
491.32205
264.05853
491.32205
pt
292.19586
494.56863
292.19586
494.56863
292.19586
494.56863

running
20.0
4.0
false
pt
292.0
492.0
292.0
492.0
292.0
492.0
pt
324.0
416.0
324.0
416.0
324.0
416.0

running
20.0
4.0
false
pt
350.6351
419.89633
350.6351
419.89633
350.6351
419.89633
pt
364.70386
423.14294
364.70386
423.14294
364.70386
423.14294
pt
349.55292
424.22522
349.55292
424.22522
349.55292
424.22522
pt
364.70386
419.89633
364.70386
419.89633
364.70386
419.89633
pt
357.12836
418.8141
357.12836
418.8141
357.12836
418.8141
pt
339.81302
470.76007
339.81302
470.76007
339.81302
470.76007
pt
343.05966
474.00668
343.05966
474.00668
343.05966
474.00668
pt
333.31976
472.92453
333.31976
472.92453
333.31976
472.92453
pt
345.224
469.67786
345.224
469.67786
345.224
469.67786
pt
333.31976
467.51346
333.31976
467.51346
333.31976
467.51346
pt
343.05966
470.76007
343.05966
470.76007
343.05966
470.76007
pt
331.1554
469.67786
331.1554
469.67786
331.1554
469.67786
pt
339.81302
471.8423
339.81302
471.8423
339.81302
471.8423
pt
358.21054
419.89633
358.21054
419.89633
358.21054
419.89633
pt
337.64856
471.8423
337.64856
471.8423
337.64856
471.8423
pt
359.29272
420.97855
359.29272
420.97855
359.29272
420.97855
pt
335.48422
471.8423
335.48422
471.8423
335.48422
471.8423

running
20.0
4.0
false
pt
386.3479
479.4178
386.3479
479.4178
386.3479
479.4178
pt
409.07428
427.4718
409.07428
427.4718
409.07428
427.4718
pt
415.56754
429.63623
415.56754
429.63623
415.56754
429.63623
pt
426.38962
479.4178
426.38962
479.4178
426.38962
479.4178
pt
433.965
479.4178
433.965
479.4178
433.965
479.4178
pt
454.52698
429.63623
454.52698
429.63623
454.52698
429.63623
pt
429.63623
481.58218
429.63623
481.58218
429.63623
481.58218
pt
412.3208
426.38962
412.3208
426.38962
412.3208
426.38962
pt
387.43015
480.4999
387.43015
480.4999
387.43015
480.4999
pt
411.23868
428.554
411.23868
428.554
411.23868
428.554
pt
429.63623
477.2533
429.63623
477.2533
429.63623
477.2533
pt
453.44473
429.63623
453.44473
429.63623
453.44473
429.63623

running
20.0
4.0
false
pt
485.91098
433.965
485.91098
433.965
485.91098
433.965
pt
465.3491
484.82877
465.3491
484.82877
465.3491
484.82877
pt
498.89743
484.82877
498.89743
484.82877
498.89743
484.82877
pt
512.9663
478.33554
512.9663
478.33554
512.9663
478.33554
pt
525.95264
446.9515
525.95264
446.9515
525.95264
446.9515
pt
521.62384
439.37607
521.62384
439.37607
521.62384
439.37607
pt
510.8017
436.12946
510.8017
436.12946
510.8017
436.12946
pt
484.82877
435.04724
484.82877
435.04724
484.82877
435.04724

running
20.0
4.0
false
pt
486.9933
436.12946
486.9933
436.12946
486.9933
436.12946
pt
466.43127
486.9933
466.43127
486.9933
466.43127
486.9933
pt
499.97968
486.9933
499.97968
486.9933
499.97968
486.9933
pt
514.0484
480.4999
514.0484
480.4999
514.0484
480.4999
pt
527.0348
449.11597
527.0348
449.11597
527.0348
449.11597
pt
522.706
441.54053
522.706
441.54053
522.706
441.54053
pt
511.88397
438.29388
511.88397
438.29388
511.88397
438.29388
pt
485.91098
437.2116
485.91098
437.2116
485.91098
437.2116

running
20.0
4.0
false
pt
485.91098
431.80063
485.91098
431.80063
485.91098
431.80063
pt
465.3491
482.66434
465.3491
482.66434
465.3491
482.66434
pt
498.89743
482.66434
498.89743
482.66434
498.89743
482.66434
pt
512.9663
476.1711
512.9663
476.1711
512.9663
476.1711
pt
525.95264
444.78723
525.95264
444.78723
525.95264
444.78723
pt
521.62384
437.2116
521.62384
437.2116
521.62384
437.2116
pt
510.8017
433.965
510.8017
433.965
510.8017
433.965
pt
484.82877
432.8828
484.82877
432.8828
484.82877
432.8828

running
20.0
4.0
false
pt
485.91098
435.04724
485.91098
435.04724
485.91098
435.04724
pt
465.3491
485.91098
465.3491
485.91098
465.3491
485.91098
pt
498.89743
485.91098
498.89743
485.91098
498.89743
485.91098
pt
512.9663
479.4178
512.9663
479.4178
512.9663
479.4178
pt
525.95264
448.03375
525.95264
448.03375
525.95264
448.03375
pt
521.62384
440.45825
521.62384
440.45825
521.62384
440.45825
pt
510.8017
437.2116
510.8017
437.2116
510.8017
437.2116
pt
484.82877
436.12946
484.82877
436.12946
484.82877
436.12946

running
20.0
4.0
false
pt
485.91098
432.8828
485.91098
432.8828
485.91098
432.8828
pt
465.3491
483.74652
465.3491
483.74652
465.3491
483.74652
pt
498.89743
483.74652
498.89743
483.74652
498.89743
483.74652
pt
512.9663
477.2533
512.9663
477.2533
512.9663
477.2533
pt
525.95264
445.86935
525.95264
445.86935
525.95264
445.86935
pt
521.62384
438.29388
521.62384
438.29388
521.62384
438.29388
pt
510.8017
435.04724
510.8017
435.04724
510.8017
435.04724
pt
484.82877
433.965
484.82877
433.965
484.82877
433.965
pt
466.0
485.0
466.0
485.0
466.0
485.0

running
20.0
4.0
false
pt
559.5009
494.56863
559.5009
494.56863
559.5009
494.56863
pt
567.0765
471.8423
567.0765
471.8423
567.0765
471.8423
pt
560.5834
438.29388
560.5834
438.29388
560.5834
438.29388
pt
565.9943
474.00668
565.9943
474.00668
565.9943
474.00668
pt
602.7893
443.7049
602.7893
443.7049
602.7893
443.7049
pt
567.0765
476.1711
567.0765
476.1711
567.0765
476.1711
pt
559.5009
494.56863
559.5009
494.56863
559.5009
494.56863

running
20.0
4.0
false
pt
558.41876
493.48633
558.41876
493.48633
558.41876
493.48633
pt
565.9943
470.76007
565.9943
470.76007
565.9943
470.76007
pt
559.5009
437.2116
559.5009
437.2116
559.5009
437.2116
pt
564.91223
472.92453
564.91223
472.92453
564.91223
472.92453
pt
601.7072
442.62268
601.7072
442.62268
601.7072
442.62268
pt
565.9943
475.0889
565.9943
475.0889
565.9943
475.0889
pt
558.41876
493.48633
558.41876
493.48633
558.41876
493.48633

running
20.0
4.0
false
pt
556.25446
495.65085
556.25446
495.65085
556.25446
495.65085
pt
563.82983
472.92453
563.82983
472.92453
563.82983
472.92453
pt
557.3366
439.37607
557.3366
439.37607
557.3366
439.37607
pt
562.7477
475.0889
562.7477
475.0889
562.7477
475.0889
pt
599.5427
444.78723
599.5427
444.78723
599.5427
444.78723
pt
563.82983
477.2533
563.82983
477.2533
563.82983
477.2533
pt
556.25446
495.65085
556.25446
495.65085
556.25446
495.65085

running
20.0
4.0
false
pt
560.5834
496.73297
560.5834
496.73297
560.5834
496.73297
pt
568.1587
474.00668
568.1587
474.00668
568.1587
474.00668
pt
561.6654
440.45825
561.6654
440.45825
561.6654
440.45825
pt
567.0765
476.1711
567.0765
476.1711
567.0765
476.1711
pt
603.8715
445.86935
603.8715
445.86935
603.8715
445.86935
pt
568.1587
478.33554
568.1587
478.33554
568.1587
478.33554
pt
560.5834
496.73297
560.5834
496.73297
560.5834
496.73297

running
20.0
4.0
false
pt
412.4031
539.02136
412.4031
539.02136
412.4031
539.02136
pt
423.22522
593.13165
423.22522
593.13165
423.22522
593.13165
pt
467.5956
545.5145
467.5956
545.5145
467.5956
545.5145
pt
442.7049
611.5291
442.7049
611.5291
442.7049
611.5291
pt
465.43127
544.43243
465.43127
544.43243
465.43127
544.43243
pt
421.06076
593.13165
421.06076
593.13165
421.06076
593.13165
pt
410.23868
537.939
410.23868
537.939
410.23868
537.939
pt
381.01913
606.1181
382.10132
606.1181
379.9369
606.1181

running
20.0
4.0
false
pt
382.01913
607.03613
382.01913
607.03613
382.01913
607.03613
pt
411.23868
539.939
411.23868
539.939
411.23868
539.939
pt
422.06076
594.0494
422.06076
594.0494
422.06076
594.0494
pt
466.43127
546.43243
466.43127
546.43243
466.43127
546.43243
pt
441.54053
612.4469
441.54053
612.4469
441.54053
612.4469
pt
464.26688
545.35016
464.26688
545.35016
464.26688
545.35016
pt
419.89633
594.0494
419.89633
594.0494
419.89633
594.0494
pt
409.07428
538.857
409.07428
538.857
409.07428
538.857
pt
379.85468
607.03613
380.9369
607.03613
378.77243
607.03613
pt
411.0
538.0
411.0
538.0
411.0
538.0
pt
381.0
607.0
381.0
607.0
381.0
607.0

running
20.0
4.0
false
pt
498.89743
565.9943
498.89743
565.9943
498.89743
565.9943
pt
516.2128
550.84344
516.2128
550.84344
516.2128
550.84344
pt
548.679
554.08997
548.679
554.08997
548.679
554.08997
pt
558.41876
563.82983
558.41876
563.82983
558.41876
563.82983
pt
544.35016
604.9538
544.35016
604.9538
544.35016
604.9538
pt
531.3637
615.7757
531.3637
615.7757
531.3637
615.7757
pt
498.89743
613.61163
498.89743
613.61163
498.89743
613.61163
pt
490.23978
601.7072
490.23978
601.7072
490.23978
601.7072
pt
498.89743
565.9943
498.89743
565.9943
498.89743
565.9943

running
20.0
4.0
false
pt
496.73297
565.9943
496.73297
565.9943
496.73297
565.9943
pt
514.0484
550.84344
514.0484
550.84344
514.0484
550.84344
pt
546.5145
554.08997
546.5145
554.08997
546.5145
554.08997
pt
556.25446
563.82983
556.25446
563.82983
556.25446
563.82983
pt
542.1857
604.9538
542.1857
604.9538
542.1857
604.9538
pt
529.1993
615.7757
529.1993
615.7757
529.1993
615.7757
pt
496.73297
613.61163
496.73297
613.61163
496.73297
613.61163
pt
488.07544
601.7072
488.07544
601.7072
488.07544
601.7072
pt
496.73297
565.9943
496.73297
565.9943
496.73297
565.9943

running
20.0
4.0
false
pt
493.48633
565.9943
493.48633
565.9943
493.48633
565.9943
pt
510.8017
550.84344
510.8017
550.84344
510.8017
550.84344
pt
543.2679
554.08997
543.2679
554.08997
543.2679
554.08997
pt
553.00793
563.82983
553.00793
563.82983
553.00793
563.82983
pt
538.939
604.9538
538.939
604.9538
538.939
604.9538
pt
525.95264
615.7757
525.95264
615.7757
525.95264
615.7757
pt
493.48633
613.61163
493.48633
613.61163
493.48633
613.61163
pt
484.82877
601.7072
484.82877
601.7072
484.82877
601.7072
pt
493.48633
565.9943
493.48633
565.9943
493.48633
565.9943

running
20.0
4.0
false
pt
495.65085
563.82983
495.65085
563.82983
495.65085
563.82983
pt
512.9663
548.679
512.9663
548.679
512.9663
548.679
pt
545.43243
551.92566
545.43243
551.92566
545.43243
551.92566
pt
555.1723
561.6654
555.1723
561.6654
555.1723
561.6654
pt
541.1035
602.7893
541.1035
602.7893
541.1035
602.7893
pt
528.11707
613.61163
528.11707
613.61163
528.11707
613.61163
pt
495.65085
611.4469
495.65085
611.4469
495.65085
611.4469
pt
486.9933
599.5427
486.9933
599.5427
486.9933
599.5427
pt
495.65085
563.82983
495.65085
563.82983
495.65085
563.82983

running
20.0
4.0
false
pt
592.13165
571.6519
592.13165
571.6519
592.13165
571.6519
pt
580.22736
604.1181
580.22736
604.1181
580.22736
604.1181
pt
585.6383
618.1868
585.6383
618.1868
585.6383
618.1868
pt
620.2691
621.4335
620.2691
621.4335
620.2691
621.4335
pt
634.33777
612.7757
634.33777
612.7757
634.33777
612.7757
pt
640.83105
595.46075
640.83105
595.46075
640.83105
595.46075
pt
609.4469
592.21387
609.4469
592.21387
609.4469
592.21387

running
20.0
4.0
true
pt
646.1599
583.1452
646.1599
583.1452
646.1599
583.1452
pt
649.40656
574.4876
649.40656
574.4876
649.40656
574.4876
pt
641.83105
565.82983
641.83105
565.82983
641.83105
565.82983
pt
603.9538
564.7477
603.9538
564.7477
603.9538
564.7477
pt
590.9673
577.73413
590.9673
577.73413
590.9673
577.73413
pt
579.06287
610.2005
579.06287
610.2005
579.06287
610.2005
pt
584.4742
624.2691
584.4742
624.2691
584.4742
624.2691
pt
619.1048
627.5157
619.1048
627.5157
619.1048
627.5157
pt
633.17334
618.858
633.17334
618.858
633.17334
618.858
pt
639.6665
601.5427
639.6665
601.5427
639.6665
601.5427
pt
608.2825
598.29614
608.2825
598.29614
608.2825
598.29614

running
20.0
4.0
false
pt
643.91315
582.22736
643.91315
582.22736
643.91315
582.22736
pt
647.1599
573.5697
647.1599
573.5697
647.1599
573.5697
pt
639.5845
564.91223
639.5845
564.91223
639.5845
564.91223
pt
601.7072
563.82983
601.7072
563.82983
601.7072
563.82983
pt
588.7206
576.8164
588.7206
576.8164
588.7206
576.8164
pt
576.8164
609.2825
576.8164
609.2825
576.8164
609.2825
pt
582.22736
623.3512
582.22736
623.3512
582.22736
623.3512
pt
616.858
626.5979
616.858
626.5979
616.858
626.5979
pt
630.92664
617.94025
630.92664
617.94025
630.92664
617.94025
pt
637.4199
600.625
637.4199
600.625
637.4199
600.625
pt
606.03613
597.3783
606.03613
597.3783
606.03613
597.3783

running
20.0
4.0
true
pt
647.0777
580.22736
647.0777
580.22736
647.0777
580.22736
pt
650.3243
571.5697
650.3243
571.5697
650.3243
571.5697
pt
642.74884
562.91223
642.74884
562.91223
642.74884
562.91223
pt
604.8715
561.82983
604.8715
561.82983
604.8715
561.82983
pt
591.8851
574.8164
591.8851
574.8164
591.8851
574.8164
pt
579.9807
607.2825
579.9807
607.2825
579.9807
607.2825
pt
585.3917
621.3512
585.3917
621.3512
585.3917
621.3512
pt
620.0224
624.5979
620.0224
624.5979
620.0224
624.5979
pt
634.0911
615.94025
634.0911
615.94025
634.0911
615.94025
pt
640.5845
598.625
640.5845
598.625
640.5845
598.625
pt
609.2005
595.3783
609.2005
595.3783
609.2005
595.3783

running
20.0
4.0
false
pt
647.0777
579.3917
647.0777
579.3917
647.0777
579.3917
pt
650.3243
570.73413
650.3243
570.73413
650.3243
570.73413
pt
642.74884
562.0765
642.74884
562.0765
642.74884
562.0765
pt
604.8715
560.9943
604.8715
560.9943
604.8715
560.9943
pt
591.8851
573.9807
591.8851
573.9807
591.8851
573.9807
pt
579.9807
606.4469
579.9807
606.4469
579.9807
606.4469
pt
585.3917
620.5157
585.3917
620.5157
585.3917
620.5157
pt
620.0224
623.7622
620.0224
623.7622
620.0224
623.7622
pt
634.0911
615.1048
634.0911
615.1048
634.0911
615.1048
pt
640.5845
597.7893
640.5845
597.7893
640.5845
597.7893
pt
609.2005
594.5427
609.2005
594.5427
609.2005
594.5427

running
20.0
4.0
true
pt
646.24207
582.9807
646.24207
582.9807
646.24207
582.9807
pt
649.4887
574.32324
649.4887
574.32324
649.4887
574.32324
pt
641.91315
565.6654
641.91315
565.6654
641.91315
565.6654
pt
604.03613
564.5834
604.03613
564.5834
604.03613
564.5834
pt
591.0494
577.5697
591.0494
577.5697
591.0494
577.5697
pt
579.1452
610.03613
579.1452
610.03613
579.1452
610.03613
pt
584.5563
624.1048
584.5563
624.1048
584.5563
624.1048
pt
619.1868
627.3512
619.1868
627.3512
619.1868
627.3512
pt
633.25555
618.6938
633.25555
618.6938
633.25555
618.6938
pt
639.74884
601.3783
639.74884
601.3783
639.74884
601.3783
pt
608.36475
598.13165
608.36475
598.13165
608.36475
598.13165

running
20.0
4.0
false
pt
695.8592
564.91223
695.8592
564.91223
695.8592
564.91223
pt
677.4617
617.94025
677.4617
617.94025
677.4617
617.94025
pt
682.8726
629.8446
682.8726
629.8446
682.8726
629.8446
pt
714.2567
633.0911
714.2567
633.0911
714.2567
633.0911
pt
730.48975
625.5157
730.48975
625.5157
730.48975
625.5157
pt
753.21606
570.32324
753.21606
570.32324
753.21606
570.32324

running
20.0
4.0
true
pt
688.2836
567.0765
688.2836
567.0765
688.2836
567.0765
pt
669.88617
620.1048
669.88617
620.1048
669.88617
620.1048
pt
675.2971
632.0089
675.2971
632.0089
675.2971
632.0089
pt
706.6812
635.25555
706.6812
635.25555
706.6812
635.25555
pt
722.91425
627.68
722.91425
627.68
722.91425
627.68
pt
745.6407
572.4876
745.6407
572.4876
745.6407
572.4876

running
20.0
4.0
false
pt
690.448
565.9943
690.448
565.9943
690.448
565.9943
pt
672.0505
619.0224
672.0505
619.0224
672.0505
619.0224
pt
677.4617
630.92664
677.4617
630.92664
677.4617
630.92664
pt
708.8455
634.17334
708.8455
634.17334
708.8455
634.17334
pt
725.0787
626.5979
725.0787
626.5979
725.0787
626.5979
pt
747.80505
571.4055
747.80505
571.4055
747.80505
571.4055

running
20.0
4.0
true
pt
692.6125
565.9943
692.6125
565.9943
692.6125
565.9943
pt
674.21497
619.0224
674.21497
619.0224
674.21497
619.0224
pt
679.62604
630.92664
679.62604
630.92664
679.62604
630.92664
pt
711.00995
634.17334
711.00995
634.17334
711.00995
634.17334
pt
727.2432
626.5979
727.2432
626.5979
727.2432
626.5979
pt
749.96954
571.4055
749.96954
571.4055
749.96954
571.4055

running
20.0
4.0
false
pt
694.77686
564.91223
694.77686
564.91223
694.77686
564.91223
pt
676.37946
617.94025
676.37946
617.94025
676.37946
617.94025
pt
681.79047
629.8446
681.79047
629.8446
681.79047
629.8446
pt
713.1746
633.0911
713.1746
633.0911
713.1746
633.0911
pt
729.4077
625.5157
729.4077
625.5157
729.4077
625.5157
pt
752.13385
570.32324
752.13385
570.32324
752.13385
570.32324

running
20.0
4.0
false
pt
801.9155
571.4055
801.9155
571.4055
801.9155
571.4055
pt
775.94244
640.6665
775.94244
640.6665
775.94244
640.6665
pt
821.3951
644.9954
821.3951
644.9954
821.3951
644.9954

running
20.0
4.0
true
pt
792.17566
576.8164
792.17566
576.8164
792.17566
576.8164
pt
766.20264
646.0777
766.20264
646.0777
766.20264
646.0777
pt
811.6553
650.40656
811.6553
650.40656
811.6553
650.40656

running
20.0
4.0
false
pt
799.7511
572.4876
799.7511
572.4876
799.7511
572.4876
pt
773.77826
641.74884
773.77826
641.74884
773.77826
641.74884
pt
819.2308
646.0777
819.2308
646.0777
819.2308
646.0777

running
20.0
4.0
true
pt
795.4222
574.6519
795.4222
574.6519
795.4222
574.6519
pt
769.4493
643.91315
769.4493
643.91315
769.4493
643.91315
pt
814.9019
648.24207
814.9019
648.24207
814.9019
648.24207

running
20.0
4.0
false
pt
797.58673
573.5697
797.58673
573.5697
797.58673
573.5697
pt
771.6136
642.83105
771.6136
642.83105
771.6136
642.83105
pt
817.0664
647.1599
817.0664
647.1599
817.0664
647.1599

running
20.0
4.0
true
pt
486.0
377.0
486.0
377.0
486.0
377.0
pt
497.0
370.0
497.0
370.0
497.0
370.0
pt
501.0
353.0
501.0
353.0
501.0
353.0
pt
496.0
324.0
496.0
324.0
496.0
324.0
pt
486.0
314.0
486.0
314.0
486.0
314.0
pt
474.0
308.0
474.0
308.0
474.0
308.0
pt
459.0
311.0
459.0
311.0
459.0
311.0
pt
429.0
331.0
429.0
331.0
429.0
331.0
pt
407.0
354.0
407.0
354.0
407.0
354.0
pt
400.0
370.0
400.0
370.0
400.0
370.0

running
20.0
4.0
false
pt
486.0
376.0
486.0
376.0
486.0
376.0
pt
497.0
369.0
497.0
369.0
497.0
369.0
pt
501.0
352.0
501.0
352.0
501.0
352.0
pt
496.0
323.0
496.0
323.0
496.0
323.0
pt
486.0
313.0
486.0
313.0
486.0
313.0
pt
474.0
307.0
474.0
307.0
474.0
307.0
pt
459.0
310.0
459.0
310.0
459.0
310.0
pt
429.0
330.0
429.0
330.0
429.0
330.0
pt
407.0
353.0
407.0
353.0
407.0
353.0
pt
400.0
369.0
400.0
369.0
400.0
369.0

running
20.0
4.0
true
pt
486.0
376.0
486.0
376.0
486.0
376.0
pt
497.0
369.0
497.0
369.0
497.0
369.0
pt
501.0
352.0
501.0
352.0
501.0
352.0
pt
496.0
323.0
496.0
323.0
496.0
323.0
pt
486.0
313.0
486.0
313.0
486.0
313.0
pt
474.0
307.0
474.0
307.0
474.0
307.0
pt
459.0
310.0
459.0
310.0
459.0
310.0
pt
429.0
330.0
429.0
330.0
429.0
330.0
pt
407.0
353.0
407.0
353.0
407.0
353.0
pt
400.0
369.0
400.0
369.0
400.0
369.0

running
20.0
4.0
false
pt
486.0
377.0
486.0
377.0
486.0
377.0
pt
497.0
370.0
497.0
370.0
497.0
370.0
pt
501.0
353.0
501.0
353.0
501.0
353.0
pt
496.0
324.0
496.0
324.0
496.0
324.0
pt
486.0
314.0
486.0
314.0
486.0
314.0
pt
474.0
308.0
474.0
308.0
474.0
308.0
pt
459.0
311.0
459.0
311.0
459.0
311.0
pt
429.0
331.0
429.0
331.0
429.0
331.0
pt
407.0
353.0
407.0
353.0
407.0
353.0
pt
400.0
370.0
400.0
370.0
400.0
370.0
pt
403.0
359.0
403.0
359.0
403.0
359.0
pt
412.0
348.0
412.0
348.0
412.0
348.0
pt
423.0
336.0
423.0
336.0
423.0
336.0
pt
449.0
317.0
449.0
317.0
449.0
317.0
pt
466.0
309.0
466.0
309.0
466.0
309.0
pt
480.0
309.0
480.0
309.0
480.0
309.0
pt
490.0
318.0
490.0
318.0
490.0
318.0
pt
497.0
330.0
497.0
330.0
497.0
330.0
pt
499.0
340.0
499.0
340.0
499.0
340.0

running
20.0
4.0
true
pt
516.0
339.0
516.0
339.0
516.0
339.0
pt
513.0
319.0
513.0
319.0
513.0
319.0
pt
516.0
300.0
516.0
300.0
516.0
300.0
pt
529.0
296.0
529.0
296.0
529.0
296.0
pt
540.0
302.0
540.0
302.0
540.0
302.0
pt
543.0
311.0
543.0
311.0
543.0
311.0
pt
541.0
326.0
541.0
326.0
541.0
326.0
pt
536.0
358.0
536.0
358.0
536.0
358.0
pt
527.0
366.0
527.0
366.0
527.0
366.0
pt
518.0
357.0
518.0
357.0
518.0
357.0
pt
516.0
340.0
516.0
340.0
516.0
340.0

running
20.0
4.0
true
pt
516.0
339.0
516.0
339.0
516.0
339.0
pt
513.0
319.0
513.0
319.0
513.0
319.0
pt
516.0
300.0
516.0
300.0
516.0
300.0
pt
529.0
296.0
529.0
296.0
529.0
296.0
pt
540.0
302.0
540.0
302.0
540.0
302.0
pt
543.0
311.0
543.0
311.0
543.0
311.0
pt
541.0
326.0
541.0
326.0
541.0
326.0
pt
536.0
358.0
536.0
358.0
536.0
358.0
pt
527.0
366.0
527.0
366.0
527.0
366.0
pt
518.0
357.0
518.0
357.0
518.0
357.0
pt
516.0
340.0
516.0
340.0
516.0
340.0

running
20.0
4.0
true
pt
516.0
340.0
516.0
340.0
516.0
340.0
pt
513.0
320.0
513.0
320.0
513.0
320.0
pt
516.0
301.0
516.0
301.0
516.0
301.0
pt
529.0
297.0
529.0
297.0
529.0
297.0
pt
540.0
303.0
540.0
303.0
540.0
303.0
pt
543.0
312.0
543.0
312.0
543.0
312.0
pt
541.0
327.0
541.0
327.0
541.0
327.0
pt
536.0
359.0
536.0
359.0
536.0
359.0
pt
527.0
367.0
527.0
367.0
527.0
367.0
pt
518.0
358.0
518.0
358.0
518.0
358.0
pt
516.0
341.0
516.0
341.0
516.0
341.0

running
20.0
4.0
false
pt
513.0
320.0
513.0
320.0
513.0
320.0
pt
514.0
303.0
514.0
302.0
514.0
304.0
pt
523.0
298.0
523.0
298.0
523.0
298.0
pt
535.0
298.0
535.0
298.0
535.0
298.0
pt
543.0
308.0
543.0
308.0
543.0
308.0
pt
542.0
318.0
542.0
318.0
542.0
318.0
pt
539.0
334.0
539.0
334.0
539.0
334.0

running
20.0
4.0
false
pt
556.0
338.0
556.0
338.0
556.0
338.0
pt
558.0
329.0
558.0
329.0
558.0
329.0
pt
569.0
315.0
569.0
315.0
569.0
315.0
pt
582.0
309.0
582.0
309.0
582.0
309.0
pt
602.0
316.0
602.0
316.0
602.0
316.0
pt
636.0
347.0
636.0
347.0
636.0
347.0
pt
607.0
321.0
607.0
321.0
607.0
321.0
pt
592.0
311.0
592.0
311.0
592.0
311.0
pt
574.0
312.0
574.0
312.0
574.0
312.0
pt
564.0
320.0
564.0
320.0
564.0
320.0
pt
556.0
334.0
556.0
334.0
556.0
334.0
pt
553.0
356.0
553.0
356.0
553.0
356.0
pt
559.0
372.0
559.0
372.0
559.0
372.0
pt
564.0
376.0
564.0
376.0
564.0
376.0
pt
572.0
378.0
572.0
378.0
572.0
378.0
pt
583.0
376.0
583.0
376.0
583.0
376.0
pt
568.0
376.0
568.0
376.0
568.0
376.0
pt
555.0
366.0
555.0
366.0
555.0
366.0
pt
553.0
350.0
553.0
350.0
553.0
350.0

running
20.0
4.0
false
pt
556.0
338.0
556.0
338.0
556.0
338.0
pt
558.0
329.0
558.0
329.0
558.0
329.0
pt
569.0
315.0
569.0
315.0
569.0
315.0
pt
582.0
309.0
582.0
309.0
582.0
309.0
pt
602.0
316.0
602.0
316.0
602.0
316.0
pt
636.0
347.0
636.0
347.0
636.0
347.0
pt
607.0
321.0
607.0
321.0
607.0
321.0
pt
592.0
311.0
592.0
311.0
592.0
311.0
pt
574.0
312.0
574.0
312.0
574.0
312.0
pt
564.0
320.0
564.0
320.0
564.0
320.0
pt
556.0
334.0
556.0
334.0
556.0
334.0
pt
553.0
356.0
553.0
356.0
553.0
356.0
pt
559.0
372.0
559.0
372.0
559.0
372.0
pt
564.0
376.0
564.0
376.0
564.0
376.0
pt
572.0
378.0
572.0
378.0
572.0
378.0
pt
583.0
376.0
583.0
376.0
583.0
376.0
pt
568.0
376.0
568.0
376.0
568.0
376.0
pt
555.0
366.0
555.0
366.0
555.0
366.0
pt
553.0
350.0
553.0
350.0
553.0
350.0

running
20.0
4.0
false
pt
556.0
338.0
556.0
338.0
556.0
338.0
pt
558.0
329.0
558.0
329.0
558.0
329.0
pt
569.0
315.0
569.0
315.0
569.0
315.0
pt
582.0
309.0
582.0
309.0
582.0
309.0
pt
602.0
316.0
602.0
316.0
602.0
316.0
pt
636.0
347.0
636.0
347.0
636.0
347.0
pt
607.0
321.0
607.0
321.0
607.0
321.0
pt
592.0
311.0
592.0
311.0
592.0
311.0
pt
574.0
312.0
574.0
312.0
574.0
312.0
pt
564.0
320.0
564.0
320.0
564.0
320.0
pt
556.0
334.0
556.0
334.0
556.0
334.0
pt
553.0
356.0
553.0
356.0
553.0
356.0
pt
559.0
372.0
559.0
372.0
559.0
372.0
pt
564.0
376.0
564.0
376.0
564.0
376.0
pt
572.0
378.0
572.0
378.0
572.0
378.0
pt
583.0
376.0
583.0
376.0
583.0
376.0
pt
568.0
376.0
568.0
376.0
568.0
376.0
pt
555.0
366.0
555.0
366.0
555.0
366.0
pt
553.0
350.0
553.0
350.0
553.0
350.0

