running
10.0
4.0
false
pt
357.9241
374.14417
357.9241
374.14417
357.9241
374.14417
pt
222.75636
272.4981
222.75636
272.4981
222.75636
272.4981
pt
109.21547
424.96722
109.21547
424.96722
109.21547
424.96722
pt
284.3928
562.2975
284.3928
561.21625
284.3928
563.3791
pt
267.09146
729.9056
267.09146
729.9056
267.09146
729.9056
pt
834.79565
684.48914
834.79565
684.48914
834.79565
684.48914
pt
860.7478
535.2643
860.7478
535.2643
860.7478
535.2643
pt
760.1833
521.20667
760.1833
521.20667
760.1833
521.20667
pt
761.2645
503.90512
761.2645
503.90512
761.2645
503.90512
pt
751.53217
492.01038
751.53217
492.01038
751.53217
492.01038
pt
748.2883
475.79025
748.2883
475.79025
748.2883
475.79025
pt
760.1833
463.89548
760.1833
463.89548
760.1833
463.89548
pt
752.6134
449.8381
752.6134
449.8381
752.6134
449.8381
pt
766.6713
445.51273
766.6713
445.51273
766.6713
445.51273
pt
792.6235
428.21127
792.6235
428.21127
792.6235
428.21127
pt
826.1449
419.5606
826.1449
419.5606
826.1449
419.5606
pt
835.87714
401.17767
835.87714
401.17767
835.87714
401.17767
pt
835.87714
364.41205
835.87714
364.41205
835.87714
364.41205
pt
820.73816
336.29718
820.73816
336.29718
820.73816
336.29718
pt
802.35535
323.32108
802.35535
323.32108
802.35535
323.32108
pt
766.6713
338.4599
766.6713
338.4599
766.6713
338.4599
pt
756.9391
325.48376
756.9391
325.48376
756.9391
325.48376
pt
658.53705
350.35474
658.53705
350.35474
658.53705
350.35474
pt
626.09674
315.75183
626.09674
315.75183
626.09674
315.75183
pt
556.8909
282.23013
556.8909
282.23013
556.8909
282.23013
pt
489.84778
283.31152
489.84778
283.31152
489.84778
283.31152
pt
433.61798
306.01965
433.61798
306.01965
433.61798
306.01965
pt
391.44577
349.2732
391.44577
349.2732
391.44577
349.2732
pt
374.14417
374.14417
374.14417
374.14417
374.14417
374.14417
pt
360.08673
375.22543
360.08673
375.22543
360.08673
375.22543

running
13.0
4.0
false
pt
357.9241
374.14417
357.9241
374.14417
357.9241
374.14417
pt
222.75636
272.4981
222.75636
272.4981
222.75636
272.4981
pt
109.21547
424.96722
109.21547
424.96722
109.21547
424.96722
pt
284.3928
562.2975
284.3928
561.21625
284.3928
563.3791
pt
267.09146
729.9056
267.09146
729.9056
267.09146
729.9056
pt
834.79565
684.48914
834.79565
684.48914
834.79565
684.48914
pt
860.7478
535.2643
860.7478
535.2643
860.7478
535.2643
pt
760.1833
521.20667
760.1833
521.20667
760.1833
521.20667
pt
761.2645
503.90512
761.2645
503.90512
761.2645
503.90512
pt
751.53217
492.01038
751.53217
492.01038
751.53217
492.01038
pt
748.2883
475.79025
748.2883
475.79025
748.2883
475.79025
pt
760.1833
463.89548
760.1833
463.89548
760.1833
463.89548
pt
752.6134
449.8381
752.6134
449.8381
752.6134
449.8381
pt
766.6713
445.51273
766.6713
445.51273
766.6713
445.51273
pt
792.6235
428.21127
792.6235
428.21127
792.6235
428.21127
pt
826.1449
419.5606
826.1449
419.5606
826.1449
419.5606
pt
835.87714
401.17767
835.87714
401.17767
835.87714
401.17767
pt
835.87714
364.41205
835.87714
364.41205
835.87714
364.41205
pt
820.73816
336.29718
820.73816
336.29718
820.73816
336.29718
pt
802.35535
323.32108
802.35535
323.32108
802.35535
323.32108
pt
766.6713
338.4599
766.6713
338.4599
766.6713
338.4599
pt
756.9391
325.48376
756.9391
325.48376
756.9391
325.48376
pt
658.53705
350.35474
658.53705
350.35474
658.53705
350.35474
pt
626.09674
315.75183
626.09674
315.75183
626.09674
315.75183
pt
556.8909
282.23013
556.8909
282.23013
556.8909
282.23013
pt
489.84778
283.31152
489.84778
283.31152
489.84778
283.31152
pt
433.61798
306.01965
433.61798
306.01965
433.61798
306.01965
pt
391.44577
349.2732
391.44577
349.2732
391.44577
349.2732
pt
374.14417
374.14417
374.14417
374.14417
374.14417
374.14417
pt
360.08673
375.22543
360.08673
375.22543
360.08673
375.22543

running
16.0
4.0
false
pt
357.9241
374.14417
357.9241
374.14417
357.9241
374.14417
pt
222.75636
272.4981
222.75636
272.4981
222.75636
272.4981
pt
109.21547
424.96722
109.21547
424.96722
109.21547
424.96722
pt
284.3928
562.2975
284.3928
561.21625
284.3928
563.3791
pt
267.09146
729.9056
267.09146
729.9056
267.09146
729.9056
pt
834.79565
684.48914
834.79565
684.48914
834.79565
684.48914
pt
860.7478
535.2643
860.7478
535.2643
860.7478
535.2643
pt
760.1833
521.20667
760.1833
521.20667
760.1833
521.20667
pt
761.2645
503.90512
761.2645
503.90512
761.2645
503.90512
pt
751.53217
492.01038
751.53217
492.01038
751.53217
492.01038
pt
748.2883
475.79025
748.2883
475.79025
748.2883
475.79025
pt
760.1833
463.89548
760.1833
463.89548
760.1833
463.89548
pt
752.6134
449.8381
752.6134
449.8381
752.6134
449.8381
pt
766.6713
445.51273
766.6713
445.51273
766.6713
445.51273
pt
792.6235
428.21127
792.6235
428.21127
792.6235
428.21127
pt
826.1449
419.5606
826.1449
419.5606
826.1449
419.5606
pt
835.87714
401.17767
835.87714
401.17767
835.87714
401.17767
pt
835.87714
364.41205
835.87714
364.41205
835.87714
364.41205
pt
820.73816
336.29718
820.73816
336.29718
820.73816
336.29718
pt
802.35535
323.32108
802.35535
323.32108
802.35535
323.32108
pt
766.6713
338.4599
766.6713
338.4599
766.6713
338.4599
pt
756.9391
325.48376
756.9391
325.48376
756.9391
325.48376
pt
658.53705
350.35474
658.53705
350.35474
658.53705
350.35474
pt
626.09674
315.75183
626.09674
315.75183
626.09674
315.75183
pt
556.8909
282.23013
556.8909
282.23013
556.8909
282.23013
pt
489.84778
283.31152
489.84778
283.31152
489.84778
283.31152
pt
433.61798
306.01965
433.61798
306.01965
433.61798
306.01965
pt
391.44577
349.2732
391.44577
349.2732
391.44577
349.2732
pt
374.14417
374.14417
374.14417
374.14417
374.14417
374.14417
pt
360.08673
375.22543
360.08673
375.22543
360.08673
375.22543

