satin
8.0
3.0
false
pt
395.0
301.0
395.0
301.0
395.0
301.0
pt
415.0
318.0
415.0
318.0
415.0
318.0
pt
345.0
312.0
387.0
320.0
324.16144
308.03076
pt
341.0
336.0
395.0
344.0
302.81625
330.34314
pt
317.0
306.0
317.0
306.0
317.0
306.0
pt
301.0
330.0
311.0
336.0
291.0
324.0
pt
309.0
278.0
309.0
278.0
309.0
278.0
pt
293.0
290.0
309.0
318.0
277.0
262.0
pt
305.0
243.0
302.0
255.0
308.0
231.0
pt
285.0
241.0
283.0
247.0
287.0
235.0
pt
313.0
220.0
304.0
224.0
322.0
216.0
pt
313.0
210.0
313.0
210.0
313.0
210.0

satin
8.0
3.0
false
pt
329.0
184.0
329.0
184.0
329.0
184.0
pt
329.0
195.0
329.0
195.0
329.0
195.0
pt
301.0
208.0
310.0
214.0
292.0
202.0
pt
287.0
222.0
320.0
247.0
254.0
197.0
pt
317.0
182.0
317.0
182.0
317.0
182.0
pt
304.0
172.0
301.0
176.0
307.0
168.0
pt
332.0
143.0
329.0
167.0
335.0
119.0
pt
316.0
141.0
316.0
148.0
316.0
134.0
pt
374.0
114.0
367.0
115.0
381.0
113.0
pt
375.0
97.0
327.0
93.0
423.0
101.0
pt
406.0
152.0
404.0
128.0
408.0
176.0
pt
426.0
150.0
419.0
134.0
433.0
166.0
pt
420.0
187.0
422.0
172.0
418.0
202.0
pt
435.0
193.0
439.47214
175.11145
428.0
221.0
pt
396.0
193.0
398.0
199.0
394.0
187.0
pt
376.0
196.0
389.24387
235.73163
374.0
190.0
pt
395.0
158.0
407.0
171.0
383.0
145.0
pt
381.0
170.0
391.0
179.0
371.0
161.0
pt
347.0
161.0
363.0
142.0
331.0
180.0
pt
360.0
171.0
361.0
167.0
359.0
175.0
pt
341.0
196.0
339.0
192.0
343.0
200.0
pt
357.0
198.0
351.0
186.0
363.0
210.0
pt
350.0
235.0
351.0
227.0
349.0
243.0
pt
367.0
238.0
372.0
217.0
362.0
259.0
pt
342.0
277.0
330.0
261.0
354.0
293.0
pt
359.0
268.0
351.0
262.0
367.0
274.0
pt
378.0
290.0
368.0
293.0
388.0
287.0
pt
373.0
273.0
363.0
278.0
383.0
268.0
pt
400.0
263.0
407.0
279.0
393.0
247.0
pt
380.0
266.0
385.0
275.0
375.0
257.0
pt
399.0
237.0
393.0
239.0
405.0
235.0
pt
396.0
221.0
369.0
222.0
423.0
220.0
pt
423.0
256.0
426.0
240.0
420.0
272.0
pt
443.0
260.0
451.0
232.0
435.0
288.0
pt
397.0
301.0
397.0
301.0
397.0
301.0
pt
414.0
317.0
414.0
317.0
414.0
317.0
pt
398.0
329.0
398.0
329.0
398.0
329.0
pt
408.0
327.0
408.0
327.0
408.0
327.0
pt
395.0
348.0
398.0
342.0
392.0
354.0
pt
412.0
348.0
407.26062
340.89093
416.0
354.0
pt
406.0
384.0
388.0
389.0
424.0
379.0
pt
415.0
381.0
426.0
375.0
404.0
387.0

