satin
8.0
3.0
false
pt
227.0
364.0
216.0
364.0
238.0
364.0
pt
227.0
382.0
196.99995
382.0
244.0
382.0
pt
245.0
338.0
248.0
354.0
242.0
322.0
pt
260.0
336.0
270.1286
376.51437
256.0
320.0
pt
242.0
307.0
237.88904
319.3329
246.0
295.0
pt
258.0
314.0
254.0
324.0
262.0
304.0
pt
267.0
266.0
255.0
293.0
279.0
239.0
pt
281.0
274.0
277.29865
285.10406
291.0
244.0
pt
263.0
218.0
263.0
219.0
263.0
217.0
pt
278.0
213.0
278.0
213.0
278.0
213.0
pt
262.0
189.0
262.0
189.0
262.0
189.0
pt
269.0
194.0
269.0
194.0
269.0
194.0

running
8.0
4.0
false
pt
263.0
191.0
263.0
191.0
263.0
191.0
pt
264.0
170.0
264.0
170.0
264.0
170.0

satin
8.0
4.0
false
pt
261.0
164.0
261.0
164.0
261.0
164.0
pt
266.0
171.0
266.0
171.0
266.0
171.0
pt
267.0
207.0
243.83502
209.89563
291.0
204.0
pt
270.0
191.0
262.0
193.0
278.0
189.0
pt
298.0
172.0
301.0
189.0
295.0
155.0
pt
284.0
173.0
288.0
184.0
280.0
162.0
pt
287.0
144.0
287.0
156.0
287.0
132.0
pt
272.0
143.0
272.0
149.0
272.0
137.0
pt
267.0
106.0
292.0
107.0
242.0
105.0
pt
264.0
125.0
280.0
126.0
248.0
124.0
pt
212.0
147.0
211.0
128.0
213.0
166.0
pt
229.0
148.0
229.0
138.0
229.0
158.0
pt
214.0
207.0
218.0
191.0
211.52661
216.89355
pt
232.0
207.0
234.0
197.0
230.0
217.0
pt
200.0
266.0
195.0
253.0
205.0
279.0
pt
222.0
261.0
215.0
246.0
229.0
276.0
pt
217.0
308.0
217.0
300.0
217.0
316.0
pt
234.0
310.0
234.0
301.0
234.0
319.0
pt
194.0
361.0
185.0
346.0
203.0
376.0
pt
214.0
352.0
204.0
343.0
224.0
361.0
pt
229.0
383.0
223.0
383.0
235.0
383.0
pt
231.0
363.0
222.0
368.0
240.0
358.0

