satin
9.0
3.0
false
pt
40.0
414.0
40.0
414.0
40.0
414.0
pt
49.0
414.0
49.0
414.0
49.0
414.0
pt
39.0
392.0
32.0
404.0
46.0
380.0
pt
68.0
400.0
66.0
411.0
70.0
389.0
pt
58.0
374.0
57.0
379.0
59.0
369.0
pt
69.0
377.0
69.0
378.0
69.0
376.0
pt
69.0
357.0
69.0
357.0
69.0
357.0
pt
70.0
362.0
70.0
362.0
70.0
362.0
pt
75.0
346.0
75.0
346.0
75.0
346.0
pt
78.0
362.0
78.0
362.0
78.0
362.0
pt
97.0
343.0
88.0
350.0
106.0
336.0
pt
105.0
356.0
83.0
367.0
127.0
345.0
pt
129.0
305.0
107.0
315.0
151.0
295.0
pt
134.0
320.0
115.0
326.0
153.0
314.0
pt
186.0
308.0
165.0
317.0
207.0
299.0
pt
190.0
321.0
166.0
331.0
214.0
311.0
pt
202.0
285.0
203.0
291.0
201.0
279.0
pt
215.0
283.0
218.0
295.0
212.0
271.0
pt
176.0
269.0
196.0
266.0
156.0
272.0
pt
173.0
254.0
205.0
246.0
141.0
262.0
pt
116.0
282.0
123.0
291.0
109.0
273.0
pt
129.0
266.0
129.0
266.0
129.0
266.0
pt
117.0
241.0
114.0
253.0
120.0
229.0
pt
135.0
244.0
135.0
244.0
135.0
244.0
pt
130.0
156.0
132.0
171.0
126.80612
132.04588
pt
145.0
154.0
149.0
182.0
141.0
126.0
pt
102.0
137.0
111.0
137.0
93.0
137.0
pt
100.0
118.0
124.0
117.0
76.0
119.0
pt
80.0
153.0
81.0
145.0
79.0
161.0
pt
59.0
153.0
60.0
143.0
58.0
163.0
pt
83.0
209.0
86.0
194.0
80.0
224.0
pt
67.0
205.0
72.0
190.0
62.0
220.0
pt
72.0
245.0
61.0
243.0
83.0
247.0
pt
66.0
261.0
34.624687
250.01865
86.0
268.0
pt
89.0
239.0
89.0
244.0
89.0
234.0
pt
96.0
242.0
96.0
243.0
96.0
241.0

running
9.0
4.0
false
pt
94.0
238.0
94.0
238.0
94.0
238.0
pt
97.0
224.0
97.0
224.0
97.0
224.0
pt
96.0
207.0
96.0
207.0
96.0
207.0

satin
9.0
3.0
false
pt
98.0
200.0
98.0
200.0
98.0
200.0
pt
94.0
211.0
94.0
211.0
94.0
211.0
pt
101.0
227.0
102.0
218.0
100.0
236.0
pt
91.0
229.0
91.0
227.0
91.0
231.0
pt
98.0
263.0
98.0
259.0
98.0
267.0
pt
86.0
269.0
83.0
260.0
89.0
278.0
pt
97.0
302.0
106.0
287.0
88.0
317.0
pt
82.0
294.0
86.0
287.0
78.0
301.0
pt
77.0
345.0
68.0
330.0
86.0
360.0
pt
70.0
362.0
27.0
344.0
113.0
380.0

