running
30.0
4.0
false
pt
38.0
90.0
38.0
90.0
38.0
90.0
pt
39.0
158.0
39.0
158.0
39.0
158.0
pt
34.0
164.0
34.0
164.0
34.0
164.0
pt
21.0
164.0
21.0
164.0
21.0
164.0
pt
7.0
149.0
7.0
149.0
7.0
149.0
pt
7.0
24.0
7.0
24.0
7.0
24.0
pt
23.0
6.0
23.0
6.0
23.0
6.0
pt
33.0
6.0
33.0
6.0
33.0
6.0
pt
39.0
12.0
39.0
12.0
39.0
12.0
pt
38.0
89.0
38.0
89.0
38.0
89.0
pt
29.0
98.0
29.0
98.0
29.0
98.0
pt
18.0
98.0
18.0
98.0
18.0
98.0
pt
9.0
86.0
9.0
86.0
9.0
86.0
pt
18.0
75.0
18.0
75.0
18.0
75.0
pt
30.0
75.0
30.0
75.0
30.0
75.0
pt
37.0
87.0
37.0
87.0
37.0
87.0
pt
29.0
98.0
29.0
98.0
29.0
98.0
pt
24.0
87.0
24.0
87.0
24.0
87.0
pt
30.0
75.0
30.0
75.0
30.0
75.0
pt
18.0
75.0
18.0
75.0
18.0
75.0
pt
24.0
87.0
24.0
87.0
24.0
87.0
pt
19.0
98.0
19.0
98.0
19.0
98.0
pt
12.0
93.0
12.0
93.0
12.0
93.0
pt
11.0
80.0
11.0
80.0
11.0
80.0
pt
24.0
87.0
24.0
87.0
24.0
87.0
pt
36.0
92.0
36.0
92.0
36.0
92.0
pt
36.0
81.0
36.0
81.0
36.0
81.0
pt
24.0
87.0
24.0
87.0
24.0
87.0
pt
11.0
93.0
11.0
93.0
11.0
93.0

