running
20.0
4.0
false
pt
430.0
444.0
430.0
444.0
430.0
444.0
pt
405.0
471.0
405.0
471.0
405.0
471.0
pt
208.0
286.0
208.0
286.0
208.0
286.0
pt
89.0
286.0
89.0
286.0
89.0
286.0
pt
89.0
252.0
89.0
252.0
89.0
252.0
pt
230.0
254.0
230.0
254.0
230.0
254.0
pt
430.0
444.0
430.0
444.0
430.0
444.0

running
20.0
4.0
false
pt
432.0
445.0
432.0
445.0
432.0
445.0
pt
407.0
472.0
407.0
472.0
407.0
472.0
pt
210.0
287.0
210.0
287.0
210.0
287.0
pt
91.0
287.0
91.0
287.0
91.0
287.0
pt
91.0
253.0
91.0
253.0
91.0
253.0
pt
232.0
255.0
232.0
255.0
232.0
255.0
pt
432.0
445.0
432.0
445.0
432.0
445.0

running
20.0
4.0
false
pt
563.3468
505.0
563.3468
505.0
563.3468
505.0
pt
588.3468
532.0
588.3468
532.0
588.3468
532.0
pt
785.3468
347.0
785.3468
347.0
785.3468
347.0
pt
904.3468
347.0
904.3468
347.0
904.3468
347.0
pt
904.3468
313.0
904.3468
313.0
904.3468
313.0
pt
763.3468
315.0
763.3468
315.0
763.3468
315.0
pt
563.3468
505.0
563.3468
505.0
563.3468
505.0

running
20.0
4.0
false
pt
563.3468
505.0
563.3468
505.0
563.3468
505.0
pt
588.3468
532.0
588.3468
532.0
588.3468
532.0
pt
785.3468
347.0
785.3468
347.0
785.3468
347.0
pt
904.3468
347.0
904.3468
347.0
904.3468
347.0
pt
904.3468
313.0
904.3468
313.0
904.3468
313.0
pt
763.3468
315.0
763.3468
315.0
763.3468
315.0
pt
563.3468
505.0
563.3468
505.0
563.3468
505.0

