running
20.0
4.0
false
pt
250.0
449.0
250.0
449.0
250.0
449.0
pt
513.0
449.0
513.0
449.0
513.0
449.0
pt
513.72
410.37418
513.72
410.37418
513.72
410.37418
pt
212.71231
410.37418
212.71231
410.37418
212.71231
410.37418
pt
250.83989
449.50507
250.83989
449.50507
250.83989
449.50507
pt
338.0
449.0
338.0
449.0
338.0
449.0

running
20.0
4.0
false
pt
331.0
441.0
331.0
441.0
331.0
441.0
pt
319.0
439.0
319.0
439.0
319.0
439.0
pt
309.0
445.0
309.0
445.0
309.0
445.0
pt
306.0
455.0
306.0
455.0
306.0
455.0
pt
310.0
464.0
310.0
464.0
310.0
464.0
pt
319.0
469.0
319.0
469.0
319.0
469.0
pt
333.0
466.0
333.0
466.0
333.0
466.0
pt
338.0
456.0
338.0
456.0
338.0
456.0
pt
336.0
446.0
336.0
446.0
336.0
446.0
pt
325.0
439.0
325.0
439.0
325.0
439.0
pt
312.0
441.0
312.0
441.0
312.0
441.0
pt
305.0
450.0
305.0
450.0
305.0
450.0
pt
308.0
460.0
308.0
460.0
308.0
460.0
pt
315.0
468.0
315.0
468.0
315.0
468.0
pt
328.0
469.0
328.0
469.0
328.0
469.0
pt
338.0
461.0
338.0
461.0
338.0
461.0
pt
361.0
425.0
361.0
425.0
361.0
425.0

running
20.0
4.0
true
pt
331.0
440.0
331.0
440.0
331.0
440.0
pt
319.0
438.0
319.0
438.0
319.0
438.0
pt
309.0
444.0
309.0
444.0
309.0
444.0
pt
306.0
454.0
306.0
454.0
306.0
454.0
pt
310.0
463.0
310.0
463.0
310.0
463.0
pt
319.0
468.0
319.0
468.0
319.0
468.0
pt
333.0
465.0
333.0
465.0
333.0
465.0
pt
338.0
455.0
338.0
455.0
338.0
455.0
pt
336.0
445.0
336.0
445.0
336.0
445.0
pt
325.0
438.0
325.0
438.0
325.0
438.0
pt
312.0
440.0
312.0
440.0
312.0
440.0
pt
305.0
449.0
305.0
449.0
305.0
449.0
pt
308.0
459.0
308.0
459.0
308.0
459.0
pt
315.0
467.0
315.0
467.0
315.0
467.0
pt
328.0
468.0
328.0
468.0
328.0
468.0
pt
338.0
460.0
338.0
460.0
338.0
460.0
pt
361.0
424.0
361.0
424.0
361.0
424.0

running
20.0
4.0
false
pt
338.0
449.0
338.0
449.0
338.0
449.0
pt
467.0
449.0
467.0
449.0
467.0
449.0
pt
496.0
596.0
496.0
596.0
496.0
596.0

running
20.0
4.0
false
pt
496.0
604.0
496.0
604.0
496.0
604.0
pt
486.0
615.0
486.0
615.0
486.0
615.0
pt
470.0
614.0
470.0
614.0
470.0
614.0
pt
465.0
598.0
465.0
598.0
465.0
598.0
pt
476.0
586.0
476.0
586.0
476.0
586.0
pt
490.0
588.0
490.0
588.0
490.0
588.0
pt
498.0
595.0
498.0
595.0
498.0
595.0
pt
492.0
611.0
492.0
611.0
492.0
611.0
pt
479.0
616.0
479.0
616.0
479.0
616.0
pt
466.0
606.0
466.0
606.0
466.0
606.0
pt
442.0
571.0
442.0
571.0
442.0
571.0

running
20.0
4.0
true
pt
496.0
604.0
496.0
604.0
496.0
604.0
pt
486.0
615.0
486.0
615.0
486.0
615.0
pt
470.0
614.0
470.0
614.0
470.0
614.0
pt
465.0
598.0
465.0
598.0
465.0
598.0
pt
476.0
586.0
476.0
586.0
476.0
586.0
pt
490.0
588.0
490.0
588.0
490.0
588.0
pt
498.0
595.0
498.0
595.0
498.0
595.0
pt
492.0
611.0
492.0
611.0
492.0
611.0
pt
479.0
616.0
479.0
616.0
479.0
616.0
pt
466.0
606.0
466.0
606.0
466.0
606.0
pt
442.0
571.0
442.0
571.0
442.0
571.0

running
20.0
4.0
true
pt
513.0
449.0
513.0
449.0
513.0
449.0
pt
467.0
449.0
467.0
449.0
467.0
449.0
pt
496.0
596.0
496.0
596.0
496.0
596.0

running
20.0
4.0
false
pt
513.0
450.0
513.0
450.0
513.0
450.0
pt
490.0
462.0
490.0
462.0
490.0
462.0
pt
489.0
501.0
489.0
501.0
489.0
501.0
pt
534.0
501.0
534.0
501.0
534.0
501.0
pt
504.0
642.0
504.0
642.0
504.0
642.0

running
20.0
4.0
false
pt
501.13525
660.0
501.13525
660.0
501.13525
660.0
pt
511.13525
671.0
511.13525
671.0
511.13525
671.0
pt
527.13525
670.0
527.13525
670.0
527.13525
670.0
pt
532.13525
654.0
532.13525
654.0
532.13525
654.0
pt
521.13525
642.0
521.13525
642.0
521.13525
642.0
pt
507.13525
644.0
507.13525
644.0
507.13525
644.0
pt
499.13525
651.0
499.13525
651.0
499.13525
651.0
pt
505.13525
667.0
505.13525
667.0
505.13525
667.0
pt
518.13525
672.0
518.13525
672.0
518.13525
672.0
pt
531.13525
662.0
531.13525
662.0
531.13525
662.0
pt
555.13525
627.0
555.13525
627.0
555.13525
627.0

running
20.0
4.0
true
pt
502.13525
659.0
502.13525
659.0
502.13525
659.0
pt
512.13525
670.0
512.13525
670.0
512.13525
670.0
pt
528.13525
669.0
528.13525
669.0
528.13525
669.0
pt
533.13525
653.0
533.13525
653.0
533.13525
653.0
pt
522.13525
641.0
522.13525
641.0
522.13525
641.0
pt
508.13525
643.0
508.13525
643.0
508.13525
643.0
pt
500.13525
650.0
500.13525
650.0
500.13525
650.0
pt
506.13525
666.0
506.13525
666.0
506.13525
666.0
pt
519.13525
671.0
519.13525
671.0
519.13525
671.0
pt
532.13525
661.0
532.13525
661.0
532.13525
661.0
pt
556.13525
626.0
556.13525
626.0
556.13525
626.0

running
20.0
4.0
false
pt
506.0
635.0
506.0
635.0
506.0
635.0
pt
534.0
501.0
534.0
501.0
534.0
501.0
pt
662.0
501.0
662.0
501.0
662.0
501.0

running
20.0
4.0
false
pt
667.7687
493.0
667.7687
493.0
667.7687
493.0
pt
679.7687
491.0
679.7687
491.0
679.7687
491.0
pt
689.7687
497.0
689.7687
497.0
689.7687
497.0
pt
692.7687
507.0
692.7687
507.0
692.7687
507.0
pt
688.7687
516.0
688.7687
516.0
688.7687
516.0
pt
679.7687
521.0
679.7687
521.0
679.7687
521.0
pt
665.7687
518.0
665.7687
518.0
665.7687
518.0
pt
660.7687
508.0
660.7687
508.0
660.7687
508.0
pt
662.7687
498.0
662.7687
498.0
662.7687
498.0
pt
673.7687
491.0
673.7687
491.0
673.7687
491.0
pt
686.7687
493.0
686.7687
493.0
686.7687
493.0
pt
693.7687
502.0
693.7687
502.0
693.7687
502.0
pt
690.7687
512.0
690.7687
512.0
690.7687
512.0
pt
683.7687
520.0
683.7687
520.0
683.7687
520.0
pt
670.7687
521.0
670.7687
521.0
670.7687
521.0
pt
660.7687
513.0
660.7687
513.0
660.7687
513.0
pt
637.7687
477.0
637.7687
477.0
637.7687
477.0

running
20.0
4.0
true
pt
666.7687
493.0
666.7687
493.0
666.7687
493.0
pt
678.7687
491.0
678.7687
491.0
678.7687
491.0
pt
688.7687
497.0
688.7687
497.0
688.7687
497.0
pt
691.7687
507.0
691.7687
507.0
691.7687
507.0
pt
687.7687
516.0
687.7687
516.0
687.7687
516.0
pt
678.7687
521.0
678.7687
521.0
678.7687
521.0
pt
664.7687
518.0
664.7687
518.0
664.7687
518.0
pt
659.7687
508.0
659.7687
508.0
659.7687
508.0
pt
661.7687
498.0
661.7687
498.0
661.7687
498.0
pt
672.7687
491.0
672.7687
491.0
672.7687
491.0
pt
685.7687
493.0
685.7687
493.0
685.7687
493.0
pt
692.7687
502.0
692.7687
502.0
692.7687
502.0
pt
689.7687
512.0
689.7687
512.0
689.7687
512.0
pt
682.7687
520.0
682.7687
520.0
682.7687
520.0
pt
669.7687
521.0
669.7687
521.0
669.7687
521.0
pt
659.7687
513.0
659.7687
513.0
659.7687
513.0
pt
636.7687
477.0
636.7687
477.0
636.7687
477.0

running
20.0
4.0
false
pt
663.0
501.0
663.0
501.0
663.0
501.0
pt
751.0
501.0
751.0
501.0
751.0
501.0
pt
789.0
462.0
789.0
462.0
789.0
462.0

running
20.0
5.0
true
pt
788.64105
462.54868
788.64105
462.54868
788.64105
462.54868
pt
489.63947
462.54868
489.63947
462.54868
489.63947
462.54868
pt
489.63947
501.67978
489.63947
501.67978
489.63947
501.67978
pt
751.51636
501.67978
751.51636
501.67978
751.51636
501.67978
pt
788.64105
462.54868
788.64105
462.54868
788.64105
462.54868

