running
20.0
4.0
false
pt
200.0
568.0
200.0
568.0
200.0
568.0
pt
284.0
568.0
284.0
568.0
284.0
568.0
pt
47.0
568.0
47.0
568.0
47.0
568.0
pt
47.0
576.0
47.0
576.0
47.0
576.0
pt
284.0
577.0
284.0
577.0
284.0
577.0
pt
284.0
565.0
284.0
565.0
284.0
565.0
pt
46.0
564.0
46.0
564.0
46.0
564.0

running
20.0
4.0
true
pt
47.0
564.0
47.0
564.0
47.0
564.0
pt
-3.0
622.0
-3.0
622.0
-3.0
622.0
pt
-4.0
637.0
-4.0
637.0
-4.0
637.0
pt
47.0
576.0
47.0
576.0
47.0
576.0

running
31.0
30.0
false
pt
49.0
570.0
49.0
570.0
49.0
570.0
pt
58.0
577.0
58.0
577.0
58.0
577.0
pt
67.0
601.0
67.0
601.0
67.0
601.0
pt
76.0
578.0
76.0
578.0
76.0
578.0
pt
88.0
570.0
88.0
570.0
88.0
570.0

running
31.0
30.0
false
pt
95.0
570.0
95.0
570.0
95.0
570.0
pt
104.0
577.0
104.0
577.0
104.0
577.0
pt
113.0
601.0
113.0
601.0
113.0
601.0
pt
122.0
578.0
122.0
578.0
122.0
578.0
pt
134.0
570.0
134.0
570.0
134.0
570.0

running
31.0
30.0
false
pt
148.0
571.0
148.0
571.0
148.0
571.0
pt
157.0
578.0
157.0
578.0
157.0
578.0
pt
166.0
602.0
166.0
602.0
166.0
602.0
pt
175.0
579.0
175.0
579.0
175.0
579.0
pt
187.0
571.0
187.0
571.0
187.0
571.0

running
31.0
30.0
false
pt
195.0
570.0
195.0
570.0
195.0
570.0
pt
204.0
577.0
204.0
577.0
204.0
577.0
pt
213.0
601.0
213.0
601.0
213.0
601.0
pt
222.0
578.0
222.0
578.0
222.0
578.0
pt
234.0
570.0
234.0
570.0
234.0
570.0

running
31.0
30.0
false
pt
245.0
570.0
245.0
570.0
245.0
570.0
pt
254.0
577.0
254.0
577.0
254.0
577.0
pt
263.0
601.0
263.0
601.0
263.0
601.0
pt
272.0
578.0
272.0
578.0
272.0
578.0
pt
284.0
570.0
284.0
570.0
284.0
570.0

running
20.0
4.0
true
pt
284.0
565.0
284.0
565.0
284.0
565.0
pt
335.0
614.0
335.0
614.0
335.0
614.0
pt
336.0
987.0
336.0
987.0
336.0
987.0
pt
325.0
987.0
325.0
987.0
325.0
987.0
pt
326.0
617.0
326.0
617.0
326.0
617.0
pt
284.0
577.0
284.0
577.0
284.0
577.0

running
31.0
30.0
false
pt
285.0
577.0
285.0
577.0
285.0
577.0
pt
326.0
617.0
326.0
617.0
326.0
617.0
pt
325.0
1033.0
325.0
1033.0
325.0
1033.0

running
31.0
30.0
true
pt
713.048
621.0
713.048
621.0
713.048
621.0
pt
672.048
661.0
672.048
661.0
672.048
661.0
pt
673.048
1077.0
673.048
1077.0
673.048
1077.0

running
20.0
4.0
true
pt
714.13464
609.0
714.13464
609.0
714.13464
609.0
pt
663.13464
658.0
663.13464
658.0
663.13464
658.0
pt
662.13464
1031.0
662.13464
1031.0
662.13464
1031.0
pt
673.13464
1031.0
673.13464
1031.0
673.13464
1031.0
pt
672.13464
661.0
672.13464
661.0
672.13464
661.0
pt
714.13464
621.0
714.13464
621.0
714.13464
621.0

running
31.0
30.0
false
pt
714.0
613.0
714.0
613.0
714.0
613.0
pt
723.0
620.0
723.0
620.0
723.0
620.0
pt
732.0
644.0
732.0
644.0
732.0
644.0
pt
741.0
621.0
741.0
621.0
741.0
621.0
pt
753.0
613.0
753.0
613.0
753.0
613.0

running
31.0
30.0
false
pt
763.0
614.0
763.0
614.0
763.0
614.0
pt
772.0
621.0
772.0
621.0
772.0
621.0
pt
781.0
645.0
781.0
645.0
781.0
645.0
pt
790.0
622.0
790.0
622.0
790.0
622.0
pt
802.0
614.0
802.0
614.0
802.0
614.0

running
31.0
30.0
false
pt
814.0
614.0
814.0
614.0
814.0
614.0
pt
823.0
621.0
823.0
621.0
823.0
621.0
pt
832.0
645.0
832.0
645.0
832.0
645.0
pt
841.0
622.0
841.0
622.0
841.0
622.0
pt
853.0
614.0
853.0
614.0
853.0
614.0

running
31.0
30.0
false
pt
861.0
614.0
861.0
614.0
861.0
614.0
pt
870.0
621.0
870.0
621.0
870.0
621.0
pt
879.0
645.0
879.0
645.0
879.0
645.0
pt
888.0
622.0
888.0
622.0
888.0
622.0
pt
900.0
614.0
900.0
614.0
900.0
614.0

running
31.0
30.0
false
pt
911.0
614.0
911.0
614.0
911.0
614.0
pt
920.0
621.0
920.0
621.0
920.0
621.0
pt
929.0
645.0
929.0
645.0
929.0
645.0
pt
938.0
622.0
938.0
622.0
938.0
622.0
pt
950.0
614.0
950.0
614.0
950.0
614.0

running
20.0
4.0
true
pt
950.9236
608.0
950.9236
608.0
950.9236
608.0
pt
1000.9236
666.0
1000.9236
666.0
1000.9236
666.0
pt
1001.9236
681.0
1001.9236
681.0
1001.9236
681.0
pt
950.9236
620.0
950.9236
620.0
950.9236
620.0

running
20.0
4.0
false
pt
950.0
612.0
950.0
612.0
950.0
612.0
pt
713.13635
612.0
713.13635
612.0
713.13635
612.0
pt
950.13635
612.0
950.13635
612.0
950.13635
612.0
pt
950.13635
620.0
950.13635
620.0
950.13635
620.0
pt
713.13635
621.0
713.13635
621.0
713.13635
621.0
pt
713.13635
609.0
713.13635
609.0
713.13635
609.0
pt
951.13635
608.0
951.13635
608.0
951.13635
608.0
pt
951.0
608.0
951.0
608.0
951.0
608.0
pt
1000.0
665.0
1000.0
665.0
1000.0
665.0

