running
18.0
4.0
false
pt
505.0
448.0
505.0
448.0
505.0
448.0
pt
437.0
448.0
437.0
448.0
437.0
448.0
pt
415.0
427.0
415.0
427.0
415.0
427.0
pt
430.0
410.0
430.0
410.0
430.0
410.0
pt
504.0
410.0
504.0
410.0
504.0
410.0
pt
513.0
419.0
513.0
419.0
513.0
419.0
pt
513.0
440.0
513.0
440.0
513.0
440.0
pt
505.0
448.0
505.0
448.0
505.0
448.0
pt
548.0
448.0
548.0
448.0
548.0
448.0
pt
505.0
448.0
505.0
448.0
505.0
448.0
pt
513.0
440.0
513.0
440.0
513.0
440.0
pt
548.0
440.0
548.0
440.0
548.0
440.0
pt
513.0
440.0
513.0
440.0
513.0
440.0
pt
513.0
429.0
513.0
429.0
513.0
429.0
pt
548.0
429.0
548.0
429.0
548.0
429.0
pt
513.0
429.0
513.0
429.0
513.0
429.0
pt
513.0
420.0
513.0
420.0
513.0
420.0
pt
548.0
419.0
548.0
419.0
548.0
419.0
pt
513.0
419.0
513.0
419.0
513.0
419.0
pt
504.0
410.0
504.0
410.0
504.0
410.0
pt
548.0
410.0
548.0
410.0
548.0
410.0
pt
430.0
410.0
430.0
410.0
430.0
410.0
pt
416.0
427.0
416.0
427.0
416.0
427.0
pt
437.0
448.0
437.0
448.0
437.0
448.0
pt
504.0
447.0
504.0
447.0
504.0
447.0

