running
18.0
4.0
false
pt
496.38464
500.0
496.38464
500.0
496.38464
500.0
pt
564.38464
500.0
564.38464
500.0
564.38464
500.0
pt
586.38464
479.0
586.38464
479.0
586.38464
479.0
pt
571.38464
462.0
571.38464
462.0
571.38464
462.0
pt
497.38464
462.0
497.38464
462.0
497.38464
462.0
pt
488.38464
471.0
488.38464
471.0
488.38464
471.0
pt
488.38464
492.0
488.38464
492.0
488.38464
492.0
pt
496.38464
500.0
496.38464
500.0
496.38464
500.0
pt
453.38464
500.0
453.38464
500.0
453.38464
500.0
pt
496.38464
500.0
496.38464
500.0
496.38464
500.0
pt
488.38464
492.0
488.38464
492.0
488.38464
492.0
pt
453.38464
492.0
453.38464
492.0
453.38464
492.0
pt
488.38464
492.0
488.38464
492.0
488.38464
492.0
pt
488.38464
481.0
488.38464
481.0
488.38464
481.0
pt
453.38464
481.0
453.38464
481.0
453.38464
481.0
pt
488.38464
481.0
488.38464
481.0
488.38464
481.0
pt
488.38464
472.0
488.38464
472.0
488.38464
472.0
pt
453.38464
471.0
453.38464
471.0
453.38464
471.0
pt
488.38464
471.0
488.38464
471.0
488.38464
471.0
pt
497.38464
462.0
497.38464
462.0
497.38464
462.0
pt
453.38464
462.0
453.38464
462.0
453.38464
462.0
pt
571.38464
462.0
571.38464
462.0
571.38464
462.0
pt
585.38464
479.0
585.38464
479.0
585.38464
479.0
pt
564.38464
500.0
564.38464
500.0
564.38464
500.0
pt
497.38464
499.0
497.38464
499.0
497.38464
499.0

