running
20.0
4.0
false
pt
873.0
0.0
873.0
0.0
873.0
0.0
pt
873.0
995.0
873.0
995.0
873.0
995.0

running
20.0
4.0
true
pt
116.0
1.0
116.0
1.0
116.0
1.0
pt
116.0
996.0
116.0
996.0
116.0
996.0

running
20.0
4.0
true
pt
-1.0
1.0
-1.0
1.0
-1.0
1.0
pt
81.0
2.0
81.0
2.0
81.0
2.0

running
20.0
4.0
false
pt
1.0
444.0
1.0
444.0
1.0
444.0
pt
38.0
411.0
38.0
411.0
38.0
411.0
pt
76.0
411.0
76.0
411.0
76.0
411.0
pt
89.0
428.0
89.0
428.0
89.0
428.0
pt
89.0
459.0
89.0
459.0
89.0
459.0
pt
208.0
459.0
208.0
459.0
208.0
459.0
pt
220.0
470.0
220.0
470.0
220.0
470.0
pt
88.0
470.0
88.0
470.0
88.0
470.0
pt
0.0
569.0
0.0
569.0
0.0
569.0

running
20.0
4.0
true
pt
1.0
444.0
1.0
444.0
1.0
444.0
pt
38.0
411.0
38.0
411.0
38.0
411.0
pt
76.0
411.0
76.0
411.0
76.0
411.0
pt
89.0
428.0
89.0
428.0
89.0
428.0
pt
89.0
459.0
89.0
459.0
89.0
459.0
pt
208.0
459.0
208.0
459.0
208.0
459.0
pt
220.0
470.0
220.0
470.0
220.0
470.0
pt
88.0
470.0
88.0
470.0
88.0
470.0
pt
0.0
569.0
0.0
569.0
0.0
569.0

running
20.0
4.0
false
pt
0.0
170.0
0.0
170.0
0.0
170.0
pt
301.0
170.0
301.0
170.0
301.0
170.0
pt
301.0
133.0
301.0
133.0
301.0
133.0
pt
0.0
133.0
0.0
133.0
0.0
133.0

running
20.0
4.0
false
pt
2.0
1.0
2.0
1.0
2.0
1.0
pt
201.0
1.0
201.0
1.0
201.0
1.0

running
20.0
4.0
true
pt
999.0
0.0
999.0
0.0
999.0
0.0
pt
874.0
0.0
874.0
0.0
874.0
0.0

running
20.0
4.0
false
pt
998.0
178.0
998.0
178.0
998.0
178.0
pt
696.0
177.0
696.0
177.0
696.0
177.0
pt
696.0
214.0
696.0
214.0
696.0
214.0
pt
997.0
214.0
997.0
214.0
997.0
214.0

running
20.0
4.0
false
pt
998.0
178.0
998.0
178.0
998.0
178.0
pt
696.0
177.0
696.0
177.0
696.0
177.0
pt
696.0
214.0
696.0
214.0
696.0
214.0
pt
997.0
214.0
997.0
214.0
997.0
214.0

running
20.0
4.0
true
pt
1006.0
522.0
1006.0
522.0
1006.0
522.0
pt
954.57385
472.0
954.57385
472.0
954.57385
472.0
pt
916.57385
472.0
916.57385
472.0
916.57385
472.0
pt
903.57385
489.0
903.57385
489.0
903.57385
489.0
pt
903.57385
520.0
903.57385
520.0
903.57385
520.0
pt
784.57385
520.0
784.57385
520.0
784.57385
520.0
pt
772.57385
531.0
772.57385
531.0
772.57385
531.0
pt
904.57385
531.0
904.57385
531.0
904.57385
531.0
pt
1001.0
635.0
1001.0
635.0
1001.0
635.0

running
20.0
4.0
true
pt
1006.0
522.0
1006.0
522.0
1006.0
522.0
pt
954.57385
472.0
954.57385
472.0
954.57385
472.0
pt
916.57385
472.0
916.57385
472.0
916.57385
472.0
pt
903.57385
489.0
903.57385
489.0
903.57385
489.0
pt
903.57385
520.0
903.57385
520.0
903.57385
520.0
pt
784.57385
520.0
784.57385
520.0
784.57385
520.0
pt
772.57385
531.0
772.57385
531.0
772.57385
531.0
pt
904.57385
531.0
904.57385
531.0
904.57385
531.0
pt
1001.0
635.0
1001.0
635.0
1001.0
635.0

