452.59018
600.32446
457.15985
625.82947
453.28467
626.4621
472.73456
654.60754
454.7116
668.2462
443.0399
684.1057
437.27866
692.6824
439.57108
697.81055
438.01828
696.9741
453.87784
703.331
444.87933
704.664
450.68457
705.6902
450.55795
719.314
457.14127
734.48145
453.6449
741.05853
449.15155
741.1687
434.00076
751.47186
433.68613
767.0417
432.2265
767.0417
432.2265
767.0417
431.2806
751.47186
431.2806
751.47186
447.74353
741.1687
447.74353
741.1687
450.80322
741.05853
450.80322
741.05853
450.7593
734.48145
450.7593
734.48145
442.85846
719.314
442.85846
719.314
445.31537
705.6902
445.31537
705.6902
443.0237
704.664
443.0237
704.664
450.10052
703.331
450.10052
703.331
435.95007
696.9741
450.46817
680.6351
450.46817
680.6351
450.46817
680.6351
438.93408
696.9741
435.95007
696.9741
434.08286
697.81055
434.48245
682.94653
444.6306
666.0106
444.6306
666.0106
461.79523
676.27594
461.79523
676.27594
461.79523
676.27594
444.6306
666.0106
444.6306
666.0106
434.48245
682.94653
434.48245
682.94653
433.0838
697.81055
434.08286
697.81055
423.85635
692.6824
423.85635
692.6824
429.62323
684.1057
436.5095
684.1057
429.62323
684.1057
441.6977
668.2462
448.69455
668.2462
441.6977
668.2462
456.9046
654.60754
456.9046
654.60754
459.41684
639.20557
490.2987
658.7423
488.8135
663.36847
486.27722
667.9512
483.61932
672.48145
480.22745
676.76825
476.7403
680.89105
468.04922
682.32916
460.8399
682.039
455.61136
681.4869
451.33655
681.6034
447.77066
683.0789
445.14767
686.2709
443.16803
690.6185
441.17563
695.29944
439.0217
700.0026
439.8225
704.8535
441.50427
709.2991
443.8045
713.43726
442.10333
713.43726
442.10333
713.43726
438.92914
709.2991
438.92914
709.2991
436.10394
704.8535
436.10394
704.8535
434.24466
700.0026
434.24466
700.0026
435.54517
695.29944
435.54517
695.29944
436.84805
690.6185
436.84805
690.6185
439.116
686.2709
439.116
686.2709
443.56995
683.0789
443.56995
683.0789
449.7445
681.6034
449.7445
681.6034
456.0905
681.4869
456.0905
681.4869
461.85065
682.039
461.85065
682.039
466.5569
682.32916
466.5569
682.32916
468.95502
680.89105
468.95502
680.89105
467.61307
676.76825
467.61307
676.76825
469.51202
672.48145
469.51202
672.48145
470.7852
667.9512
470.7852
667.9512
472.23758
663.36847
472.23758
663.36847
473.59372
658.7423
473.59372
658.7423
468.85464
642.5112
498.074
676.89465
498.68338
696.88214
500.7434
716.712
502.82364
736.5488
507.53967
755.80316
479.0869
751.1094
468.3712
733.7424
462.4487
737.72174
459.4552
730.53503
460.51926
733.8272
463.01068
735.2289
453.91916
730.1359
453.6339
728.56757
453.93216
729.55
452.30383
724.09955
469.62927
732.7333
487.314
736.9948
504.6509
747.28766
492.92935
755.4964
491.86783
755.4964
491.86783
755.4964
503.08347
747.28766
503.08347
747.28766
485.902
736.9948
485.902
736.9948
467.80463
732.7333
467.80463
732.7333
453.4167
724.09955
453.4167
724.09955
455.95224
729.55
455.95224
729.55
454.45395
728.56757
454.45395
728.56757
460.45187
730.1359
460.45187
730.1359
463.76172
735.2289
463.76172
735.2289
453.79788
733.8272
453.79788
733.8272
461.89996
730.53503
461.89996
730.53503
466.22876
737.72174
466.22876
737.72174
472.82776
733.7424
472.82776
733.7424
487.50223
751.1094
487.50223
751.1094
501.9928
755.80316
501.9928
755.80316
487.001
736.5488
487.001
736.5488
483.7434
716.712
483.7434
716.712
480.67078
696.88214
480.67078
696.88214
479.417
676.89465
479.417
676.89465
481.59814
636.3791
525.6274
667.5385
536.5221
684.4327
540.93634
689.3349
546.7895
693.8959
534.0474
694.1036
516.63275
696.0
492.0
696.0
473.1375
688.1297
456.62595
676.2817
446.00708
665.95715
439.96036
662.2252
456.5099
676.63257
448.9314
691.2229
447.78662
691.2229
447.78662
691.2229
453.28198
676.63257
453.28198
676.63257
439.2763
662.2252
439.2763
662.2252
449.87112
665.95715
449.87112
665.95715
461.77698
676.2817
461.77698
676.2817
477.87296
688.1297
477.87296
688.1297
494.25247
696.0
494.25247
696.0
516.0
696.0
516.0
696.0
533.1788
694.1036
533.88184
694.1036
533.1788
694.1036
542.06036
693.8959
542.06036
693.8959
531.511
689.3349
531.511
689.3349
524.3462
684.4327
524.3462
684.4327
510.66736
667.5385
510.66736
667.5385
491.59814
636.3791
495.323
637.81177
513.65125
619.4961
512.07965
594.9325
490.4776
570.3741
482.4751
559.50055
472.83167
549.1185
463.36877
538.8307
454.2103
528.42267
445.62518
517.672
438.257
506.2282
434.2625
493.53052
437.58636
481.02805
446.48062
471.58334
458.34683
466.02332
471.31256
463.602
484.5204
463.15543
497.7127
463.57324
510.8755
463.99615
524.0264
463.62833
536.88416
460.62253
525.48413
450.9599
524.2884
427.661
525.48413
450.9599
502.18524
452.15567
525.48413
450.9599
526.6799
474.2588
525.48413
450.9599
548.783
449.76413
525.48413
450.9599
524.2884
427.661
525.48413
450.9599
525.48413
450.9599
534.9214
461.11636
521.8658
461.38666
508.3834
461.20374
494.70935
460.41434
480.8858
459.76828
466.82526
460.12497
452.60324
462.6773
438.9291
468.85303
427.72247
479.9235
422.23904
495.55267
425.35062
512.54
439.43765
508.64246
429.1223
494.64468
424.05057
483.43753
415.75922
472.31592
408.7088
460.65704
403.10562
448.3774
399.1877
435.59708
397.07053
422.4883
396.75116
409.24338
398.1372
396.07187
401.0839
383.148
405.44012
370.6082
411.07434
358.56375
417.87714
347.1131
425.73492
336.33307
434.45868
326.21164
443.58698
316.4074
451.19254
305.25256
444.38873
292.66077
449.37125
305.57535
440.98923
315.49292
431.17114
324.87454
421.56302
334.85815
412.7331
345.67987
404.91925
357.33383
398.26318
369.74246
392.89426
382.81793
388.9642
396.46603
398.25388
398.78708
387.13962
384.4704
374.41608
377.59323
363.54303
369.22327
352.53674
360.90375
341.17264
353.0036
349.9369
363.85684
359.73083
373.73047
369.3717
383.63156
388.9642
396.46603
388.9642
396.46603
386.6506
410.5661
386.13205
424.94617
387.53592
439.3705
390.8852
453.58496
396.04947
467.32162
409.301
461.7819
395.4559
450.5748
386.44876
441.3668
375.53122
432.8544
364.21225
424.75607
352.62375
417.02176
340.81766
409.62048
328.83163
402.52002
316.69025
395.69727
304.4068
389.14175
291.9936
382.84323
279.4849
376.74973
267.0159
370.61572
255.11203
363.56375
265.6908
372.51718
277.6611
379.70352
289.54868
386.771
301.28122
394.00842
312.84232
401.47562
324.22507
409.18414
335.41428
417.1415
346.3795
425.3648
357.07788
433.8801
363.9027
424.51407
353.5174
416.12582
340.25348
410.14355
326.65076
405.74826
312.8538
402.45663
299.28644
398.92603
286.63348
393.5443
297.6299
402.08856
310.82162
407.40308
323.84338
412.27356
336.13742
418.01236
357.07788
433.8801
357.07788
433.8801
367.4598
442.71683
377.40512
451.93103
396.04947
467.32162
396.04947
467.32162
402.72714
480.3444
410.59277
492.5938
425.35062
512.54
425.35062
512.54
432.52655
526.5096
440.60458
538.6979
449.03848
550.1631
457.60822
561.27466
472.5069
548.7118
459.646
539.6403
449.42416
530.8315
439.62787
521.46375
429.85522
511.91757
420.28223
502.13974
411.09918
492.01184
402.7086
481.28244
396.87048
469.171
399.11655
456.2133
409.2767
447.687
422.53564
445.32712
436.02655
446.28125
449.31073
448.74084
462.44724
451.66296
475.55444
454.3993
488.76233
456.17566
485.93106
447.36786
471.72733
443.34763
458.87204
419.99048
471.72733
443.34763
448.37018
456.2029
471.72733
443.34763
484.5826
466.70477
471.72733
443.34763
495.08447
430.49234
471.72733
443.34763
458.87204
419.99048
471.72733
443.34763
471.72733
443.34763
484.7228
448.11337
485.97574
456.23947
473.8715
452.33487
460.48227
449.42322
447.01
446.41428
433.3002
443.92578
419.12656
442.99893
418.89658
450.65567
415.49133
432.02365
404.0746
423.34338
390.7077
417.39777
376.94092
413.04935
362.85742
410.25766
348.61325
408.92328
334.3478
408.89902
320.1631
410.041
306.13245
412.23776
292.3114
415.3953
278.72684
419.36728
265.27982
423.65756
251.33136
423.9536
236.04897
406.65973
251.33136
423.9536
234.03748
439.23602
251.33136
423.9536
266.61377
441.2475
251.33136
423.9536
268.62524
408.6712
251.33136
423.9536
236.04897
406.65973
251.33136
423.9536
251.33136
423.9536
265.04425
425.96143
278.88284
422.75098
292.3678
419.89987
305.90286
417.87216
319.48407
416.78802
333.04913
416.72098
346.50305
417.75836
359.71432
420.0107
372.5208
423.57812
375.1181
412.28412
361.33517
409.9548
348.13007
406.91696
334.29556
405.136
320.22617
404.92728
306.17645
406.06183
292.10577
407.54913
280.58563
395.55124
292.10577
407.54913
280.10788
419.06927
292.10577
407.54913
303.62592
419.54703
292.10577
407.54913
304.10367
396.029
292.10577
407.54913
280.58563
395.55124
292.10577
407.54913
292.10577
407.54913
305.8772
409.6165
319.7737
410.24057
333.21735
412.1828
346.19653
415.63834
372.5208
423.57812
372.5208
423.57812
384.76074
428.49738
396.33347
434.69904
419.12656
442.99893
419.12656
442.99893
404.5964
445.60214
392.04865
455.46545
387.71878
471.7507
393.3068
487.594
401.66174
500.07248
410.49478
511.2766
419.62637
521.9862
428.931
532.4186
440.00717
521.8341
434.32425
510.84827
422.06332
501.5964
413.14975
491.2952
404.76666
480.57498
397.147
469.34378
390.71738
457.4643
386.1324
444.85278
384.33908
431.6608
386.41736
418.60626
392.873
407.11176
402.90527
398.5094
415.00345
393.06488
428.0065
390.25827
441.3025
389.46466
454.60757
390.19675
467.81744
391.93527
481.0114
390.0362
475.81622
376.8608
487.7473
353.0183
475.81622
376.8608
451.97372
364.92972
475.81622
376.8608
463.88513
400.7033
475.81622
376.8608
499.65872
388.7919
475.81622
376.8608
487.7473
353.0183
475.81622
376.8608
475.81622
376.8608
479.1942
390.03687
466.22488
390.18265
452.9396
388.04318
439.00644
386.99567
424.9188
387.5899
425.3624
393.31787
421.01355
376.703
412.70715
365.96442
406.30008
354.1665
400.8373
341.81366
395.66336
329.22958
384.98328
319.6503
392.72852
331.22342
395.96173
343.98807
399.93054
357.32254
405.0535
370.49173
424.9188
387.5899
424.9188
387.5899
410.9295
390.36676
397.57693
396.06662
386.00317
405.42734
377.94086
418.38647
374.61005
433.44934
375.65482
448.70554
379.8051
463.12387
391.61957
459.20377
382.52716
445.64105
377.21448
434.22842
369.05487
422.98895
361.45413
411.5131
354.60123
399.66525
348.5358
387.44293
343.2738
374.88
338.8294
362.0205
335.21393
348.91342
332.3943
335.6161
330.19757
322.19476
328.16324
308.7201
325.04346
295.37396
315.28268
285.05316
317.7096
261.33347
315.28268
285.05316
291.563
282.62625
315.28268
285.05316
312.85577
308.77286
315.28268
285.05316
339.00238
287.48007
315.28268
285.05316
317.7096
261.33347
315.28268
285.05316
315.28268
285.05316
323.14282
296.46286
324.97665
309.63843
325.9423
323.29584
327.10925
337.097
328.934
350.92847
331.59677
364.69446
335.13547
378.3093
339.54147
391.70663
344.802
404.8303
350.89618
417.62573
357.75934
430.04532
369.15112
423.14304
355.22736
414.09827
346.14853
404.7927
335.62283
395.94055
324.67554
387.4416
313.49194
379.21463
302.40344
370.90356
293.03653
361.08932
295.5469
343.5516
293.03653
361.08932
275.4988
358.57895
293.03653
361.08932
290.52615
378.62704
293.03653
361.08932
310.57425
363.5997
293.03653
361.08932
295.5469
343.5516
293.03653
361.08932
293.03653
361.08932
300.0042
373.1262
310.2666
382.946
320.3798
392.41983
330.16034
402.08362
339.4958
412.07434
357.75934
430.04532
357.75934
430.04532
365.1139
442.08722
379.8051
463.12387
379.8051
463.12387
385.90503
476.51373
393.19254
489.02393
401.20694
500.86536
409.73593
512.2139
428.931
532.4186
428.931
532.4186
438.29855
542.6926
457.60822
561.27466
457.60822
561.27466
466.16125
572.21826
467.92032
581.0675
452.59018
600.32446
