525.48413
450.9599
524.2619
452.68436
527.46924
452.30078
521.8386
455.6982
529.6888
453.48822
519.4161
458.7111
531.67505
454.82983
516.99365
461.72382
533.8554
455.77286
514.5713
464.73648
535.84314
457.11536
514.1456
467.66653
534.1738
462.3516
517.0123
470.4772
531.62506
466.95865
519.73566
472.66754
528.8436
471.20697
522.53094
474.7852
525.6799
475.09872
524.7268
476.46423
525.48413
450.9599
523.7011
449.36728
523.7251
453.0208
520.6214
446.2611
522.1087
455.36465
517.54266
443.15588
520.3487
457.42676
514.4641
440.0508
519.012
459.75763
511.38556
436.94577
517.2508
461.8213
508.14645
436.0954
511.57758
459.28033
504.62354
438.96057
506.7231
455.83093
501.81604
441.74335
502.3014
452.16544
499.08112
444.6162
498.32898
448.1156
496.91522
446.87106
525.48413
450.9599
527.0625
449.54944
523.8457
449.20746
530.1014
447.14853
521.9442
447.55246
533.13934
444.7484
520.3049
445.79904
536.1772
442.34842
518.38696
444.3914
539.21497
439.94846
516.74634
442.6368
540.285
437.18314
519.54565
437.89792
538.11426
433.79892
523.0629
433.9697
535.94495
431.0523
526.72723
430.44366
533.68915
428.3606
530.68506
427.35114
531.92053
426.23096
525.48413
450.9599
526.36206
452.198
526.86456
449.93356
527.8281
454.55643
528.1968
448.7119
529.29376
456.91412
529.57806
447.685
530.7593
459.2717
530.73535
446.43176
532.2248
461.6292
532.1175
445.40405
534.10895
462.61417
535.2687
447.7799
536.6949
461.33987
537.7845
450.60208
538.8264
460.0153
540.0019
453.49667
540.9258
458.62463
541.8868
456.5655
542.58545
457.5359
471.72733
443.34763
471.76285
445.45248
474.08286
443.72708
471.62354
449.30103
476.5823
443.9016
471.48425
453.1488
478.93866
444.2812
471.34497
456.99646
481.29993
444.27393
471.20572
460.8441
483.65732
444.6536
472.4238
463.44507
484.61255
449.47952
475.8969
464.12424
484.8506
454.26038
478.9722
464.50705
484.90033
458.97812
482.09528
464.8937
484.56952
463.6727
484.5837
465.26837
471.72733
443.34763
469.4287
443.61252
471.56525
445.965
465.20398
443.87347
471.64273
448.7178
460.98004
444.13437
471.48062
451.33612
456.75626
444.39523
471.74216
453.91824
452.5325
444.65613
471.58002
456.5377
449.8182
446.26788
466.4037
458.1009
449.44827
450.13995
461.19965
458.87473
449.35983
453.545
456.0444
459.43582
449.2723
457.00278
450.87363
459.57812
449.12973
459.76505
471.72733
443.34763
471.28455
441.29645
469.35062
443.43326
470.67465
437.5065
466.8729
443.74716
470.06488
433.71725
464.49536
443.83286
469.45514
429.92813
462.188
444.29773
468.84537
426.13904
459.80942
444.3835
467.15015
423.83203
457.93985
439.85007
463.6226
423.84128
456.78024
435.22165
460.54144
424.0632
455.817
430.61847
457.41287
424.2906
455.23032
425.9641
454.9071
424.4067
471.72733
443.34763
474.32944
442.51273
471.3139
440.27817
479.16388
441.24
470.59177
437.1068
483.99738
439.9675
470.17816
434.03625
488.83075
438.69507
469.28204
431.10492
493.66406
437.42264
468.8682
428.03302
496.43835
434.93195
474.50595
425.03305
495.9775
430.36118
480.3571
422.9412
495.29782
426.39606
486.2006
421.107
494.60498
422.37012
492.15826
419.75436
494.13565
419.13727
471.72733
443.34763
472.0043
443.98782
472.49673
443.16605
472.4482
445.18414
473.28433
442.9035
472.892
446.38025
474.05402
442.72186
473.3358
447.5763
474.7763
442.4211
473.77954
448.77234
475.54633
442.23938
474.48145
449.41498
476.449
443.59668
475.63104
449.1839
477.12634
445.03085
476.62134
448.91235
477.738
446.4695
477.62677
448.63596
478.2302
447.9492
478.43628
448.4361
475.81622
376.8608
473.82303
378.28543
477.00888
379.36832
470.04376
380.69458
478.49295
381.87833
466.2652
383.1032
479.68607
384.3867
462.48676
385.51178
481.25302
386.64423
458.70834
387.92035
482.4467
389.15366
457.02112
390.80573
478.45407
393.25717
458.66495
394.582
474.03085
396.64377
460.32993
397.7813
469.54367
399.8083
462.0228
401.029
464.82727
402.5929
463.30786
403.66068
475.81622
376.8608
474.26752
375.0894
473.53146
378.23605
471.6102
371.70325
471.27167
379.89008
468.95343
368.31772
468.9861
381.26584
466.29675
364.9323
466.9754
382.9754
463.64008
361.5469
464.6889
384.3518
460.72385
360.20502
460.3921
380.92075
457.26874
362.13058
456.74008
377.0108
454.3671
364.02222
453.29434
373.01892
451.42184
365.945
450.19022
368.77228
449.02704
367.42026
475.81622
376.8608
477.53723
375.03006
474.11624
374.57614
480.85867
371.8526
472.1226
372.34705
484.1795
368.67578
470.42197
370.06158
487.5002
365.49908
468.3953
368.10306
490.82092
362.3224
466.6939
365.81662
491.94275
359.0831
469.892
360.89206
489.5358
355.612
473.66632
356.6028
487.22266
352.7256
477.54922
352.52426
484.87183
349.79608
481.73856
348.78217
483.0541
347.40488
475.81622
376.8608
477.53476
378.18533
477.6362
375.2071
480.5457
380.77167
479.38364
373.3057
483.55597
383.35748
481.20425
371.65137
486.5662
385.94324
482.71637
369.74442
489.5764
388.52896
484.53775
368.08932
492.45486
389.21973
489.0397
370.42224
495.23477
386.85834
493.04425
373.30392
497.52017
384.62692
496.87695
376.29672
499.8394
382.35947
500.44635
379.58124
501.74097
380.59558
475.81622
376.8608
475.52463
377.32718
476.27853
377.27902
474.94672
378.15088
476.8015
377.67276
474.3689
378.9744
477.26398
378.09113
473.7911
379.79788
477.78253
378.42538
473.21332
380.62137
478.2452
378.8439
473.11035
381.3647
477.76816
380.03748
473.77496
382.00754
477.14032
381.11917
474.39453
382.52887
476.48022
382.16025
475.02402
383.0578
475.74
383.14212
475.51614
383.49387
444.38873
292.66077
443.5443
296.86108
446.71118
296.92502
441.79697
304.49838
449.34534
301.28235
440.04947
312.1364
451.66736
305.54584
438.30194
319.7746
454.2892
309.54504
436.5544
327.4128
456.6107
313.80756
436.67926
332.8544
454.52377
319.87653
439.74866
335.53754
452.3661
326.46814
442.4828
338.1382
450.33047
333.83554
445.2364
341.31604
448.0514
341.45367
447.40683
344.29187
444.38873
292.66077
440.71686
295.37152
443.17047
297.68796
433.87314
300.14874
442.1316
303.01166
427.02878
304.92645
440.91354
308.03793
420.18427
309.70422
440.12122
313.0702
413.33975
314.48203
438.9034
318.0953
409.54468
318.86597
432.9139
321.3918
410.04727
323.17978
426.49457
325.05014
410.34424
327.1886
419.61642
329.40808
410.24362
331.6669
412.36676
333.78973
409.82727
335.56848
444.38873
292.66077
439.91766
292.2098
440.17548
295.5221
431.76633
291.16855
435.897
298.71835
423.6142
290.1272
431.68454
301.57916
415.46194
289.08585
427.77866
304.72586
407.30966
288.0445
423.5671
307.586
401.6422
288.73254
417.0181
306.02957
399.15598
292.21152
409.91626
304.45282
396.72147
295.3321
402.01712
303.08298
393.68646
298.53217
393.8313
301.4847
390.80255
301.10275
444.38873
292.66077
440.82004
288.70346
438.40833
291.81873
434.48834
281.29633
432.1039
291.21893
428.156
273.8885
426.1246
290.377
421.82358
266.48053
420.18695
290.0305
415.49112
259.07254
414.209
289.18872
409.9642
255.16295
409.6953
282.6052
405.00906
256.23904
404.71213
275.56354
400.38483
257.04147
398.8637
268.0686
395.16977
257.43546
392.94534
260.14462
390.5888
257.39676
444.38873
292.66077
444.4025
287.4786
440.6301
288.14774
444.67902
278.0062
436.47974
283.5976
444.95554
268.53284
432.72177
279.0854
445.2321
259.05936
428.67026
274.95728
445.50864
249.58582
424.91318
270.44604
444.08035
243.15894
425.96152
262.75452
439.80746
240.69759
426.9709
254.42627
435.95172
238.25516
427.65292
245.20625
431.9371
235.13257
428.56485
235.63147
428.66193
232.11243
444.38873
292.66077
447.92642
288.77948
444.63873
286.71408
454.58163
281.85605
444.6199
280.4729
461.23752
274.93192
444.86987
274.5273
467.89346
268.0077
444.63797
268.67026
474.54947
261.0834
444.8879
262.726
477.85178
255.28609
450.9104
257.66498
476.31915
250.52971
457.33704
252.09937
475.08685
246.0715
464.1249
245.64145
474.19824
240.99448
471.32684
239.07364
473.79504
236.49771
444.38873
292.66077
450.01196
292.12375
448.88425
288.1026
460.31732
291.41483
453.37833
283.11554
470.62372
290.7058
457.87305
278.55823
480.93027
289.99677
461.9198
273.72333
491.23688
289.28775
466.4135
269.16708
498.05682
287.0538
474.86914
269.4851
500.27185
282.15628
484.01138
269.69305
502.51077
277.71332
494.08615
269.45093
505.47067
273.02557
504.57025
269.4204
508.39816
269.1509
444.38873
292.66077
448.48816
295.72098
450.17755
292.3371
455.83356
301.5139
456.2263
291.72482
463.1797
307.30737
462.01404
291.4012
470.52594
313.10095
467.6701
290.61893
477.87222
318.89456
473.45657
290.29544
483.80676
321.5442
478.93622
295.65225
488.272
319.60568
484.94354
301.3528
492.4767
317.98666
491.85025
307.31863
497.31406
316.64197
498.90292
313.67548
501.63507
315.8231
444.38873
292.66077
444.8203
294.86823
446.36993
294.2649
445.5022
298.92444
448.52106
295.85178
446.18417
302.98105
450.5019
297.4556
446.86615
307.03772
452.5753
298.87112
447.54813
311.09442
454.5557
300.47464
448.69873
313.71008
454.75864
303.83777
450.72568
314.3973
455.03195
307.46875
452.57346
315.1117
455.51987
311.45172
454.54626
316.10223
455.93988
315.60516
456.19562
317.11157
315.28268
285.05316
314.03162
286.42746
316.82336
286.48938
311.5977
288.8017
318.58545
287.8282
309.16443
291.17523
320.12695
289.26517
306.7313
293.54868
321.88657
290.38916
304.2982
295.92206
323.42914
291.82703
303.59506
298.4159
321.34875
296.09406
305.73032
301.138
318.62073
299.7463
307.8036
303.3261
315.74597
303.09283
309.94037
305.4746
312.5887
306.1062
311.61435
307.18576
315.28268
285.05316
313.68112
283.35492
313.33664
286.8454
310.94028
280.07965
311.49146
288.9243
308.20026
276.8053
309.5444
290.7175
305.4604
273.5311
307.96848
292.8138
302.72052
270.25696
306.0202
294.60828
299.66443
269.1379
300.87503
291.59482
296.0511
271.55188
296.5617
287.82904
293.11246
273.9393
292.64532
283.90872
290.21738
276.41
289.17316
279.66644
287.91428
278.34293
315.28268
285.05316
316.92834
283.7226
313.79684
283.17032
320.07822
281.47098
312.04492
281.3589
323.22717
279.22003
310.5583
279.4751
326.376
276.9692
308.77206
277.90585
329.52478
274.7184
307.28436
276.02084
330.74725
272.03305
310.36346
271.57773
328.81445
268.60013
314.06522
267.9385
326.8591
265.77896
317.8793
264.66873
324.82544
262.99142
321.9538
261.82278
323.23706
260.77612
315.28268
285.05316
316.35428
286.60703
317.058
283.8596
318.14288
289.5612
318.78793
282.42453
319.93094
292.51447
320.56418
281.2303
321.7189
295.46762
322.08102
279.74826
323.50684
298.42075
323.8584
278.55316
325.81204
299.69022
327.6008
281.59317
328.99625
298.20435
330.58597
285.13232
331.63797
296.65692
333.23492
288.74628
334.25507
295.03757
335.48935
292.56308
336.33304
293.7754
251.33136
423.9536
251.41254
425.97824
253.6205
423.77032
251.33395
429.68475
255.99307
423.3292
251.25534
433.39005
258.28357
423.14572
251.17674
437.09515
260.48013
422.5431
251.09813
440.80023
262.7723
422.35944
252.5037
443.27393
264.6438
427.3345
256.36542
443.71933
265.4475
432.35696
259.74762
443.76736
265.8445
437.23804
263.1383
443.70892
265.72998
442.0698
265.80817
443.6698
251.33136
423.9536
249.54091
423.7908
251.22777
425.98856
246.28941
423.29285
251.34135
428.12674
243.03897
422.795
251.23773
430.1629
239.7887
422.2972
251.51375
432.16492
236.53848
421.79944
251.41014
434.20258
234.19975
422.7497
246.81706
435.27335
233.36118
426.0953
242.30586
435.39932
232.92763
429.06506
237.96606
435.18387
232.58676
432.0546
233.72885
434.5241
232.3123
434.40778
251.33136
423.9536
251.82214
421.77377
248.84064
423.4962
252.96265
417.8479
246.18753
423.28964
254.10281
413.9233
243.69531
422.832
255.24294
409.9989
241.18364
422.8477
256.38306
406.0746
238.68958
422.3898
255.5911
403.03876
238.11447
416.55658
251.60445
401.46326
238.69032
410.97736
248.0153
400.44778
239.65909
405.66467
244.38678
399.54327
241.15872
400.5504
241.5316
398.82376
251.33136
423.9536
252.56601
424.4074
251.78954
422.53494
254.76991
425.37445
252.11375
421.00223
256.97308
426.3412
252.57217
419.58273
259.17615
427.3079
252.75583
418.1155
261.37918
428.2746
253.21452
416.69495
263.2119
428.04538
256.6634
416.80704
264.4375
425.83942
259.87564
417.5714
265.30573
423.82245
262.90216
418.54468
266.11218
421.774
265.77216
419.81253
266.75134
420.16272
255.11203
363.56375
255.98695
367.5207
259.0327
365.9561
257.3645
374.80252
263.2695
368.24792
258.74213
382.08484
267.1897
370.63995
260.11978
389.36722
271.25766
372.62335
261.49747
396.6496
275.17725
375.01508
263.85733
401.27466
275.90524
381.515
268.03195
402.25708
276.6405
388.3841
271.81512
403.24594
277.73044
395.76367
275.83167
404.66602
278.64307
403.41788
279.1751
406.157
255.11203
363.56375
252.98445
366.46243
255.81007
367.57867
248.9331
371.64163
256.7601
371.7457
244.88148
376.8212
257.45807
375.76013
240.82982
382.00082
258.51508
379.63406
236.77814
387.18045
259.21292
383.6479
235.0737
391.46054
255.30305
387.9364
236.86081
394.81995
251.15126
392.4457
238.41458
397.92206
246.86642
397.49026
239.81725
401.43213
242.29466
402.5772
240.77882
404.53467
255.11203
363.56375
250.66003
363.95135
251.93271
367.5063
242.50064
364.41043
248.81783
371.8089
234.3407
364.86954
245.6389
375.75098
226.18068
365.32864
242.8855
379.91336
218.02063
365.78775
239.70705
383.8548
212.62468
367.7028
232.49585
383.71613
210.95035
372.12573
224.88007
383.53232
209.32523
376.11972
216.65515
383.6629
207.1951
380.3069
208.15547
383.5601
205.08424
383.748
255.11203
363.56375
252.3691
360.93613
250.81075
363.74182
247.5026
355.97943
246.31549
364.1629
242.63574
351.02243
242.01474
364.34094
237.76886
346.06537
237.81169
364.91443
232.90195
341.1083
233.51158
365.09244
228.6539
338.73355
229.5585
360.40665
224.88916
340.14258
225.40747
355.43704
221.42609
341.34265
220.71414
350.25436
217.55653
342.32828
216.01596
344.76532
214.17455
342.90808
255.11203
363.56375
255.29402
359.4224
251.87064
360.1629
255.85872
351.8627
248.29028
356.77774
256.42346
344.30252
245.04929
353.3773
256.9882
336.74225
241.55418
350.34155
257.55292
329.18195
238.31369
346.9416
256.4443
323.98767
239.31345
340.3263
252.57909
321.91284
240.40364
333.3443
249.10237
319.93515
241.27838
325.7641
245.5091
317.46964
242.40097
317.9594
242.59967
315.1121
255.11203
363.56375
257.94955
361.28738
255.48006
359.45734
263.26376
357.2855
255.6416
355.13638
268.5783
353.2833
256.00958
351.0305
273.89294
349.2811
255.98993
346.96796
279.20755
345.27884
256.35788
342.86267
281.99292
341.54175
261.30078
339.69427
281.12512
337.79108
266.53793
336.37335
280.4181
334.35297
272.0451
332.5641
279.96542
330.55563
277.84375
328.78848
279.83722
327.27194
255.11203
363.56375
259.11026
364.26935
258.82837
360.8505
266.37894
365.7831
262.57275
357.80612
273.64813
367.29697
266.28864
355.09323
280.9174
368.81085
269.68283
352.087
288.18665
370.32474
273.39816
349.3745
293.3721
369.91156
279.69427
351.19016
295.8805
366.4232
286.33487
353.1404
298.2449
363.2997
293.58392
354.95786
301.09793
360.12534
301.0193
357.04465
303.7588
357.60123
255.11203
363.56375
255.9774
364.99008
256.95718
363.97665
257.47928
367.64575
258.91226
364.3085
258.98123
370.30157
260.7572
364.72134
260.48325
372.95743
262.60556
364.95532
261.98523
375.6133
264.45023
365.36813
263.5179
377.10327
265.5953
367.8051
265.2752
376.93298
266.79214
370.385
266.8808
376.81708
268.1949
373.11688
268.6345
376.83832
269.56488
375.97928
270.13525
376.9764
293.03653
361.08932
291.3569
361.6095
294.5039
362.43768
288.21628
362.3135
296.226
363.63586
285.0778
363.01694
297.69528
364.98584
281.93964
363.7203
299.44113
365.93762
278.80157
364.42365
300.91284
367.28952
277.13065
366.4854
297.67322
372.0692
278.1639
370.68497
293.37976
375.34085
279.6435
374.11182
288.94476
377.665
281.4174
377.3327
284.34073
379.18994
282.90463
379.74072
293.03653
361.08932
293.54446
359.67798
291.36456
361.3968
294.67722
357.17685
289.6641
361.9549
295.80927
354.67746
287.99005
362.26282
296.9412
352.17834
286.44528
362.96362
298.0731
349.67932
284.76868
363.27222
297.52628
347.48242
283.17554
358.6112
294.13467
346.0303
283.15085
354.00644
291.04037
345.279
283.84433
349.7917
287.93527
344.83395
285.16913
345.8721
285.53116
344.6109
293.03653
361.08932
293.85437
362.3388
293.79385
359.5757
295.16434
364.73807
294.36896
357.88928
296.4733
367.1357
295.12714
356.37372
297.78214
369.5331
295.4955
354.7256
299.09094
371.93042
296.2547
353.20758
301.16534
372.81195
300.91525
354.7336
304.35205
370.9853
304.59134
357.473
306.8034
368.9752
307.52698
360.54974
309.01776
366.77295
309.8497
363.95154
310.63556
364.9951
384.98328
319.6503
384.15405
322.3245
387.29617
321.82275
382.43085
327.14676
389.88138
323.92166
380.70776
331.96875
392.1945
326.0943
378.98468
336.7907
394.7381
327.92365
377.2616
341.61264
397.05148
330.09656
377.42673
345.30576
395.52206
335.43384
380.61917
347.49374
393.58716
340.65625
383.50198
349.3588
391.63116
346.0112
386.42145
351.41858
389.3633
351.32455
388.72406
353.24094
384.98328
319.6503
381.60956
319.95355
383.61737
323.2381
375.42102
320.24542
382.4591
327.0967
369.2328
320.5373
381.09305
330.68484
363.04462
320.82913
380.21722
334.3728
356.85648
321.121
378.85104
337.9614
352.8005
323.00583
372.17545
338.70715
351.8221
327.58484
365.44174
338.94635
351.0625
331.66876
358.55002
339.223
350.10184
335.8834
351.56128
339.13156
349.1229
339.29852
384.98328
319.6503
383.43423
316.67468
381.18262
319.75128
380.8349
311.11676
377.21216
320.14447
378.2357
305.5591
373.4111
320.24545
375.63654
300.00153
369.70337
320.83307
373.03738
294.44397
365.90186
320.93408
369.7827
291.43945
362.7033
315.1011
365.22025
292.26886
359.9468
309.02402
361.19363
293.1121
357.09644
302.8163
356.9716
293.82043
354.54663
296.3811
353.47488
294.21075
384.98328
319.6503
387.1234
317.11194
383.45963
316.2097
391.23157
312.63986
381.60452
312.72372
395.3395
308.168
380.08072
309.28278
399.44742
303.6962
378.14664
306.11047
403.5553
299.2244
376.62262
302.6691
405.0796
295.11407
380.75687
297.54498
402.60233
291.25052
385.28098
292.73355
400.3142
287.88263
389.8893
287.78702
398.076
284.2851
394.8191
283.02988
396.40192
281.23163
384.98328
319.6503
387.88495
320.5803
387.3713
317.1557
393.115
322.5053
389.68213
314.36398
398.3448
324.43024
392.0704
311.86914
403.57452
326.35513
394.0874
309.1199
408.80426
328.28003
396.47595
306.62476
412.82504
328.13843
402.26852
308.3442
415.23904
324.6868
407.93185
310.50378
417.29843
321.5688
413.73926
312.68762
419.57013
318.4129
419.49814
315.21042
421.5771
315.92587
384.98328
319.6503
385.06348
320.6485
386.0401
320.06415
385.13242
322.47885
387.17758
320.4174
385.20135
324.30908
388.2345
320.83127
385.2703
326.13928
389.3223
321.10052
385.33923
327.96948
390.37936
321.51447
385.88507
329.17383
390.58112
323.49005
387.23602
329.4759
390.63297
325.48138
388.44122
329.7119
390.69543
327.51956
389.68448
330.00772
390.64883
329.58536
390.69135
330.3067
292.10577
407.54913
291.44962
408.78574
293.66782
407.27115
290.06046
410.9395
295.2542
406.74518
288.67236
413.0915
296.8185
406.46667
287.28442
415.2432
298.2565
405.79706
285.89655
417.39484
299.82364
405.51785
286.17673
419.53546
301.22595
410.16998
289.3418
421.36707
300.93268
414.68387
292.31223
422.42038
299.866
418.7094
295.32703
423.1198
298.1597
422.34644
297.66705
423.507
292.10577
407.54913
291.6169
405.92758
290.99985
409.118
290.97714
402.89362
290.08414
410.92078
290.338
399.86206
288.97665
412.49207
289.69897
396.83087
288.3108
414.2919
289.05997
393.79984
287.20154
415.8662
286.99655
392.19846
282.03528
413.06152
282.71664
393.3189
278.44415
408.932
279.26666
394.94266
275.9336
404.56378
276.07983
396.90833
274.30356
399.98486
273.7389
398.56787
292.10577
407.54913
293.08066
408.07834
291.89725
406.3094
294.7767
409.19516
291.4924
405.0485
296.47137
410.31116
291.2835
403.80695
298.16583
411.42703
290.76376
402.66254
299.86023
412.54288
290.5543
401.41876
301.55844
412.33694
294.2509
400.3426
303.03345
409.84293
297.82516
400.60886
303.89032
407.49725
301.0067
401.48425
304.46716
405.11377
303.87567
402.86353
304.7915
403.2626
286.63348
393.5443
286.6888
396.34357
289.51294
394.87762
286.57233
401.46313
292.6277
396.05536
286.45584
406.58243
295.50742
397.3888
286.33936
411.7017
298.49774
398.3238
286.22287
416.82092
301.37784
399.65738
287.5429
420.27402
301.60748
405.20474
291.26202
421.345
301.41608
410.77075
294.58557
422.20703
301.24646
416.46924
298.00525
423.24237
300.76773
422.22644
300.76468
424.24664
286.63348
393.5443
283.52704
394.89484
286.46722
397.37973
277.74548
397.1212
286.58337
401.40674
271.9642
399.34744
286.4171
405.24252
266.18298
401.57367
286.74756
409.01862
260.4018
403.7999
286.5813
412.8549
257.146
406.8664
280.48044
415.66544
257.65976
411.52048
274.16486
418.01352
258.22522
415.6358
267.7111
420.44693
258.64105
419.93845
261.04935
422.56155
258.7877
423.4881
286.63348
393.5443
284.22598
391.2081
283.05807
394.8373
280.00827
386.7519
279.4136
396.46118
275.79077
382.2959
275.83786
397.75433
271.57333
377.83994
272.50397
399.47992
267.35587
373.38397
268.9278
400.77325
263.3205
371.55762
264.05472
396.24472
259.25153
373.78195
259.5243
391.34528
255.69551
375.85062
254.86365
386.35144
251.91151
377.85278
250.4166
381.04697
248.71576
379.3247
286.63348
393.5443
287.8651
390.46106
284.1036
390.7588
290.35547
384.92258
281.2449
388.0346
292.8457
379.3844
278.71478
385.2488
295.33588
373.84628
275.87994
382.84723
297.82608
368.30817
273.3495
380.0611
297.97806
363.92694
275.6592
373.89557
294.4099
361.0404
278.43744
367.904
291.17743
358.56467
281.25305
361.7577
287.9199
355.8553
284.4334
355.68988
285.36926
353.4846
286.63348
393.5443
289.68036
393.51297
288.1142
390.42447
295.25058
393.69254
289.42798
387.047
300.82047
393.87213
290.9088
383.92685
306.39032
394.0517
291.95718
380.68225
311.96017
394.2313
293.43817
377.5617
315.73163
392.83038
299.47748
377.36905
316.93552
388.79407
305.53278
377.63477
317.90793
385.1861
311.73245
377.87814
319.06992
381.47528
317.99283
378.45853
320.19128
378.4827
286.63348
393.5443
287.02402
394.46646
287.76688
393.60422
287.66602
396.1819
288.9577
393.58115
288.30795
397.89722
290.0912
393.64105
288.9499
399.61255
291.20844
393.55396
289.59183
401.32788
292.34207
393.61386
290.48923
402.29898
293.15588
395.42532
291.86655
402.16013
293.83234
397.29895
293.08475
402.00452
294.53363
399.21368
294.35788
401.89365
295.1401
401.18903
295.40768
401.86023
341.17264
353.0036
340.465
355.5087
343.53143
354.77563
338.96252
360.02686
346.144
356.4381
337.4602
364.54456
348.5032
358.21045
335.95792
369.06223
351.05588
359.61783
334.4556
373.57983
353.4156
361.3905
334.78024
377.03433
352.2857
366.70978
338.0585
379.02148
350.65952
371.85632
341.02078
380.65906
348.97473
377.04584
344.0288
382.43225
346.9591
382.1645
346.40787
383.98853
341.17264
353.0036
338.02432
353.08496
339.97168
356.36484
332.26495
352.97034
338.9884
359.97992
326.50613
352.85574
337.78726
363.34174
320.74738
352.74112
337.0772
366.7961
314.98865
352.62653
335.87582
370.15863
311.11386
354.24124
329.32452
370.76196
309.99432
358.74197
322.79474
370.7299
309.16528
362.75223
316.19424
370.64554
308.19598
366.86398
309.55685
370.15353
307.25162
370.17117
341.17264
353.0036
340.17087
350.04984
337.6408
352.8551
338.58746
344.56897
333.93283
352.98706
337.00418
339.08862
330.40042
352.83856
335.42093
333.60837
326.9247
353.18173
333.83768
328.1281
323.39154
353.0332
331.17227
324.93768
320.89645
347.01425
326.58664
325.20093
319.00864
340.82898
322.55023
325.59485
317.1495
334.56146
318.37662
325.8859
315.6651
328.1393
314.97125
325.9642
341.17264
353.0036
343.67038
351.18967
340.2762
349.62183
348.38593
348.0841
339.06296
346.15585
353.101
344.97885
338.16638
342.77353
357.81607
341.87363
336.8217
339.5891
362.53107
338.76843
335.9249
336.20605
364.76413
335.31256
340.88138
332.08087
363.16916
331.05563
346.17337
328.4808
361.61194
327.35614
351.5515
324.88376
360.11163
323.4968
357.1858
321.59546
359.03796
320.30115
341.17264
353.0036
343.326
354.61203
343.7531
351.38486
347.1261
357.73102
346.32175
349.48093
350.92584
360.8497
348.90265
347.8619
354.72552
363.96835
351.20325
345.92142
358.5252
367.087
353.78467
344.302
361.97546
368.05133
358.49484
347.35803
365.10327
365.62573
362.85498
350.82864
367.77725
363.37546
367.2349
354.37164
370.59885
361.13126
371.42422
358.20737
372.9788
359.41318
