50.0
60.0
50.0
50.0
50.0
60.0
50.0
50.0
50.0
60.0
50.0
50.0
50.0
150.0
150.0
150.0
150.0
50.0
250.0
50.0
350.0
50.0
350.0
150.0
250.0
150.0
250.0
250.0
350.0
250.0
350.0
350.0
250.0
350.0
150.0
350.0
150.0
250.0
50.0
250.0
50.0
350.0
49.999996
450.0
150.0
450.0
150.0
550.0
50.000004
550.0
50.0
650.0
50.0
750.0
150.0
750.0
150.0
650.0
250.0
650.0
250.0
750.0
350.0
750.0
350.0
650.0
350.0
550.0
250.0
550.0
250.0
450.0
350.0
450.0
450.0
450.0
550.0
450.0
550.0
550.0
450.0
550.0
450.0
650.0
450.0
750.0
550.0
750.0
550.0
650.0
650.0
650.0
650.0
750.0
750.0
750.0
750.0
650.0
750.0
550.0
650.0
550.0
650.0
450.0
750.0
450.0
750.0
350.0
750.0
250.0
650.0
250.0
650.0
350.0
550.0
350.0
450.0
350.0
450.0
250.0
550.0
250.0
550.0
150.0
450.0
150.0
450.0
50.0
550.0
50.0
650.0
50.0
650.0
150.0
750.0
150.0
750.0
50.0
750.0
60.0
750.0
50.0
750.0
60.0
750.0
50.0
750.0
60.0
