54.999996
45.0
44.999996
45.0
54.999996
45.0
44.999996
45.0
54.999996
45.0
44.999996
45.0
55.0
45.0
55.0
55.0
45.0
55.0
45.0
145.0
45.0
155.0
55.0
155.0
55.0
145.0
145.0
145.0
145.0
155.0
155.0
155.0
155.0
145.0
155.0
55.0
145.0
55.0
145.0
45.0
155.0
45.0
245.0
45.0
245.0
55.0
255.0
55.0
255.0
45.0
345.0
45.0
355.0
44.999996
355.0
55.0
345.0
55.0
345.0
145.0
355.0
145.0
355.0
155.0
345.0
155.0
255.0
155.0
255.0
145.0
245.0
145.0
245.0
155.0
245.0
245.0
245.0
255.0
255.0
255.0
255.0
245.0
345.0
245.0
355.0
245.0
355.0
255.0
345.0
255.0
345.0
345.0
355.0
345.0
355.0
355.0
345.0
355.0
255.0
355.0
255.0
345.0
245.0
345.0
245.0
355.0
155.0
355.0
145.0
355.0
145.0
345.0
155.0
345.0
155.0
255.0
155.0
245.0
145.0
245.0
145.0
255.0
55.0
255.0
55.0
245.0
45.0
245.0
45.0
255.0
45.0
345.0
55.0
345.0
55.0
355.0
45.0
355.0
44.999996
445.0
44.999996
455.0
55.0
455.0
55.0
445.0
145.0
445.0
155.0
445.0
155.0
455.0
145.0
455.0
145.0
545.0
155.0
545.0
155.0
555.0
145.0
555.0
55.000004
555.0
55.000004
545.0
45.0
545.0
45.0
555.0
45.0
645.0
55.0
645.0
55.0
655.0
45.0
655.0
45.0
745.0
45.0
755.0
55.0
755.0
55.0
745.0
145.0
745.0
145.0
755.0
155.0
755.0
155.0
745.0
155.0
655.0
145.0
655.0
145.0
645.0
155.0
645.0
245.0
645.0
255.0
645.0
255.0
655.0
245.0
655.0
245.0
745.0
245.0
755.0
255.0
755.0
255.0
745.0
345.0
745.0
345.0
755.0
355.0
755.0
355.0
745.0
355.0
655.0
345.0
655.0
345.0
645.0
355.0
645.0
355.0
555.0
355.0
545.0
345.0
545.0
345.0
555.0
255.0
555.0
245.0
555.0
245.0
545.0
255.0
545.0
255.0
455.0
245.0
455.0
245.0
445.0
255.0
445.0
345.0
445.0
345.0
455.0
355.0
455.0
355.0
445.0
445.0
445.0
445.0
455.0
455.0
455.0
455.0
445.0
545.0
445.0
555.0
445.0
555.0
455.0
545.0
455.0
545.0
545.0
555.0
545.0
555.0
555.0
545.0
555.0
455.0
555.0
455.0
545.0
445.0
545.0
445.0
555.0
445.0
645.0
455.0
645.0
455.0
655.0
445.0
655.0
445.0
745.0
445.0
755.0
455.0
755.0
455.0
745.0
545.0
745.0
545.0
755.0
555.0
755.0
555.0
745.0
555.0
655.0
545.0
655.0
545.0
645.0
555.0
645.0
645.0
645.0
655.0
645.0
655.0
655.0
645.0
655.0
645.0
745.0
645.0
755.0
655.0
755.0
655.0
745.0
745.0
745.0
745.0
755.0
755.0
755.0
755.0
745.0
755.0
655.0
745.0
655.0
745.0
645.0
755.0
645.0
755.0
555.0
755.0
545.0
745.0
545.0
745.0
555.0
655.0
555.0
645.0
555.0
645.0
545.0
655.0
545.0
655.0
455.0
645.0
455.0
645.0
445.0
655.0
445.0
745.0
445.0
745.0
455.0
755.0
455.0
755.0
445.0
755.0
355.0
745.0
355.0
745.0
345.0
755.0
345.0
755.0
255.0
755.0
245.0
745.0
245.0
745.0
255.0
655.0
255.0
655.0
245.0
645.0
245.0
645.0
255.0
645.0
345.0
655.0
345.0
655.0
355.0
645.0
355.0
555.0
355.0
555.0
345.0
545.0
345.0
545.0
355.0
455.0
355.0
445.0
355.0
445.0
345.0
455.0
345.0
455.0
255.0
445.0
255.0
445.0
245.0
455.0
245.0
545.0
245.0
545.0
255.0
555.0
255.0
555.0
245.0
555.0
155.0
555.0
145.0
545.0
145.0
545.0
155.0
455.0
155.0
445.0
155.0
445.0
145.0
455.0
145.0
455.0
55.0
445.0
55.0
445.0
44.999996
455.0
45.0
545.0
45.0
545.0
55.0
555.0
55.0
555.0
45.0
645.0
45.0
655.0
45.0
655.0
55.0
645.0
55.0
645.0
145.0
645.0
155.0
655.0
155.0
655.0
145.0
745.0
145.0
745.0
155.0
755.0
155.0
755.0
145.0
755.0
55.0
745.0
55.0
745.0
45.0
755.0
45.0
745.0
45.0
755.0
45.0
745.0
45.0
755.0
45.0
745.0
45.0
