49.999992
40.000004
39.999992
40.000004
49.999992
40.000004
39.999992
40.000004
49.999992
40.000004
39.999992
40.000004
60.0
40.0
60.0
60.000008
40.0
60.000008
40.0
140.0
40.0
160.0
60.0
160.0
60.0
140.0
140.0
140.0
140.0
160.0
160.0
160.0
160.0
140.0
160.0
60.0
140.0
60.0
140.0
40.0
160.0
40.0
240.0
40.0
240.0
60.0
260.0
60.0
260.0
40.0
340.0
40.0
360.0
39.999992
360.0
60.0
340.0
60.0
340.0
140.0
360.0
140.0
360.0
160.0
340.0
160.0
260.0
160.0
260.0
140.0
240.0
140.0
240.0
160.0
240.0
240.0
240.0
260.0
260.0
260.0
260.0
240.0
340.0
240.0
360.0
240.0
360.0
260.0
340.0
260.0
340.0
340.0
360.0
340.0
360.0
360.0
340.0
360.0
260.0
360.0
260.0
340.0
240.0
340.0
240.0
360.0
160.0
360.0
140.0
360.0
140.0
340.0
160.0
340.0
160.0
260.0
160.0
240.0
140.0
240.0
140.0
260.0
60.0
260.0
60.0
240.0
40.0
240.0
40.0
260.0
40.0
340.0
60.000008
340.0
60.000008
360.0
40.000004
360.0
39.999996
440.0
39.999996
460.0
60.0
460.0
60.0
440.0
140.0
440.0
160.0
440.0
160.0
460.0
140.0
460.0
140.0
540.0
160.0
540.0
160.0
560.0
140.0
560.0
60.000004
560.0
60.000004
540.0
40.0
540.0
40.0
560.0
39.999996
640.0
60.0
640.0
60.0
660.0
40.0
660.0
40.0
740.0
40.0
760.0
60.0
760.0
60.0
740.0
140.0
740.0
140.0
760.0
160.0
760.0
160.0
740.0
160.0
660.0
140.0
660.0
140.0
640.0
160.0
640.0
240.0
640.0
260.0
640.0
260.0
660.0
240.0
660.0
240.0
740.0
240.0
760.0
260.0
760.0
260.0
740.0
340.0
740.0
340.0
760.0
360.0
760.0
360.0
740.0
360.0
660.0
340.0
660.0
340.0
640.0
360.0
640.0
360.0
560.0
360.0
540.0
340.0
540.0
340.0
560.0
260.0
560.0
240.0
560.0
240.0
540.0
260.0
540.0
260.0
460.0
240.0
460.0
240.0
440.0
260.0
440.0
340.0
440.0
340.0
460.0
360.0
460.0
360.0
440.0
440.0
440.0
440.0
460.0
460.0
460.0
460.0
440.0
540.0
440.0
560.0
440.0
560.0
460.0
540.0
460.0
540.0
540.0
560.0
540.0
560.0
560.0
540.0
560.0
460.0
560.0
460.0
540.0
440.0
540.0
440.0
560.0
440.0
640.0
460.0
640.0
460.0
660.0
440.0
660.0
440.0
740.0
440.0
760.0
460.0
760.0
460.0
740.0
540.0
740.0
540.0
760.0
560.0
760.0
560.0
740.0
560.0
660.0
540.0
660.0
540.0
640.0
560.0
640.0
640.0
640.0
660.0
640.0
660.0
660.0
640.0
660.0
640.0
740.0
640.0
760.0
660.0
760.0
660.0
740.0
740.0
740.0
740.0
760.0
760.0
760.0
760.0
740.0
760.0
660.0
740.0
660.0
740.0
640.0
760.0
640.0
760.0
560.0
760.0
540.0
740.0
540.0
740.0
560.0
660.0
560.0
640.0
560.0
640.0
540.0
660.0
540.0
660.0
460.0
640.0
460.0
640.0
440.0
660.0
440.0
740.0
440.0
740.0
460.0
760.0
460.0
760.0
440.0
760.0
360.0
740.0
360.0
740.0
340.0
760.0
340.0
760.0
260.0
760.0
240.0
740.0
240.0
740.0
260.0
660.0
260.0
660.0
240.0
640.0
240.0
640.0
260.0
640.0
340.0
660.0
340.0
660.0
360.0
640.0
360.0
560.0
360.0
560.0
340.0
540.0
340.0
540.0
360.0
460.0
360.0
440.0
360.0
440.0
340.0
460.0
340.0
460.0
260.0
440.0
260.0
440.0
240.0
460.0
240.0
540.0
240.0
540.0
260.0
560.0
260.0
560.0
240.0
560.0
160.0
560.0
140.0
540.0
140.0
540.0
160.0
460.0
160.0
440.0
160.0
440.0
140.0
460.0
140.0
460.0
60.0
440.0
60.0
440.0
39.999992
460.0
40.0
540.0
40.0
540.0
60.0
560.0
60.0
560.0
40.0
640.0
40.0
660.0
40.0
660.0
60.0
640.0
60.0
640.0
140.0
640.0
160.0
660.0
160.0
660.0
140.0
740.0
140.0
740.0
160.0
760.0
160.0
760.0
140.0
760.0
60.000008
740.0
60.000008
740.0
40.0
760.0
40.000004
750.0
40.0
760.0
40.000004
750.0
40.0
760.0
40.000004
750.0
40.0
