44.999992
35.000008
34.999992
35.00001
44.999992
35.000008
34.999992
35.00001
44.999992
35.000008
34.999992
35.00001
64.99999
35.0
64.99999
65.0
35.0
65.0
35.0
135.0
35.0
165.0
65.0
165.0
65.0
135.0
135.0
135.0
135.0
165.0
165.0
165.0
165.0
135.0
165.0
65.0
135.0
65.0
135.0
35.0
165.0
35.0
235.0
35.0
235.0
65.0
265.0
65.0
265.0
35.0
335.0
35.0
365.0
34.999992
365.0
64.99999
335.0
64.99999
335.0
135.0
365.0
135.0
365.0
165.0
335.0
165.0
265.0
165.0
265.0
135.0
235.0
135.0
235.0
165.0
235.0
235.0
235.0
265.0
265.0
265.0
265.0
235.0
335.0
235.0
365.0
235.0
365.0
265.0
335.0
265.0
335.0
335.0
365.0
335.0
365.0
365.0
335.0
365.0
265.0
365.0
265.0
335.0
235.0
335.0
235.0
365.0
165.0
365.0
135.0
365.0
135.0
335.0
165.0
335.0
165.0
265.0
165.0
235.0
135.0
235.0
135.0
265.0
65.0
265.0
65.0
235.0
35.0
235.0
35.0
265.0
35.0
335.0
65.0
335.0
65.0
365.0
35.00001
365.0
35.0
435.0
35.0
465.0
65.0
465.0
65.0
435.0
135.0
435.0
165.0
435.0
165.0
465.0
135.0
465.0
135.0
535.0
165.0
535.0
165.0
565.0
135.0
565.0
65.0
565.0
65.0
535.0
35.000004
535.0
35.000004
565.0
35.0
635.0
65.0
635.0
65.0
665.0
35.000004
665.0
35.0
735.0
35.0
765.0
65.0
765.0
65.0
735.0
135.0
735.0
135.0
765.0
165.0
765.0
165.0
735.0
165.0
665.0
135.0
665.0
135.0
635.0
165.0
635.0
235.0
635.0
265.0
635.0
265.0
665.0
235.0
665.0
235.0
735.0
235.0
765.0
265.0
765.0
265.0
735.0
335.0
735.0
335.0
765.0
365.0
765.0
365.0
735.0
365.0
665.0
335.0
665.0
335.0
635.0
365.0
635.0
365.0
565.0
365.0
535.0
335.0
535.0
335.0
565.0
265.0
565.0
235.0
565.0
235.0
535.0
265.0
535.0
265.0
465.0
235.0
465.0
235.0
435.0
265.0
435.0
335.0
435.0
335.0
465.0
365.0
465.0
365.0
435.0
435.0
435.0
435.0
465.0
465.0
465.0
465.0
435.0
535.0
435.0
565.0
435.0
565.0
465.0
535.0
465.0
535.0
535.0
565.0
535.0
565.0
565.0
535.0
565.0
465.0
565.0
465.0
535.0
435.0
535.0
435.0
565.0
435.0
635.0
465.0
635.0
465.0
665.0
435.0
665.0
435.0
735.0
435.0
765.0
465.0
765.0
465.0
735.0
535.0
735.0
535.0
765.0
565.0
765.0
565.0
735.0
565.0
665.0
535.0
665.0
535.0
635.0
565.0
635.0
635.0
635.0
665.0
635.0
665.0
665.0
635.0
665.0
635.0
735.0
635.0
765.0
665.0
765.0
665.0
735.0
735.0
735.0
735.0
765.0
765.0
765.0
765.0
735.0
765.0
665.0
735.0
665.0
735.0
635.0
765.0
635.0
765.0
565.0
765.0
535.0
735.0
535.0
735.0
565.0
665.0
565.0
635.0
565.0
635.0
535.0
665.0
535.0
665.0
465.0
635.0
465.0
635.0
435.0
665.0
435.0
735.0
435.0
735.0
465.0
765.0
465.0
765.0
435.0
765.0
365.0
735.0
365.0
735.0
335.0
765.0
335.0
765.0
265.0
765.0
235.0
735.0
235.0
735.0
265.0
665.0
265.0
665.0
235.0
635.0
235.0
635.0
265.0
635.0
335.0
665.0
335.0
665.0
365.0
635.0
365.0
565.0
365.0
565.0
335.0
535.0
335.0
535.0
365.0
465.0
365.0
435.0
365.0
435.0
335.0
465.0
335.0
465.0
265.0
435.0
265.0
435.0
235.0
465.0
235.0
535.0
235.0
535.0
265.0
565.0
265.0
565.0
235.0
565.0
165.0
565.0
135.0
535.0
135.0
535.0
165.0
465.0
165.0
435.0
165.0
435.0
135.0
465.0
135.0
465.0
64.99999
435.0
64.99999
435.0
34.999992
465.0
35.0
535.0
35.0
535.0
65.0
565.0
65.0
565.0
35.0
635.0
35.0
665.0
35.0
665.0
65.0
635.0
65.0
635.0
135.0
635.0
165.0
665.0
165.0
665.0
135.0
735.0
135.0
735.0
165.0
765.0
165.0
765.0
135.0
765.0
65.0
735.0
65.0
735.0
35.0
765.0
35.00001
755.0
35.000008
765.0
35.00001
755.0
35.000008
765.0
35.00001
755.0
35.000008
