39.99999
30.00001
29.999989
30.000013
39.99999
30.00001
29.999989
30.000013
39.99999
30.00001
29.999989
30.000013
69.99999
30.0
69.99999
70.00001
30.0
70.00001
30.0
130.0
30.0
170.0
70.0
170.0
70.0
130.0
130.0
130.0
130.0
170.0
170.0
170.0
170.0
130.0
170.0
70.0
130.0
70.0
130.0
30.0
170.0
30.0
230.0
30.0
230.0
70.0
270.0
70.0
270.0
30.0
330.0
30.0
370.0
29.999989
370.0
69.99999
330.0
69.99999
330.0
130.0
370.0
130.0
370.0
170.0
330.0
170.0
270.0
170.0
270.0
130.0
230.0
130.0
230.0
170.0
230.0
230.0
230.0
270.0
270.0
270.0
270.0
230.0
330.0
230.0
370.0
230.0
370.0
270.0
330.0
270.0
330.0
330.0
370.0
330.0
370.0
370.0
330.0
370.0
270.0
370.0
270.0
330.0
230.0
330.0
230.0
370.0
170.0
370.0
130.0
370.0
130.0
330.0
170.0
330.0
170.0
270.0
170.0
230.0
130.0
230.0
130.0
270.0
70.0
270.0
70.0
230.0
30.0
230.0
30.0
270.0
30.0
330.0
70.00001
330.0
70.00001
370.0
30.000013
370.0
30.0
430.0
30.0
470.0
70.0
470.0
70.0
430.0
130.0
430.0
170.0
430.0
170.0
470.0
130.0
470.0
130.0
530.0
170.0
530.0
170.0
570.0
130.0
570.0
70.0
570.0
70.0
530.0
30.000002
530.0
30.000002
570.0
30.0
630.0
70.0
630.0
70.0
670.0
30.000004
670.0
30.0
730.0
30.0
770.0
70.0
770.0
70.0
730.0
130.0
730.0
130.0
770.0
170.0
770.0
170.0
730.0
170.0
670.0
130.0
670.0
130.0
630.0
170.0
630.0
230.0
630.0
270.0
630.0
270.0
670.0
230.0
670.0
230.0
730.0
230.0
770.0
270.0
770.0
270.0
730.0
330.0
730.0
330.0
770.0
370.0
770.0
370.0
730.0
370.0
670.0
330.0
670.0
330.0
630.0
370.0
630.0
370.0
570.0
370.0
530.0
330.0
530.0
330.0
570.0
270.0
570.0
230.0
570.0
230.0
530.0
270.0
530.0
270.0
470.0
230.0
470.0
230.0
430.0
270.0
430.0
330.0
430.0
330.0
470.0
370.0
470.0
370.0
430.0
430.0
430.0
430.0
470.0
470.0
470.0
470.0
430.0
530.0
430.0
570.0
430.0
570.0
470.0
530.0
470.0
530.0
530.0
570.0
530.0
570.0
570.0
530.0
570.0
470.0
570.0
470.0
530.0
430.0
530.0
430.0
570.0
430.0
630.0
470.0
630.0
470.0
670.0
430.0
670.0
430.0
730.0
430.0
770.0
470.0
770.0
470.0
730.0
530.0
730.0
530.0
770.0
570.0
770.0
570.0
730.0
570.0
670.0
530.0
670.0
530.0
630.0
570.0
630.0
630.0
630.0
670.0
630.0
670.0
670.0
630.0
670.0
630.0
730.0
630.0
770.0
670.0
770.0
670.0
730.0
730.0
730.0
730.0
770.0
770.0
770.0
770.0
730.0
770.0
670.0
730.0
670.0
730.0
630.0
770.0
630.0
770.0
570.0
770.0
530.0
730.0
530.0
730.0
570.0
670.0
570.0
630.0
570.0
630.0
530.0
670.0
530.0
670.0
470.0
630.0
470.0
630.0
430.0
670.0
430.0
730.0
430.0
730.0
470.0
770.0
470.0
770.0
430.0
770.0
370.0
730.0
370.0
730.0
330.0
770.0
330.0
770.0
270.0
770.0
230.0
730.0
230.0
730.0
270.0
670.0
270.0
670.0
230.0
630.0
230.0
630.0
270.0
630.0
330.0
670.0
330.0
670.0
370.0
630.0
370.0
570.0
370.0
570.0
330.0
530.0
330.0
530.0
370.0
470.0
370.0
430.0
370.0
430.0
330.0
470.0
330.0
470.0
270.0
430.0
270.0
430.0
230.0
470.0
230.0
530.0
230.0
530.0
270.0
570.0
270.0
570.0
230.0
570.0
170.0
570.0
130.0
530.0
130.0
530.0
170.0
470.0
170.0
430.0
170.0
430.0
130.0
470.0
130.0
470.0
69.99999
430.0
69.99999
430.0
29.999989
470.0
30.0
530.0
30.0
530.0
70.0
570.0
70.0
570.0
30.0
630.0
30.0
670.0
30.0
670.0
70.0
630.0
70.0
630.0
130.0
630.0
170.0
670.0
170.0
670.0
130.0
730.0
130.0
730.0
170.0
770.0
170.0
770.0
130.0
770.0
70.00001
730.0
70.00001
730.0
30.0
770.0
30.000013
760.0
30.00001
770.0
30.000013
760.0
30.00001
770.0
30.000013
760.0
30.00001
