22.499989
27.500015
22.499985
22.500015
22.499989
27.500015
22.499985
22.500015
22.499989
27.500015
22.499985
22.500015
22.499989
27.500015
27.499989
27.500011
27.499985
22.500011
72.49999
22.5
77.49999
22.5
77.49999
27.5
72.49999
27.5
72.49999
72.50001
77.49999
72.50001
77.49999
77.50001
72.49999
77.50001
27.5
77.50001
27.5
72.50001
22.5
72.50001
22.5
77.50001
22.5
122.50001
27.5
122.50001
27.5
127.50001
22.5
127.50001
22.5
172.5
22.5
177.5
27.5
177.5
27.5
172.5
72.5
172.5
72.5
177.5
77.5
177.5
77.5
172.5
77.5
127.50001
72.5
127.50001
72.5
122.50001
77.5
122.50001
122.5
122.5
127.5
122.5
127.5
127.5
122.5
127.5
122.5
172.5
122.5
177.5
127.5
177.5
127.5
172.5
172.5
172.5
172.5
177.5
177.5
177.5
177.5
172.5
177.5
127.5
172.5
127.5
172.5
122.5
177.5
122.5
177.5
77.5
177.5
72.5
172.5
72.5
172.5
77.5
127.49999
77.5
122.49999
77.5
122.49999
72.5
127.49999
72.5
127.49999
27.5
122.49999
27.5
122.49999
22.5
127.49999
22.5
172.5
22.5
172.5
27.5
177.5
27.5
177.5
22.5
222.5
22.5
227.5
22.5
227.5
27.5
222.5
27.5
222.5
72.5
222.5
77.5
227.5
77.5
227.5
72.5
272.5
72.5
272.5
77.5
277.5
77.5
277.5
72.5
277.5
27.5
272.5
27.5
272.5
22.5
277.5
22.5
322.5
22.5
322.5
27.5
327.5
27.5
327.5
22.5
372.5
22.499989
377.5
22.499985
377.5
27.499985
372.5
27.499989
372.5
72.49999
377.5
72.49999
377.5
77.49999
372.5
77.49999
327.5
77.49999
327.5
72.49999
322.5
72.49999
322.5
77.49999
322.5
122.49999
322.5
127.49999
327.5
127.49999
327.5
122.49999
372.5
122.49999
377.5
122.49999
377.5
127.49999
372.5
127.49999
372.5
172.5
377.5
172.5
377.5
177.5
372.5
177.5
327.5
177.5
327.5
172.5
322.5
172.5
322.5
177.5
277.5
177.5
272.5
177.5
272.5
172.5
277.5
172.5
277.5
127.5
277.5
122.5
272.5
122.5
272.5
127.5
227.5
127.5
227.5
122.5
222.5
122.5
222.5
127.5
222.5
172.5
227.5
172.5
227.5
177.5
222.5
177.5
222.5
222.5
227.5
222.5
227.5
227.5
222.5
227.5
222.5
272.5
222.5
277.5
227.5
277.5
227.5
272.5
272.5
272.5
272.5
277.5
277.5
277.5
277.5
272.5
277.5
227.5
272.5
227.5
272.5
222.5
277.5
222.5
322.5
222.5
322.5
227.5
327.5
227.5
327.5
222.5
372.5
222.5
377.5
222.5
377.5
227.5
372.5
227.5
372.5
272.5
377.5
272.5
377.5
277.5
372.5
277.5
327.5
277.5
327.5
272.5
322.5
272.5
322.5
277.5
322.5
322.5
322.5
327.5
327.5
327.5
327.5
322.5
372.5
322.5
377.5
322.5
377.5
327.5
372.5
327.5
372.5
372.5
377.5
372.5
377.5
377.5
372.5
377.5
327.5
377.5
327.5
372.5
322.5
372.5
322.5
377.5
277.5
377.5
272.5
377.5
272.5
372.5
277.5
372.5
277.5
327.5
277.5
322.5
272.5
322.5
272.5
327.5
227.5
327.5
227.5
322.5
222.5
322.5
222.5
327.5
222.5
372.5
227.5
372.5
227.5
377.5
222.5
377.5
177.5
377.5
177.5
372.5
172.5
372.5
172.5
377.5
127.50001
377.5
122.50001
377.5
122.50001
372.5
127.50001
372.5
127.50001
327.5
122.50001
327.5
122.50001
322.5
127.50001
322.5
172.5
322.5
172.5
327.5
177.5
327.5
177.5
322.5
177.5
277.5
172.5
277.5
172.5
272.5
177.5
272.5
177.5
227.5
177.5
222.5
172.5
222.5
172.5
227.5
127.5
227.5
127.5
222.5
122.5
222.5
122.5
227.5
122.5
272.5
127.5
272.5
127.5
277.5
122.5
277.5
77.5
277.5
72.5
277.5
72.5
272.5
77.5
272.5
77.5
227.5
77.5
222.5
72.5
222.5
72.5
227.5
27.5
227.5
27.5
222.5
22.5
222.5
22.5
227.5
22.5
272.5
27.5
272.5
27.5
277.5
22.5
277.5
22.5
322.5
22.5
327.5
27.5
327.5
27.5
322.5
72.50001
322.5
77.50001
322.5
77.50001
327.5
72.50001
327.5
72.50001
372.5
77.50001
372.5
77.50001
377.5
72.50001
377.5
27.500015
377.5
27.500011
372.5
22.500011
372.5
22.500015
377.5
22.499998
422.5
27.5
422.5
27.5
427.5
22.5
427.5
22.5
472.5
22.5
477.5
27.5
477.5
27.5
472.5
72.5
472.5
72.5
477.5
77.5
477.5
77.5
472.5
77.5
427.5
72.5
427.5
72.5
422.5
77.5
422.5
122.5
422.5
122.5
427.5
127.5
427.5
127.5
422.5
172.5
422.5
177.5
422.5
177.5
427.5
172.5
427.5
172.5
472.5
177.5
472.5
177.5
477.5
172.5
477.5
127.5
477.5
127.5
472.5
122.5
472.5
122.5
477.5
122.5
522.5
122.5
527.5
127.5
527.5
127.5
522.5
172.5
522.5
177.5
522.5
177.5
527.5
172.5
527.5
172.5
572.5
177.5
572.5
177.5
577.5
172.5
577.5
127.5
577.5
127.5
572.5
122.5
572.5
122.5
577.5
77.5
577.5
72.5
577.5
72.5
572.5
77.5
572.5
77.5
527.5
77.5
522.5
72.5
522.5
72.5
527.5
27.5
527.5
27.5
522.5
22.5
522.5
22.5
527.5
22.5
572.5
27.5
572.5
27.5
577.5
22.5
577.5
22.499998
622.5
22.499998
627.5
27.5
627.5
27.5
622.5
72.5
622.5
77.5
622.5
77.5
627.5
72.5
627.5
72.5
672.5
77.5
672.5
77.5
677.5
72.5
677.5
27.500002
677.5
27.500002
672.5
22.5
672.5
22.5
677.5
22.5
722.5
27.5
722.5
27.5
727.5
22.5
727.5
22.5
772.5
22.5
777.5
27.5
777.5
27.5
772.5
72.5
772.5
72.5
777.5
77.5
777.5
77.5
772.5
77.5
727.5
72.5
727.5
72.5
722.5
77.5
722.5
122.5
722.5
127.5
722.5
127.5
727.5
122.5
727.5
122.5
772.5
122.5
777.5
127.5
777.5
127.5
772.5
172.5
772.5
172.5
777.5
177.5
777.5
177.5
772.5
177.5
727.5
172.5
727.5
172.5
722.5
177.5
722.5
177.5
677.5
177.5
672.5
172.5
672.5
172.5
677.5
127.5
677.5
122.5
677.5
122.5
672.5
127.5
672.5
127.5
627.5
122.5
627.5
122.5
622.5
127.5
622.5
172.5
622.5
172.5
627.5
177.5
627.5
177.5
622.5
222.5
622.5
222.5
627.5
227.5
627.5
227.5
622.5
272.5
622.5
277.5
622.5
277.5
627.5
272.5
627.5
272.5
672.5
277.5
672.5
277.5
677.5
272.5
677.5
227.5
677.5
227.5
672.5
222.5
672.5
222.5
677.5
222.5
722.5
227.5
722.5
227.5
727.5
222.5
727.5
222.5
772.5
222.5
777.5
227.5
777.5
227.5
772.5
272.5
772.5
272.5
777.5
277.5
777.5
277.5
772.5
277.5
727.5
272.5
727.5
272.5
722.5
277.5
722.5
322.5
722.5
327.5
722.5
327.5
727.5
322.5
727.5
322.5
772.5
322.5
777.5
327.5
777.5
327.5
772.5
372.5
772.5
372.5
777.5
377.5
777.5
377.5
772.5
377.5
727.5
372.5
727.5
372.5
722.5
377.5
722.5
377.5
677.5
377.5
672.5
372.5
672.5
372.5
677.5
327.5
677.5
322.5
677.5
322.5
672.5
327.5
672.5
327.5
627.5
322.5
627.5
322.5
622.5
327.5
622.5
372.5
622.5
372.5
627.5
377.5
627.5
377.5
622.5
377.5
577.5
372.5
577.5
372.5
572.5
377.5
572.5
377.5
527.5
377.5
522.5
372.5
522.5
372.5
527.5
327.5
527.5
327.5
522.5
322.5
522.5
322.5
527.5
322.5
572.5
327.5
572.5
327.5
577.5
322.5
577.5
277.5
577.5
277.5
572.5
272.5
572.5
272.5
577.5
227.5
577.5
222.5
577.5
222.5
572.5
227.5
572.5
227.5
527.5
222.5
527.5
222.5
522.5
227.5
522.5
272.5
522.5
272.5
527.5
277.5
527.5
277.5
522.5
277.5
477.5
277.5
472.5
272.5
472.5
272.5
477.5
227.5
477.5
222.5
477.5
222.5
472.5
227.5
472.5
227.5
427.5
222.5
427.5
222.5
422.5
227.5
422.5
272.5
422.5
272.5
427.5
277.5
427.5
277.5
422.5
322.5
422.5
327.5
422.5
327.5
427.5
322.5
427.5
322.5
472.5
322.5
477.5
327.5
477.5
327.5
472.5
372.5
472.5
372.5
477.5
377.5
477.5
377.5
472.5
377.5
427.5
372.5
427.5
372.5
422.5
377.5
422.5
422.5
422.5
427.5
422.5
427.5
427.5
422.5
427.5
422.5
472.5
422.5
477.5
427.5
477.5
427.5
472.5
472.5
472.5
472.5
477.5
477.5
477.5
477.5
472.5
477.5
427.5
472.5
427.5
472.5
422.5
477.5
422.5
522.5
422.5
522.5
427.5
527.5
427.5
527.5
422.5
572.5
422.5
577.5
422.5
577.5
427.5
572.5
427.5
572.5
472.5
577.5
472.5
577.5
477.5
572.5
477.5
527.5
477.5
527.5
472.5
522.5
472.5
522.5
477.5
522.5
522.5
522.5
527.5
527.5
527.5
527.5
522.5
572.5
522.5
577.5
522.5
577.5
527.5
572.5
527.5
572.5
572.5
577.5
572.5
577.5
577.5
572.5
577.5
527.5
577.5
527.5
572.5
522.5
572.5
522.5
577.5
477.5
577.5
472.5
577.5
472.5
572.5
477.5
572.5
477.5
527.5
477.5
522.5
472.5
522.5
472.5
527.5
427.5
527.5
427.5
522.5
422.5
522.5
422.5
527.5
422.5
572.5
427.5
572.5
427.5
577.5
422.5
577.5
422.5
622.5
422.5
627.5
427.5
627.5
427.5
622.5
472.5
622.5
477.5
622.5
477.5
627.5
472.5
627.5
472.5
672.5
477.5
672.5
477.5
677.5
472.5
677.5
427.5
677.5
427.5
672.5
422.5
672.5
422.5
677.5
422.5
722.5
427.5
722.5
427.5
727.5
422.5
727.5
422.5
772.5
422.5
777.5
427.5
777.5
427.5
772.5
472.5
772.5
472.5
777.5
477.5
777.5
477.5
772.5
477.5
727.5
472.5
727.5
472.5
722.5
477.5
722.5
522.5
722.5
527.5
722.5
527.5
727.5
522.5
727.5
522.5
772.5
522.5
777.5
527.5
777.5
527.5
772.5
572.5
772.5
572.5
777.5
577.5
777.5
577.5
772.5
577.5
727.5
572.5
727.5
572.5
722.5
577.5
722.5
577.5
677.5
577.5
672.5
572.5
672.5
572.5
677.5
527.5
677.5
522.5
677.5
522.5
672.5
527.5
672.5
527.5
627.5
522.5
627.5
522.5
622.5
527.5
622.5
572.5
622.5
572.5
627.5
577.5
627.5
577.5
622.5
622.5
622.5
622.5
627.5
627.5
627.5
627.5
622.5
672.5
622.5
677.5
622.5
677.5
627.5
672.5
627.5
672.5
672.5
677.5
672.5
677.5
677.5
672.5
677.5
627.5
677.5
627.5
672.5
622.5
672.5
622.5
677.5
622.5
722.5
627.5
722.5
627.5
727.5
622.5
727.5
622.5
772.5
622.5
777.5
627.5
777.5
627.5
772.5
672.5
772.5
672.5
777.5
677.5
777.5
677.5
772.5
677.5
727.5
672.5
727.5
672.5
722.5
677.5
722.5
722.5
722.5
727.5
722.5
727.5
727.5
722.5
727.5
722.5
772.5
722.5
777.5
727.5
777.5
727.5
772.5
772.5
772.5
772.5
777.5
777.5
777.5
777.5
772.5
777.5
727.5
772.5
727.5
772.5
722.5
777.5
722.5
777.5
677.5
777.5
672.5
772.5
672.5
772.5
677.5
727.5
677.5
722.5
677.5
722.5
672.5
727.5
672.5
727.5
627.5
722.5
627.5
722.5
622.5
727.5
622.5
772.5
622.5
772.5
627.5
777.5
627.5
777.5
622.5
777.5
577.5
772.5
577.5
772.5
572.5
777.5
572.5
777.5
527.5
777.5
522.5
772.5
522.5
772.5
527.5
727.5
527.5
727.5
522.5
722.5
522.5
722.5
527.5
722.5
572.5
727.5
572.5
727.5
577.5
722.5
577.5
677.5
577.5
677.5
572.5
672.5
572.5
672.5
577.5
627.5
577.5
622.5
577.5
622.5
572.5
627.5
572.5
627.5
527.5
622.5
527.5
622.5
522.5
627.5
522.5
672.5
522.5
672.5
527.5
677.5
527.5
677.5
522.5
677.5
477.5
677.5
472.5
672.5
472.5
672.5
477.5
627.5
477.5
622.5
477.5
622.5
472.5
627.5
472.5
627.5
427.5
622.5
427.5
622.5
422.5
627.5
422.5
672.5
422.5
672.5
427.5
677.5
427.5
677.5
422.5
722.5
422.5
727.5
422.5
727.5
427.5
722.5
427.5
722.5
472.5
722.5
477.5
727.5
477.5
727.5
472.5
772.5
472.5
772.5
477.5
777.5
477.5
777.5
472.5
777.5
427.5
772.5
427.5
772.5
422.5
777.5
422.5
777.5
377.5
777.5
372.5
772.5
372.5
772.5
377.5
727.5
377.5
722.5
377.5
722.5
372.5
727.5
372.5
727.5
327.5
722.5
327.5
722.5
322.5
727.5
322.5
772.5
322.5
772.5
327.5
777.5
327.5
777.5
322.5
777.5
277.5
772.5
277.5
772.5
272.5
777.5
272.5
777.5
227.5
777.5
222.5
772.5
222.5
772.5
227.5
727.5
227.5
727.5
222.5
722.5
222.5
722.5
227.5
722.5
272.5
727.5
272.5
727.5
277.5
722.5
277.5
677.5
277.5
672.5
277.5
672.5
272.5
677.5
272.5
677.5
227.5
677.5
222.5
672.5
222.5
672.5
227.5
627.5
227.5
627.5
222.5
622.5
222.5
622.5
227.5
622.5
272.5
627.5
272.5
627.5
277.5
622.5
277.5
622.5
322.5
622.5
327.5
627.5
327.5
627.5
322.5
672.5
322.5
677.5
322.5
677.5
327.5
672.5
327.5
672.5
372.5
677.5
372.5
677.5
377.5
672.5
377.5
627.5
377.5
627.5
372.5
622.5
372.5
622.5
377.5
577.5
377.5
572.5
377.5
572.5
372.5
577.5
372.5
577.5
327.5
577.5
322.5
572.5
322.5
572.5
327.5
527.5
327.5
527.5
322.5
522.5
322.5
522.5
327.5
522.5
372.5
527.5
372.5
527.5
377.5
522.5
377.5
477.5
377.5
477.5
372.5
472.5
372.5
472.5
377.5
427.5
377.5
422.5
377.5
422.5
372.5
427.5
372.5
427.5
327.5
422.5
327.5
422.5
322.5
427.5
322.5
472.5
322.5
472.5
327.5
477.5
327.5
477.5
322.5
477.5
277.5
477.5
272.5
472.5
272.5
472.5
277.5
427.5
277.5
422.5
277.5
422.5
272.5
427.5
272.5
427.5
227.5
422.5
227.5
422.5
222.5
427.5
222.5
472.5
222.5
472.5
227.5
477.5
227.5
477.5
222.5
522.5
222.5
527.5
222.5
527.5
227.5
522.5
227.5
522.5
272.5
522.5
277.5
527.5
277.5
527.5
272.5
572.5
272.5
572.5
277.5
577.5
277.5
577.5
272.5
577.5
227.5
572.5
227.5
572.5
222.5
577.5
222.5
577.5
177.5
572.5
177.5
572.5
172.5
577.5
172.5
577.5
127.5
577.5
122.5
572.5
122.5
572.5
127.5
527.5
127.5
527.5
122.5
522.5
122.5
522.5
127.5
522.5
172.5
527.5
172.5
527.5
177.5
522.5
177.5
477.5
177.5
477.5
172.5
472.5
172.5
472.5
177.5
427.5
177.5
422.5
177.5
422.5
172.5
427.5
172.5
427.5
127.49999
422.5
127.49999
422.5
122.49999
427.5
122.49999
472.5
122.49999
472.5
127.49999
477.5
127.49999
477.5
122.49999
477.5
77.49999
477.5
72.49999
472.5
72.49999
472.5
77.49999
427.5
77.49999
422.5
77.49999
422.5
72.49999
427.5
72.49999
427.5
27.499989
422.5
27.499985
422.5
22.499985
427.5
22.499989
472.5
22.5
472.5
27.5
477.5
27.5
477.5
22.5
522.5
22.5
527.5
22.5
527.5
27.5
522.5
27.5
522.5
72.5
522.5
77.5
527.5
77.5
527.5
72.5
572.5
72.5
572.5
77.5
577.5
77.5
577.5
72.5
577.5
27.5
572.5
27.5
572.5
22.5
577.5
22.5
622.5
22.5
622.5
27.5
627.5
27.5
627.5
22.5
672.5
22.5
677.5
22.5
677.5
27.5
672.5
27.5
672.5
72.5
677.5
72.5
677.5
77.5
672.5
77.5
627.5
77.5
627.5
72.5
622.5
72.5
622.5
77.5
622.5
122.5
627.5
122.5
627.5
127.5
622.5
127.5
622.5
172.5
622.5
177.5
627.5
177.5
627.5
172.5
672.5
172.5
672.5
177.5
677.5
177.5
677.5
172.5
677.5
127.5
672.5
127.5
672.5
122.5
677.5
122.5
722.5
122.50001
727.5
122.50001
727.5
127.50001
722.5
127.50001
722.5
172.5
722.5
177.5
727.5
177.5
727.5
172.5
772.5
172.5
772.5
177.5
777.5
177.5
777.5
172.5
777.5
127.50001
772.5
127.50001
772.5
122.50001
777.5
122.50001
777.5
77.50001
777.5
72.50001
772.5
72.50001
772.5
77.50001
727.5
77.50001
722.5
77.50001
722.5
72.50001
727.5
72.50001
727.5
27.5
722.5
27.5
722.5
22.5
727.5
22.5
772.5
22.500011
772.5
27.500011
777.5
27.500015
777.5
22.500015
777.5
27.500015
777.5
22.500015
777.5
27.500015
777.5
22.500015
777.5
27.500015
