19.999989
30.000015
19.999985
20.000015
19.999989
30.000015
19.999985
20.000015
19.999989
30.000015
19.999985
20.000015
19.999989
30.000015
29.999992
30.000011
29.999985
20.000008
69.999985
20.0
79.99999
20.0
79.99999
30.0
69.99999
30.0
69.99999
70.0
79.99999
70.0
79.99999
80.00001
69.99999
80.00001
30.0
80.00001
30.0
70.0
20.0
70.00001
20.0
80.00001
20.0
120.00001
30.0
120.00001
30.0
130.0
20.0
130.0
20.0
170.0
20.0
180.0
30.0
180.0
30.0
170.0
70.0
170.0
70.0
180.0
80.0
180.0
80.0
170.0
80.0
130.0
70.0
130.0
70.0
120.00001
80.0
120.00001
119.99999
120.0
130.0
120.0
130.0
130.0
120.0
130.0
120.0
170.0
120.0
180.0
130.0
180.0
130.0
170.0
170.0
170.0
170.0
180.0
180.0
180.0
180.0
170.0
180.0
130.0
170.0
130.0
170.0
120.0
180.0
120.0
180.0
80.0
180.0
70.0
170.0
70.0
170.0
80.0
130.0
80.0
119.99999
80.00001
119.99999
70.0
130.0
70.0
130.0
30.0
119.99999
30.0
119.99999
20.0
130.0
20.0
170.0
20.0
170.0
30.0
180.0
30.0
180.0
20.0
220.0
20.0
230.0
20.0
230.0
30.0
220.0
30.0
220.0
70.0
220.0
80.0
230.0
80.0
230.0
70.0
270.0
70.0
270.0
80.0
280.0
80.0
280.0
70.0
280.0
30.0
270.0
30.0
270.0
20.0
280.0
20.0
320.0
20.0
320.0
30.0
330.0
30.0
330.0
20.0
370.0
19.999989
380.0
19.999985
380.0
29.999985
370.0
29.999992
370.0
69.99999
380.0
69.999985
380.0
79.99999
370.0
79.99999
330.0
79.99999
330.0
69.99999
320.0
69.99999
320.0
79.99999
320.0
119.99999
320.0
130.0
330.0
130.0
330.0
119.99999
370.0
119.99999
380.0
119.99999
380.0
130.0
370.0
130.0
370.0
170.0
380.0
170.0
380.0
180.0
370.0
180.0
330.0
180.0
330.0
170.0
320.0
170.0
320.0
180.0
280.0
180.0
270.0
180.0
270.0
170.0
280.0
170.0
280.0
130.0
280.0
119.99999
270.0
120.0
270.0
130.0
230.0
130.0
230.0
120.0
220.0
120.0
220.0
130.0
220.0
170.0
230.0
170.0
230.0
180.0
220.0
180.0
220.0
220.0
230.0
220.0
230.0
230.0
220.0
230.0
220.0
270.0
220.0
280.0
230.0
280.0
230.0
270.0
270.0
270.0
270.0
280.0
280.0
280.0
280.0
270.0
280.0
230.0
270.0
230.0
270.0
220.0
280.0
220.0
320.0
220.0
320.0
230.0
330.0
230.0
330.0
220.0
370.0
220.0
380.0
220.0
380.0
230.0
370.0
230.0
370.0
270.0
380.0
270.0
380.0
280.0
370.0
280.0
330.0
280.0
330.0
270.0
320.0
270.0
320.0
280.0
320.0
320.0
320.0
330.0
330.0
330.0
330.0
320.0
370.0
320.0
380.0
320.0
380.0
330.0
370.0
330.0
370.0
370.0
380.0
370.0
380.0
380.0
370.0
380.0
330.0
380.0
330.0
370.0
320.0
370.0
320.0
380.0
280.0
380.0
270.0
380.0
270.0
370.0
280.0
370.0
280.0
330.0
280.0
320.0
270.0
320.0
270.0
330.0
230.0
330.0
230.0
320.0
220.0
320.0
220.0
330.0
220.0
370.0
230.0
370.0
230.0
380.0
220.0
380.0
180.0
380.0
180.0
370.0
170.0
370.0
170.0
380.0
130.0
380.0
120.00001
380.0
120.00001
370.0
130.0
370.0
130.0
330.0
120.00001
330.0
120.00001
320.0
130.0
320.0
170.0
320.0
170.0
330.0
180.0
330.0
180.0
320.0
180.0
280.0
170.0
280.0
170.0
270.0
180.0
270.0
180.0
230.0
180.0
220.0
170.0
220.0
170.0
230.0
130.0
230.0
130.0
220.0
120.0
220.0
120.0
230.0
120.0
270.0
130.0
270.0
130.0
280.0
120.0
280.0
80.00001
280.0
70.0
280.0
70.0
270.0
80.0
270.0
80.0
230.0
80.0
220.0
70.0
220.0
70.0
230.0
30.0
230.0
30.0
220.0
20.0
220.0
20.0
230.0
20.0
270.0
30.0
270.0
30.0
280.0
20.0
280.0
20.0
320.0
20.0
330.0
30.0
330.0
30.0
320.0
70.0
320.0
80.00001
320.0
80.00001
330.0
70.0
330.0
70.0
370.0
80.00001
370.0
80.00001
380.0
70.00001
380.0
30.000015
380.0
30.000011
370.0
20.000008
370.0
20.000015
380.0
19.999996
420.0
30.0
420.0
30.0
430.0
20.0
430.0
20.0
470.0
20.0
480.0
30.0
480.0
30.0
470.0
70.0
470.0
70.0
480.0
80.0
480.0
80.0
470.0
80.0
430.0
70.0
430.0
70.0
420.0
80.0
420.0
120.0
420.0
120.0
430.0
130.0
430.0
130.0
420.0
170.0
420.0
180.0
420.0
180.0
430.0
170.0
430.0
170.0
470.0
180.0
470.0
180.0
480.0
170.0
480.0
130.0
480.0
130.0
470.0
120.0
470.0
120.0
480.0
120.0
520.0
120.0
530.0
130.0
530.0
130.0
520.0
170.0
520.0
180.0
520.0
180.0
530.0
170.0
530.0
170.0
570.0
180.0
570.0
180.0
580.0
170.0
580.0
130.0
580.0
130.0
570.0
120.0
570.0
120.0
580.0
80.0
580.0
70.0
580.0
70.0
570.0
80.0
570.0
80.0
530.0
80.0
520.0
70.0
520.0
70.0
530.0
30.0
530.0
30.0
520.0
20.0
520.0
20.0
530.0
20.0
570.0
30.000004
570.0
30.000004
580.0
20.000002
580.0
19.999998
620.0
19.999998
630.0
30.0
630.0
30.0
620.0
70.0
620.0
80.0
620.0
80.0
630.0
70.0
630.0
70.0
670.0
80.0
670.0
80.0
680.0
70.0
680.0
30.000002
680.0
30.000002
670.0
20.0
670.0
20.0
680.0
19.999998
720.0
30.0
720.0
30.0
730.0
20.0
730.0
20.0
770.0
20.0
780.0
30.0
780.0
30.0
770.0
70.0
770.0
70.0
780.0
80.0
780.0
80.0
770.0
80.0
730.0
70.0
730.0
70.0
720.0
80.0
720.0
120.0
720.0
130.0
720.0
130.0
730.0
120.0
730.0
120.0
770.0
120.0
780.0
130.0
780.0
130.0
770.0
170.0
770.0
170.0
780.0
180.0
780.0
180.0
770.0
180.0
730.0
170.0
730.0
170.0
720.0
180.0
720.0
180.0
680.0
180.0
670.0
170.0
670.0
170.0
680.0
130.0
680.0
120.0
680.0
120.0
670.0
130.0
670.0
130.0
630.0
120.0
630.0
120.0
620.0
130.0
620.0
170.0
620.0
170.0
630.0
180.0
630.0
180.0
620.0
220.0
620.0
220.0
630.0
230.0
630.0
230.0
620.0
270.0
620.0
280.0
620.0
280.0
630.0
270.0
630.0
270.0
670.0
280.0
670.0
280.0
680.0
270.0
680.0
230.0
680.0
230.0
670.0
220.0
670.0
220.0
680.0
220.0
720.0
230.0
720.0
230.0
730.0
220.0
730.0
220.0
770.0
220.0
780.0
230.0
780.0
230.0
770.0
270.0
770.0
270.0
780.0
280.0
780.0
280.0
770.0
280.0
730.0
270.0
730.0
270.0
720.0
280.0
720.0
320.0
720.0
330.0
720.0
330.0
730.0
320.0
730.0
320.0
770.0
320.0
780.0
330.0
780.0
330.0
770.0
370.0
770.0
370.0
780.0
380.0
780.0
380.0
770.0
380.0
730.0
370.0
730.0
370.0
720.0
380.0
720.0
380.0
680.0
380.0
670.0
370.0
670.0
370.0
680.0
330.0
680.0
320.0
680.0
320.0
670.0
330.0
670.0
330.0
630.0
320.0
630.0
320.0
620.0
330.0
620.0
370.0
620.0
370.0
630.0
380.0
630.0
380.0
620.0
380.0
580.0
370.0
580.0
370.0
570.0
380.0
570.0
380.0
530.0
380.0
520.0
370.0
520.0
370.0
530.0
330.0
530.0
330.0
520.0
320.0
520.0
320.0
530.0
320.0
570.0
330.0
570.0
330.0
580.0
320.0
580.0
280.0
580.0
280.0
570.0
270.0
570.0
270.0
580.0
230.0
580.0
220.0
580.0
220.0
570.0
230.0
570.0
230.0
530.0
220.0
530.0
220.0
520.0
230.0
520.0
270.0
520.0
270.0
530.0
280.0
530.0
280.0
520.0
280.0
480.0
280.0
470.0
270.0
470.0
270.0
480.0
230.0
480.0
220.0
480.0
220.0
470.0
230.0
470.0
230.0
430.0
220.0
430.0
220.0
420.0
230.0
420.0
270.0
420.0
270.0
430.0
280.0
430.0
280.0
420.0
320.0
420.0
330.0
420.0
330.0
430.0
320.0
430.0
320.0
470.0
320.0
480.0
330.0
480.0
330.0
470.0
370.0
470.0
370.0
480.0
380.0
480.0
380.0
470.0
380.0
430.0
370.0
430.0
370.0
420.0
380.0
420.0
420.0
420.0
430.0
420.0
430.0
430.0
420.0
430.0
420.0
470.0
420.0
480.0
430.0
480.0
430.0
470.0
470.0
470.0
470.0
480.0
480.0
480.0
480.0
470.0
480.0
430.0
470.0
430.0
470.0
420.0
480.0
420.0
520.0
420.0
520.0
430.0
530.0
430.0
530.0
420.0
570.0
420.0
580.0
420.0
580.0
430.0
570.0
430.0
570.0
470.0
580.0
470.0
580.0
480.0
570.0
480.0
530.0
480.0
530.0
470.0
520.0
470.0
520.0
480.0
520.0
520.0
520.0
530.0
530.0
530.0
530.0
520.0
570.0
520.0
580.0
520.0
580.0
530.0
570.0
530.0
570.0
570.0
580.0
570.0
580.0
580.0
570.0
580.0
530.0
580.0
530.0
570.0
520.0
570.0
520.0
580.0
480.0
580.0
470.0
580.0
470.0
570.0
480.0
570.0
480.0
530.0
480.0
520.0
470.0
520.0
470.0
530.0
430.0
530.0
430.0
520.0
420.0
520.0
420.0
530.0
420.0
570.0
430.0
570.0
430.0
580.0
420.0
580.0
420.0
620.0
420.0
630.0
430.0
630.0
430.0
620.0
470.0
620.0
480.0
620.0
480.0
630.0
470.0
630.0
470.0
670.0
480.0
670.0
480.0
680.0
470.0
680.0
430.0
680.0
430.0
670.0
420.0
670.0
420.0
680.0
420.0
720.0
430.0
720.0
430.0
730.0
420.0
730.0
420.0
770.0
420.0
780.0
430.0
780.0
430.0
770.0
470.0
770.0
470.0
780.0
480.0
780.0
480.0
770.0
480.0
730.0
470.0
730.0
470.0
720.0
480.0
720.0
520.0
720.0
530.0
720.0
530.0
730.0
520.0
730.0
520.0
770.0
520.0
780.0
530.0
780.0
530.0
770.0
570.0
770.0
570.0
780.0
580.0
780.0
580.0
770.0
580.0
730.0
570.0
730.0
570.0
720.0
580.0
720.0
580.0
680.0
580.0
670.0
570.0
670.0
570.0
680.0
530.0
680.0
520.0
680.0
520.0
670.0
530.0
670.0
530.0
630.0
520.0
630.0
520.0
620.0
530.0
620.0
570.0
620.0
570.0
630.0
580.0
630.0
580.0
620.0
620.0
620.0
620.0
630.0
630.0
630.0
630.0
620.0
670.0
620.0
680.0
620.0
680.0
630.0
670.0
630.0
670.0
670.0
680.0
670.0
680.0
680.0
670.0
680.0
630.0
680.0
630.0
670.0
620.0
670.0
620.0
680.0
620.0
720.0
630.0
720.0
630.0
730.0
620.0
730.0
620.0
770.0
620.0
780.0
630.0
780.0
630.0
770.0
670.0
770.0
670.0
780.0
680.0
780.0
680.0
770.0
680.0
730.0
670.0
730.0
670.0
720.0
680.0
720.0
720.0
720.0
730.0
720.0
730.0
730.0
720.0
730.0
720.0
770.0
720.0
780.0
730.0
780.0
730.0
770.0
770.0
770.0
770.0
780.0
780.0
780.0
780.0
770.0
780.0
730.0
770.0
730.0
770.0
720.0
780.0
720.0
780.0
680.0
780.0
670.0
770.0
670.0
770.0
680.0
730.0
680.0
720.0
680.0
720.0
670.0
730.0
670.0
730.0
630.0
720.0
630.0
720.0
620.0
730.0
620.0
770.0
620.0
770.0
630.0
780.0
630.0
780.0
620.0
780.0
580.0
770.0
580.0
770.0
570.0
780.0
570.0
780.0
530.0
780.0
520.0
770.0
520.0
770.0
530.0
730.0
530.0
730.0
520.0
720.0
520.0
720.0
530.0
720.0
570.0
730.0
570.0
730.0
580.0
720.0
580.0
680.0
580.0
680.0
570.0
670.0
570.0
670.0
580.0
630.0
580.0
620.0
580.0
620.0
570.0
630.0
570.0
630.0
530.0
620.0
530.0
620.0
520.0
630.0
520.0
670.0
520.0
670.0
530.0
680.0
530.0
680.0
520.0
680.0
480.0
680.0
470.0
670.0
470.0
670.0
480.0
630.0
480.0
620.0
480.0
620.0
470.0
630.0
470.0
630.0
430.0
620.0
430.0
620.0
420.0
630.0
420.0
670.0
420.0
670.0
430.0
680.0
430.0
680.0
420.0
720.0
420.0
730.0
420.0
730.0
430.0
720.0
430.0
720.0
470.0
720.0
480.0
730.0
480.0
730.0
470.0
770.0
470.0
770.0
480.0
780.0
480.0
780.0
470.0
780.0
430.0
770.0
430.0
770.0
420.0
780.0
420.0
780.0
380.0
780.0
370.0
770.0
370.0
770.0
380.0
730.0
380.0
720.0
380.0
720.0
370.0
730.0
370.0
730.0
330.0
720.0
330.0
720.0
320.0
730.0
320.0
770.0
320.0
770.0
330.0
780.0
330.0
780.0
320.0
780.0
280.0
770.0
280.0
770.0
270.0
780.0
270.0
780.0
230.0
780.0
220.0
770.0
220.0
770.0
230.0
730.0
230.0
730.0
220.0
720.0
220.0
720.0
230.0
720.0
270.0
730.0
270.0
730.0
280.0
720.0
280.0
680.0
280.0
670.0
280.0
670.0
270.0
680.0
270.0
680.0
230.0
680.0
220.0
670.0
220.0
670.0
230.0
630.0
230.0
630.0
220.0
620.0
220.0
620.0
230.0
620.0
270.0
630.0
270.0
630.0
280.0
620.0
280.0
620.0
320.0
620.0
330.0
630.0
330.0
630.0
320.0
670.0
320.0
680.0
320.0
680.0
330.0
670.0
330.0
670.0
370.0
680.0
370.0
680.0
380.0
670.0
380.0
630.0
380.0
630.0
370.0
620.0
370.0
620.0
380.0
580.0
380.0
570.0
380.0
570.0
370.0
580.0
370.0
580.0
330.0
580.0
320.0
570.0
320.0
570.0
330.0
530.0
330.0
530.0
320.0
520.0
320.0
520.0
330.0
520.0
370.0
530.0
370.0
530.0
380.0
520.0
380.0
480.0
380.0
480.0
370.0
470.0
370.0
470.0
380.0
430.0
380.0
420.0
380.0
420.0
370.0
430.0
370.0
430.0
330.0
420.0
330.0
420.0
320.0
430.0
320.0
470.0
320.0
470.0
330.0
480.0
330.0
480.0
320.0
480.0
280.0
480.0
270.0
470.0
270.0
470.0
280.0
430.0
280.0
420.0
280.0
420.0
270.0
430.0
270.0
430.0
230.0
420.0
230.0
420.0
220.0
430.0
220.0
470.0
220.0
470.0
230.0
480.0
230.0
480.0
220.0
520.0
220.0
530.0
220.0
530.0
230.0
520.0
230.0
520.0
270.0
520.0
280.0
530.0
280.0
530.0
270.0
570.0
270.0
570.0
280.0
580.0
280.0
580.0
270.0
580.0
230.0
570.0
230.0
570.0
220.0
580.0
220.0
580.0
180.0
570.0
180.0
570.0
170.0
580.0
170.0
580.0
130.0
580.0
120.0
570.0
120.0
570.0
130.0
530.0
130.0
530.0
120.0
520.0
119.99999
520.0
130.0
520.0
170.0
530.0
170.0
530.0
180.0
520.0
180.0
480.0
180.0
480.0
170.0
470.0
170.0
470.0
180.0
430.0
180.0
420.0
180.0
420.0
170.0
430.0
170.0
430.0
130.0
420.0
130.0
420.0
119.99999
430.0
119.99999
470.0
119.99999
470.0
130.0
480.0
130.0
480.0
119.99999
480.0
79.99999
480.0
69.99999
470.0
69.99999
470.0
79.99999
430.0
79.99999
420.0
79.99999
420.0
69.999985
430.0
69.99999
430.0
29.999992
420.0
29.999985
420.0
19.999985
430.0
19.999989
470.0
20.0
470.0
30.0
480.0
30.0
480.0
20.0
520.0
20.0
530.0
20.0
530.0
30.0
520.0
30.0
520.0
70.0
520.0
80.0
530.0
80.0
530.0
70.0
570.0
70.0
570.0
80.0
580.0
80.0
580.0
70.0
580.0
30.0
570.0
30.0
570.0
20.0
580.0
20.0
620.0
20.0
620.0
30.0
630.0
30.0
630.0
20.0
670.0
20.0
680.0
20.0
680.0
30.0
670.0
30.0
670.0
70.0
680.0
70.0
680.0
80.00001
670.0
80.0
630.0
80.0
630.0
70.0
620.0
70.0
620.0
80.0
620.0
120.0
630.0
120.0
630.0
130.0
620.0
130.0
620.0
170.0
620.0
180.0
630.0
180.0
630.0
170.0
670.0
170.0
670.0
180.0
680.0
180.0
680.0
170.0
680.0
130.0
670.0
130.0
670.0
120.0
680.0
120.0
720.0
120.00001
730.0
120.00001
730.0
130.0
720.0
130.0
720.0
170.0
720.0
180.0
730.0
180.0
730.0
170.0
770.0
170.0
770.0
180.0
780.0
180.0
780.0
170.0
780.0
130.0
770.0
130.0
770.0
120.00001
780.0
120.00001
780.0
80.00001
780.0
70.00001
770.0
70.0
770.0
80.00001
730.0
80.00001
720.0
80.00001
720.0
70.0
730.0
70.0
730.0
30.0
720.0
30.0
720.0
20.0
730.0
20.0
770.0
20.000008
770.0
30.000011
780.0
30.000015
780.0
20.000015
780.0
30.000015
780.0
20.000015
780.0
30.000015
780.0
20.000015
780.0
30.000015
