17.499992
27.500015
17.499985
17.500015
17.499992
27.500015
17.499985
17.500015
17.499992
27.500015
17.499985
17.500015
17.499996
32.500015
32.499992
32.500004
32.499985
17.500008
67.49999
17.5
82.49999
17.5
82.49999
32.5
67.5
32.5
67.5
67.50001
82.49999
67.50001
82.49999
82.50001
67.5
82.50001
32.5
82.50001
32.5
67.50001
17.5
67.500015
17.5
82.50001
17.5
117.50001
32.5
117.50001
32.5
132.5
17.5
132.5
17.5
167.5
17.5
182.50002
32.5
182.5
32.5
167.5
67.5
167.5
67.5
182.5
82.5
182.5
82.5
167.5
82.5
132.5
67.5
132.5
67.5
117.50001
82.49999
117.50001
117.5
117.50001
132.5
117.5
132.5
132.5
117.5
132.5
117.5
167.5
117.5
182.5
132.5
182.5
132.5
167.5
167.5
167.5
167.5
182.5
182.5
182.5
182.5
167.5
182.5
132.5
167.5
132.5
167.5
117.5
182.5
117.5
182.5
82.5
182.5
67.5
167.5
67.5
167.5
82.5
132.5
82.5
117.49999
82.5
117.49999
67.5
132.5
67.5
132.5
32.5
117.49999
32.5
117.49999
17.5
132.5
17.5
167.5
17.5
167.5
32.5
182.5
32.5
182.49998
17.5
217.49998
17.5
232.5
17.5
232.5
32.5
217.5
32.5
217.5
67.5
217.5
82.5
232.5
82.5
232.5
67.5
267.5
67.5
267.5
82.5
282.5
82.49999
282.5
67.5
282.5
32.5
267.5
32.5
267.5
17.5
282.5
17.5
317.5
17.5
317.5
32.5
332.5
32.5
332.5
17.5
367.5
17.499996
382.5
17.499985
382.5
32.499985
367.5
32.499992
367.5
67.5
382.5
67.49999
382.5
82.49999
367.5
82.49999
332.5
82.49999
332.5
67.5
317.5
67.5
317.5
82.49999
317.5
117.49999
317.5
132.5
332.5
132.5
332.5
117.49999
367.5
117.49999
382.5
117.49999
382.5
132.5
367.5
132.5
367.5
167.5
382.5
167.5
382.5
182.49998
367.5
182.5
332.5
182.5
332.5
167.5
317.5
167.5
317.5
182.5
282.5
182.5
267.5
182.5
267.5
167.5
282.5
167.5
282.5
132.5
282.5
117.5
267.5
117.5
267.5
132.5
232.5
132.5
232.5
117.5
217.5
117.5
217.5
132.5
217.5
167.5
232.5
167.5
232.5
182.5
217.5
182.5
217.5
217.5
232.5
217.5
232.5
232.5
217.5
232.5
217.5
267.5
217.5
282.5
232.5
282.5
232.5
267.5
267.5
267.5
267.5
282.5
282.5
282.5
282.5
267.5
282.5
232.5
267.5
232.5
267.5
217.5
282.5
217.5
317.5
217.5
317.5
232.5
332.5
232.5
332.5
217.5
367.5
217.5
382.5
217.49998
382.5
232.5
367.5
232.5
367.5
267.5
382.5
267.5
382.5
282.5
367.5
282.5
332.5
282.5
332.5
267.5
317.5
267.5
317.5
282.5
317.5
317.5
317.5
332.5
332.5
332.5
332.5
317.5
367.5
317.5
382.5
317.5
382.5
332.5
367.5
332.5
367.5
367.5
382.5
367.5
382.5
382.5
367.5
382.5
332.5
382.5
332.5
367.5
317.5
367.5
317.5
382.5
282.5
382.5
267.5
382.5
267.5
367.5
282.5
367.5
282.5
332.5
282.5
317.5
267.5
317.5
267.5
332.5
232.5
332.5
232.5
317.5
217.5
317.5
217.5
332.5
217.5
367.5
232.5
367.5
232.5
382.5
217.50002
382.5
182.50002
382.5
182.5
367.5
167.5
367.5
167.5
382.5
132.5
382.5
117.50001
382.5
117.50001
367.5
132.5
367.5
132.5
332.5
117.50001
332.5
117.50001
317.5
132.5
317.5
167.5
317.5
167.5
332.5
182.5
332.5
182.5
317.5
182.5
282.5
167.5
282.5
167.5
267.5
182.5
267.5
182.5
232.5
182.5
217.5
167.5
217.5
167.5
232.5
132.5
232.5
132.5
217.5
117.5
217.5
117.5
232.5
117.5
267.5
132.5
267.5
132.5
282.5
117.50001
282.5
82.5
282.5
67.5
282.5
67.5
267.5
82.5
267.5
82.5
232.5
82.5
217.5
67.5
217.5
67.5
232.5
32.5
232.5
32.5
217.5
17.5
217.50002
17.5
232.5
17.5
267.5
32.5
267.5
32.5
282.5
17.5
282.5
17.5
317.5
17.5
332.5
32.5
332.5
32.5
317.5
67.50001
317.5
82.50001
317.5
82.50001
332.5
67.50001
332.5
67.50001
367.5
82.50001
367.5
82.50001
382.5
67.500015
382.5
32.500015
382.5
32.500004
367.5
17.500008
367.5
17.500015
382.5
17.499996
417.5
32.499996
417.5
32.499996
432.5
17.5
432.5
17.5
467.5
17.5
482.5
32.5
482.5
32.5
467.5
67.5
467.5
67.5
482.5
82.5
482.5
82.5
467.5
82.5
432.5
67.5
432.5
67.5
417.5
82.5
417.5
117.5
417.5
117.5
432.5
132.5
432.5
132.5
417.5
167.5
417.5
182.5
417.5
182.5
432.5
167.5
432.5
167.5
467.5
182.5
467.5
182.5
482.5
167.5
482.5
132.5
482.5
132.5
467.5
117.5
467.5
117.5
482.5
117.5
517.5
117.5
532.5
132.5
532.5
132.5
517.5
167.5
517.5
182.5
517.5
182.5
532.5
167.5
532.5
167.5
567.5
182.5
567.5
182.5
582.5
167.5
582.5
132.5
582.5
132.5
567.5
117.5
567.5
117.5
582.5
82.5
582.5
67.5
582.5
67.5
567.5
82.5
567.5
82.5
532.5
82.5
517.5
67.5
517.5
67.5
532.5
32.5
532.5
32.5
517.5
17.5
517.5
17.5
532.5
17.5
567.5
32.5
567.5
32.5
582.5
17.500006
582.5
17.5
617.5
17.5
632.5
32.5
632.5
32.5
617.5
67.5
617.5
82.5
617.5
82.5
632.5
67.5
632.5
67.5
667.5
82.5
667.5
82.5
682.5
67.5
682.5
32.5
682.5
32.5
667.5
17.500002
667.5
17.500002
682.5
17.5
717.5
32.5
717.5
32.5
732.5
17.500002
732.5
17.5
767.5
17.5
782.5
32.5
782.5
32.5
767.5
67.5
767.5
67.5
782.5
82.5
782.5
82.5
767.5
82.5
732.5
67.5
732.5
67.5
717.5
82.5
717.5
117.5
717.5
132.5
717.5
132.5
732.5
117.5
732.5
117.5
767.5
117.5
782.5
132.5
782.5
132.5
767.5
167.5
767.5
167.5
782.5
182.5
782.5
182.5
767.5
182.5
732.5
167.5
732.5
167.5
717.5
182.5
717.5
182.5
682.5
182.5
667.5
167.5
667.5
167.5
682.5
132.5
682.5
117.5
682.5
117.5
667.5
132.5
667.5
132.5
632.5
117.5
632.5
117.5
617.5
132.5
617.5
167.5
617.5
167.5
632.5
182.5
632.5
182.5
617.5
217.5
617.5
217.5
632.5
232.5
632.5
232.5
617.5
267.5
617.5
282.5
617.5
282.5
632.5
267.5
632.5
267.5
667.5
282.5
667.5
282.5
682.5
267.5
682.5
232.5
682.5
232.5
667.5
217.5
667.5
217.5
682.5
217.5
717.5
232.5
717.5
232.5
732.5
217.5
732.5
217.5
767.5
217.5
782.5
232.5
782.5
232.5
767.5
267.5
767.5
267.5
782.5
282.5
782.5
282.5
767.5
282.5
732.5
267.5
732.5
267.5
717.5
282.5
717.5
317.5
717.5
332.5
717.5
332.5
732.5
317.5
732.5
317.5
767.5
317.5
782.5
332.5
782.5
332.5
767.5
367.5
767.5
367.5
782.5
382.5
782.5
382.5
767.5
382.5
732.5
367.5
732.5
367.5
717.5
382.5
717.5
382.5
682.5
382.5
667.5
367.5
667.5
367.5
682.5
332.5
682.5
317.5
682.5
317.5
667.5
332.5
667.5
332.5
632.5
317.5
632.5
317.5
617.5
332.5
617.5
367.5
617.5
367.5
632.5
382.5
632.5
382.5
617.5
382.5
582.5
367.5
582.5
367.5
567.5
382.5
567.5
382.5
532.5
382.5
517.5
367.5
517.5
367.5
532.5
332.5
532.5
332.5
517.5
317.5
517.5
317.5
532.5
317.5
567.5
332.5
567.5
332.5
582.5
317.5
582.5
282.5
582.5
282.5
567.5
267.5
567.5
267.5
582.5
232.5
582.5
217.5
582.5
217.5
567.5
232.5
567.5
232.5
532.5
217.5
532.5
217.5
517.5
232.5
517.5
267.5
517.5
267.5
532.5
282.5
532.5
282.5
517.5
282.5
482.5
282.5
467.5
267.5
467.5
267.5
482.5
232.5
482.5
217.5
482.5
217.5
467.5
232.5
467.5
232.5
432.5
217.5
432.5
217.5
417.5
232.5
417.5
267.5
417.5
267.5
432.5
282.5
432.5
282.5
417.5
317.5
417.5
332.5
417.5
332.5
432.5
317.5
432.5
317.5
467.5
317.5
482.5
332.5
482.5
332.5
467.5
367.5
467.5
367.5
482.5
382.5
482.5
382.5
467.5
382.5
432.5
367.5
432.5
367.5
417.5
382.5
417.5
417.5
417.5
432.5
417.5
432.5
432.5
417.5
432.5
417.5
467.5
417.5
482.5
432.5
482.5
432.5
467.5
467.5
467.5
467.5
482.5
482.5
482.5
482.5
467.5
482.5
432.5
467.5
432.5
467.5
417.5
482.5
417.5
517.5
417.5
517.5
432.5
532.5
432.5
532.5
417.5
567.5
417.5
582.5
417.5
582.5
432.5
567.5
432.5
567.5
467.5
582.5
467.5
582.5
482.5
567.5
482.5
532.5
482.5
532.5
467.5
517.5
467.5
517.5
482.5
517.5
517.5
517.5
532.5
532.5
532.5
532.5
517.5
567.5
517.5
582.5
517.5
582.5
532.5
567.5
532.5
567.5
567.5
582.5
567.5
582.5
582.5
567.5
582.5
532.5
582.5
532.5
567.5
517.5
567.5
517.5
582.5
482.5
582.5
467.5
582.5
467.5
567.5
482.5
567.5
482.5
532.5
482.5
517.5
467.5
517.5
467.5
532.5
432.5
532.5
432.5
517.5
417.5
517.5
417.5
532.5
417.5
567.5
432.5
567.5
432.5
582.5
417.5
582.5
417.5
617.5
417.5
632.5
432.5
632.5
432.5
617.5
467.5
617.5
482.5
617.5
482.5
632.5
467.5
632.5
467.5
667.5
482.5
667.5
482.5
682.5
467.5
682.5
432.5
682.5
432.5
667.5
417.5
667.5
417.5
682.5
417.5
717.5
432.5
717.5
432.5
732.5
417.5
732.5
417.5
767.5
417.5
782.5
432.5
782.5
432.5
767.5
467.5
767.5
467.5
782.5
482.5
782.5
482.5
767.5
482.5
732.5
467.5
732.5
467.5
717.5
482.5
717.5
517.5
717.5
532.5
717.5
532.5
732.5
517.5
732.5
517.5
767.5
517.5
782.5
532.5
782.5
532.5
767.5
567.5
767.5
567.5
782.5
582.5
782.5
582.5
767.5
582.5
732.5
567.5
732.5
567.5
717.5
582.5
717.5
582.5
682.5
582.5
667.5
567.5
667.5
567.5
682.5
532.5
682.5
517.5
682.5
517.5
667.5
532.5
667.5
532.5
632.5
517.5
632.5
517.5
617.5
532.5
617.5
567.5
617.5
567.5
632.5
582.5
632.5
582.5
617.5
617.5
617.5
617.5
632.5
632.5
632.5
632.5
617.5
667.5
617.5
682.5
617.5
682.5
632.5
667.5
632.5
667.5
667.5
682.5
667.5
682.5
682.5
667.5
682.5
632.5
682.5
632.5
667.5
617.5
667.5
617.5
682.5
617.5
717.5
632.5
717.5
632.5
732.5
617.5
732.5
617.5
767.5
617.5
782.5
632.5
782.5
632.5
767.5
667.5
767.5
667.5
782.5
682.5
782.5
682.5
767.5
682.5
732.5
667.5
732.5
667.5
717.5
682.5
717.5
717.5
717.5
732.5
717.5
732.5
732.5
717.5
732.5
717.5
767.5
717.5
782.5
732.5
782.5
732.5
767.5
767.5
767.5
767.5
782.5
782.5
782.5
782.5
767.5
782.5
732.5
767.5
732.5
767.5
717.5
782.5
717.5
782.5
682.5
782.5
667.5
767.5
667.5
767.5
682.5
732.5
682.5
717.5
682.5
717.5
667.5
732.5
667.5
732.5
632.5
717.5
632.5
717.5
617.5
732.5
617.5
767.5
617.5
767.5
632.5
782.5
632.5
782.5
617.5
782.5
582.5
767.5
582.5
767.5
567.5
782.5
567.5
782.5
532.5
782.5
517.5
767.5
517.5
767.5
532.5
732.5
532.5
732.5
517.5
717.5
517.5
717.5
532.5
717.5
567.5
732.5
567.5
732.5
582.5
717.5
582.5
682.5
582.5
682.5
567.5
667.5
567.5
667.5
582.5
632.5
582.5
617.5
582.5
617.5
567.5
632.5
567.5
632.5
532.5
617.5
532.5
617.5
517.5
632.5
517.5
667.5
517.5
667.5
532.5
682.5
532.5
682.5
517.5
682.5
482.5
682.5
467.5
667.5
467.5
667.5
482.5
632.5
482.5
617.5
482.5
617.5
467.5
632.5
467.5
632.5
432.5
617.5
432.5
617.5
417.5
632.5
417.5
667.5
417.5
667.5
432.5
682.5
432.5
682.5
417.5
717.5
417.5
732.5
417.5
732.5
432.5
717.5
432.5
717.5
467.5
717.5
482.5
732.5
482.5
732.5
467.5
767.5
467.5
767.5
482.5
782.5
482.5
782.5
467.5
782.5
432.5
767.5
432.5
767.5
417.5
782.5
417.5
782.5
382.5
782.5
367.5
767.5
367.5
767.5
382.5
732.5
382.5
717.5
382.5
717.5
367.5
732.5
367.5
732.5
332.5
717.5
332.5
717.5
317.5
732.5
317.5
767.5
317.5
767.5
332.5
782.5
332.5
782.5
317.5
782.5
282.5
767.5
282.5
767.5
267.5
782.5
267.5
782.5
232.5
782.5
217.50002
767.5
217.5
767.5
232.5
732.5
232.5
732.5
217.5
717.5
217.5
717.5
232.5
717.5
267.5
732.5
267.5
732.5
282.5
717.5
282.5
682.5
282.5
667.5
282.5
667.5
267.5
682.5
267.5
682.5
232.5
682.5
217.5
667.5
217.5
667.5
232.5
632.5
232.5
632.5
217.5
617.5
217.5
617.5
232.5
617.5
267.5
632.5
267.5
632.5
282.5
617.5
282.5
617.5
317.5
617.5
332.5
632.5
332.5
632.5
317.5
667.5
317.5
682.5
317.5
682.5
332.5
667.5
332.5
667.5
367.5
682.5
367.5
682.5
382.5
667.5
382.5
632.5
382.5
632.5
367.5
617.5
367.5
617.5
382.5
582.5
382.5
567.5
382.5
567.5
367.5
582.5
367.5
582.5
332.5
582.5
317.5
567.5
317.5
567.5
332.5
532.5
332.5
532.5
317.5
517.5
317.5
517.5
332.5
517.5
367.5
532.5
367.5
532.5
382.5
517.5
382.5
482.5
382.5
482.5
367.5
467.5
367.5
467.5
382.5
432.5
382.5
417.5
382.5
417.5
367.5
432.5
367.5
432.5
332.5
417.5
332.5
417.5
317.5
432.5
317.5
467.5
317.5
467.5
332.5
482.5
332.5
482.5
317.5
482.5
282.5
482.5
267.5
467.5
267.5
467.5
282.5
432.5
282.5
417.5
282.5
417.5
267.5
432.5
267.5
432.5
232.5
417.5
232.5
417.5
217.49998
432.5
217.5
467.5
217.5
467.5
232.5
482.5
232.5
482.5
217.5
517.5
217.5
532.5
217.5
532.5
232.5
517.5
232.5
517.5
267.5
517.5
282.5
532.5
282.5
532.5
267.5
567.5
267.5
567.5
282.5
582.5
282.5
582.5
267.5
582.5
232.5
567.5
232.5
567.5
217.5
582.5
217.5
582.5
182.5
567.5
182.5
567.5
167.5
582.5
167.5
582.5
132.5
582.5
117.5
567.5
117.5
567.5
132.5
532.5
132.5
532.5
117.5
517.5
117.5
517.5
132.5
517.5
167.5
532.5
167.5
532.5
182.5
517.5
182.5
482.5
182.5
482.5
167.5
467.5
167.5
467.5
182.5
432.5
182.5
417.5
182.49998
417.5
167.5
432.5
167.5
432.5
132.5
417.5
132.5
417.5
117.49999
432.5
117.49999
467.5
117.49999
467.5
132.5
482.5
132.5
482.5
117.49999
482.5
82.49999
482.5
67.5
467.5
67.5
467.5
82.49999
432.5
82.49999
417.5
82.49999
417.5
67.49999
432.5
67.5
432.5
32.499992
417.5
32.499985
417.5
17.499985
432.5
17.499996
467.5
17.5
467.5
32.5
482.5
32.5
482.5
17.5
517.5
17.5
532.5
17.5
532.5
32.5
517.5
32.5
517.5
67.5
517.5
82.49999
532.5
82.5
532.5
67.5
567.5
67.5
567.5
82.5
582.5
82.5
582.5
67.5
582.5
32.5
567.5
32.5
567.5
17.5
582.5
17.5
617.5
17.5
617.5
32.5
632.5
32.5
632.5
17.5
667.5
17.5
682.5
17.5
682.5
32.5
667.5
32.5
667.5
67.5
682.5
67.5
682.5
82.5
667.5
82.5
632.5
82.5
632.5
67.5
617.5
67.5
617.5
82.5
617.5
117.5
632.5
117.5
632.5
132.5
617.5
132.5
617.5
167.5
617.5
182.5
632.5
182.5
632.5
167.5
667.5
167.5
667.5
182.5
682.5
182.5
682.5
167.5
682.5
132.5
667.5
132.5
667.5
117.5
682.5
117.50001
717.5
117.50001
732.5
117.50001
732.5
132.5
717.5
132.5
717.5
167.5
717.5
182.5
732.5
182.5
732.5
167.5
767.5
167.5
767.5
182.5
782.5
182.50002
782.5
167.5
782.5
132.5
767.5
132.5
767.5
117.50001
782.5
117.50001
782.5
82.50001
782.5
67.500015
767.5
67.50001
767.5
82.50001
732.5
82.50001
717.5
82.50001
717.5
67.50001
732.5
67.50001
732.5
32.5
717.5
32.5
717.5
17.5
732.5
17.5
767.5
17.500008
767.5
32.500004
782.5
32.500015
782.5
17.500015
782.5
27.500015
782.5
17.500015
782.5
27.500015
782.5
17.500015
782.5
27.500015
