14.999991
25.000015
14.999985
15.000015
14.999991
25.000015
14.999985
15.000015
14.999991
25.000015
14.999985
15.000015
14.999998
35.000015
34.999996
35.000004
34.999985
15.000004
64.999985
15.0
84.99999
15.0
84.99999
35.0
65.0
35.0
65.0
65.0
84.99999
65.0
84.99999
85.00001
65.0
85.00001
35.0
85.00001
35.0
65.0
15.0
65.000015
15.0
85.00001
15.0
115.00001
35.0
115.00001
35.0
135.0
15.0
135.0
15.0
165.0
15.0
185.00002
35.0
185.0
35.0
165.0
65.0
165.0
65.0
185.0
85.0
185.0
85.0
165.0
85.0
135.0
65.0
135.0
65.0
115.00001
84.99999
115.00001
114.99999
115.00001
135.0
115.0
135.0
135.0
115.0
135.0
115.0
165.0
115.0
185.0
135.0
185.0
135.0
165.0
165.0
165.0
165.0
185.0
185.0
185.0
185.0
165.0
185.0
135.0
165.0
135.0
165.0
115.0
185.0
115.0
185.0
85.0
185.0
65.0
165.0
65.0
165.0
85.0
135.0
85.0
114.99999
85.00001
114.99999
65.0
135.0
65.0
135.0
35.0
114.99999
35.0
114.99999
15.0
135.0
15.0
165.0
15.0
165.0
35.0
185.0
35.0
184.99998
15.0
214.99998
15.0
235.0
15.0
235.0
35.0
215.0
35.0
215.0
65.0
215.0
85.0
235.0
85.0
235.0
65.0
265.0
65.0
265.0
85.0
285.0
84.99999
285.0
65.0
285.0
35.0
265.0
35.0
265.0
15.0
285.0
15.0
315.0
15.0
315.0
35.0
335.0
35.0
335.0
15.0
365.0
14.999998
385.0
14.999985
385.0
34.999985
365.0
34.999996
365.0
65.0
385.0
64.999985
385.0
84.99999
365.0
84.99999
335.0
84.99999
335.0
65.0
315.0
65.0
315.0
84.99999
315.0
114.99999
315.0
135.0
335.0
135.0
335.0
114.99999
365.0
114.99999
385.0
114.99999
385.0
135.0
365.0
135.0
365.0
165.0
385.0
165.0
385.0
184.99998
365.0
185.0
335.0
185.0
335.0
165.0
315.0
165.0
315.0
185.0
285.0
185.0
265.0
185.0
265.0
165.0
285.0
165.0
285.0
135.0
285.0
114.99999
265.0
115.0
265.0
135.0
235.0
135.0
235.0
115.0
215.0
115.0
215.0
135.0
215.0
165.0
235.0
165.0
235.0
185.0
215.0
185.0
215.0
215.0
235.0
215.0
235.0
235.0
215.0
235.0
215.0
265.0
215.0
285.0
235.0
285.0
235.0
265.0
265.0
265.0
265.0
285.0
285.0
285.0
285.0
265.0
285.0
235.0
265.0
235.0
265.0
215.0
285.0
215.0
315.0
215.0
315.0
235.0
335.0
235.0
335.0
215.0
365.0
215.0
385.0
214.99998
385.0
235.0
365.0
235.0
365.0
265.0
385.0
265.0
385.0
285.0
365.0
285.0
335.0
285.0
335.0
265.0
315.0
265.0
315.0
285.0
315.0
315.0
315.0
335.0
335.0
335.0
335.0
315.0
365.0
315.0
385.0
315.0
385.0
335.0
365.0
335.0
365.0
365.0
385.0
365.0
385.0
385.0
365.0
385.0
335.0
385.0
335.0
365.0
315.0
365.0
315.0
385.0
285.0
385.0
265.0
385.0
265.0
365.0
285.0
365.0
285.0
335.0
285.0
315.0
265.0
315.0
265.0
335.0
235.0
335.0
235.0
315.0
215.0
315.0
215.0
335.0
215.0
365.0
235.0
365.0
235.0
385.0
215.00002
385.0
185.00002
385.0
185.0
365.0
165.0
365.0
165.0
385.0
135.0
385.0
115.00001
385.0
115.00001
365.0
135.0
365.0
135.0
335.0
115.00001
335.0
115.00001
315.0
135.0
315.0
165.0
315.0
165.0
335.0
185.0
335.0
185.0
315.0
185.0
285.0
165.0
285.0
165.0
265.0
185.0
265.0
185.0
235.0
185.0
215.0
165.0
215.0
165.0
235.0
135.0
235.0
135.0
215.0
115.0
215.0
115.0
235.0
115.0
265.0
135.0
265.0
135.0
285.0
115.00001
285.0
85.00001
285.0
65.0
285.0
65.0
265.0
85.0
265.0
85.0
235.0
85.0
215.0
65.0
215.0
65.0
235.0
35.0
235.0
35.0
215.0
15.0
215.00002
15.0
235.0
15.0
265.0
35.0
265.0
35.0
285.0
15.0
285.0
15.0
315.0
15.0
335.0
35.0
335.0
35.0
315.0
65.0
315.0
85.00001
315.0
85.00001
335.0
65.0
335.0
65.0
365.0
85.00001
365.0
85.00001
385.0
65.000015
385.0
35.000015
385.0
35.000004
365.0
15.000004
365.0
15.000015
385.0
14.999994
415.0
34.999996
415.0
34.999996
435.0
15.0
435.0
15.0
465.0
15.0
485.0
35.0
485.0
35.0
465.0
65.0
465.0
65.0
485.0
85.0
485.0
85.0
465.0
85.0
435.0
65.0
435.0
65.0
415.0
85.0
415.0
115.0
415.0
115.0
435.0
135.0
435.0
135.0
415.0
165.0
415.0
185.0
415.0
185.0
435.0
165.0
435.0
165.0
465.0
185.0
465.0
185.0
485.0
165.0
485.0
135.0
485.0
135.0
465.0
115.0
465.0
115.0
485.0
115.0
515.0
115.0
535.0
135.0
535.0
135.0
515.0
165.0
515.0
185.0
515.0
185.0
535.0
165.0
535.0
165.0
565.0
185.0
565.0
185.0
585.0
165.0
585.0
135.0
585.0
135.0
565.0
115.0
565.0
115.0
585.0
85.0
585.0
65.0
585.0
65.0
565.0
85.0
565.0
85.0
535.0
85.0
515.0
65.0
515.0
65.0
535.0
35.0
535.0
35.0
515.0
15.0
515.0
15.0
535.0
15.0
565.0
35.000004
565.0
35.000004
585.0
15.000007
585.0
15.0
615.0
15.0
635.0
35.0
635.0
35.0
615.0
65.0
615.0
85.0
615.0
85.0
635.0
65.0
635.0
65.0
665.0
85.0
665.0
85.0
685.0
65.0
685.0
35.0
685.0
35.0
665.0
15.000001
665.0
15.000001
685.0
15.0
715.0
35.0
715.0
35.0
735.0
15.000002
735.0
15.0
765.0
15.0
785.0
35.0
785.0
35.0
765.0
65.0
765.0
65.0
785.0
85.0
785.0
85.0
765.0
85.0
735.0
65.0
735.0
65.0
715.0
85.0
715.0
115.0
715.0
135.0
715.0
135.0
735.0
115.0
735.0
115.0
765.0
115.0
785.0
135.0
785.0
135.0
765.0
165.0
765.0
165.0
785.0
185.0
785.0
185.0
765.0
185.0
735.0
165.0
735.0
165.0
715.0
185.0
715.0
185.0
685.0
185.0
665.0
165.0
665.0
165.0
685.0
135.0
685.0
115.0
685.0
115.0
665.0
135.0
665.0
135.0
635.0
115.0
635.0
115.0
615.0
135.0
615.0
165.0
615.0
165.0
635.0
185.0
635.0
185.0
615.0
215.0
615.0
215.0
635.0
235.0
635.0
235.0
615.0
265.0
615.0
285.0
615.0
285.0
635.0
265.0
635.0
265.0
665.0
285.0
665.0
285.0
685.0
265.0
685.0
235.0
685.0
235.0
665.0
215.0
665.0
215.0
685.0
215.0
715.0
235.0
715.0
235.0
735.0
215.0
735.0
215.0
765.0
215.0
785.0
235.0
785.0
235.0
765.0
265.0
765.0
265.0
785.0
285.0
785.0
285.0
765.0
285.0
735.0
265.0
735.0
265.0
715.0
285.0
715.0
315.0
715.0
335.0
715.0
335.0
735.0
315.0
735.0
315.0
765.0
315.0
785.0
335.0
785.0
335.0
765.0
365.0
765.0
365.0
785.0
385.0
785.0
385.0
765.0
385.0
735.0
365.0
735.0
365.0
715.0
385.0
715.0
385.0
685.0
385.0
665.0
365.0
665.0
365.0
685.0
335.0
685.0
315.0
685.0
315.0
665.0
335.0
665.0
335.0
635.0
315.0
635.0
315.0
615.0
335.0
615.0
365.0
615.0
365.0
635.0
385.0
635.0
385.0
615.0
385.0
585.0
365.0
585.0
365.0
565.0
385.0
565.0
385.0
535.0
385.0
515.0
365.0
515.0
365.0
535.0
335.0
535.0
335.0
515.0
315.0
515.0
315.0
535.0
315.0
565.0
335.0
565.0
335.0
585.0
315.0
585.0
285.0
585.0
285.0
565.0
265.0
565.0
265.0
585.0
235.0
585.0
215.0
585.0
215.0
565.0
235.0
565.0
235.0
535.0
215.0
535.0
215.0
515.0
235.0
515.0
265.0
515.0
265.0
535.0
285.0
535.0
285.0
515.0
285.0
485.0
285.0
465.0
265.0
465.0
265.0
485.0
235.0
485.0
215.0
485.0
215.0
465.0
235.0
465.0
235.0
435.0
215.0
435.0
215.0
415.0
235.0
415.0
265.0
415.0
265.0
435.0
285.0
435.0
285.0
415.0
315.0
415.0
335.0
415.0
335.0
435.0
315.0
435.0
315.0
465.0
315.0
485.0
335.0
485.0
335.0
465.0
365.0
465.0
365.0
485.0
385.0
485.0
385.0
465.0
385.0
435.0
365.0
435.0
365.0
415.0
385.0
415.0
415.0
415.0
435.0
415.0
435.0
435.0
415.0
435.0
415.0
465.0
415.0
485.0
435.0
485.0
435.0
465.0
465.0
465.0
465.0
485.0
485.0
485.0
485.0
465.0
485.0
435.0
465.0
435.0
465.0
415.0
485.0
415.0
515.0
415.0
515.0
435.0
535.0
435.0
535.0
415.0
565.0
415.0
585.0
415.0
585.0
435.0
565.0
435.0
565.0
465.0
585.0
465.0
585.0
485.0
565.0
485.0
535.0
485.0
535.0
465.0
515.0
465.0
515.0
485.0
515.0
515.0
515.0
535.0
535.0
535.0
535.0
515.0
565.0
515.0
585.0
515.0
585.0
535.0
565.0
535.0
565.0
565.0
585.0
565.0
585.0
585.0
565.0
585.0
535.0
585.0
535.0
565.0
515.0
565.0
515.0
585.0
485.0
585.0
465.0
585.0
465.0
565.0
485.0
565.0
485.0
535.0
485.0
515.0
465.0
515.0
465.0
535.0
435.0
535.0
435.0
515.0
415.0
515.0
415.0
535.0
415.0
565.0
435.0
565.0
435.0
585.0
415.0
585.0
415.0
615.0
415.0
635.0
435.0
635.0
435.0
615.0
465.0
615.0
485.0
615.0
485.0
635.0
465.0
635.0
465.0
665.0
485.0
665.0
485.0
685.0
465.0
685.0
435.0
685.0
435.0
665.0
415.0
665.0
415.0
685.0
415.0
715.0
435.0
715.0
435.0
735.0
415.0
735.0
415.0
765.0
415.0
785.0
435.0
785.0
435.0
765.0
465.0
765.0
465.0
785.0
485.0
785.0
485.0
765.0
485.0
735.0
465.0
735.0
465.0
715.0
485.0
715.0
515.0
715.0
535.0
715.0
535.0
735.0
515.0
735.0
515.0
765.0
515.0
785.0
535.0
785.0
535.0
765.0
565.0
765.0
565.0
785.0
585.0
785.0
585.0
765.0
585.0
735.0
565.0
735.0
565.0
715.0
585.0
715.0
585.0
685.0
585.0
665.0
565.0
665.0
565.0
685.0
535.0
685.0
515.0
685.0
515.0
665.0
535.0
665.0
535.0
635.0
515.0
635.0
515.0
615.0
535.0
615.0
565.0
615.0
565.0
635.0
585.0
635.0
585.0
615.0
615.0
615.0
615.0
635.0
635.0
635.0
635.0
615.0
665.0
615.0
685.0
615.0
685.0
635.0
665.0
635.0
665.0
665.0
685.0
665.0
685.0
685.0
665.0
685.0
635.0
685.0
635.0
665.0
615.0
665.0
615.0
685.0
615.0
715.0
635.0
715.0
635.0
735.0
615.0
735.0
615.0
765.0
615.0
785.0
635.0
785.0
635.0
765.0
665.0
765.0
665.0
785.0
685.0
785.0
685.0
765.0
685.0
735.0
665.0
735.0
665.0
715.0
685.0
715.0
715.0
715.0
735.0
715.0
735.0
735.0
715.0
735.0
715.0
765.0
715.0
785.0
735.0
785.0
735.0
765.0
765.0
765.0
765.0
785.0
785.0
785.0
785.0
765.0
785.0
735.0
765.0
735.0
765.0
715.0
785.0
715.0
785.0
685.0
785.0
665.0
765.0
665.0
765.0
685.0
735.0
685.0
715.0
685.0
715.0
665.0
735.0
665.0
735.0
635.0
715.0
635.0
715.0
615.0
735.0
615.0
765.0
615.0
765.0
635.0
785.0
635.0
785.0
615.0
785.0
585.0
765.0
585.0
765.0
565.0
785.0
565.0
785.0
535.0
785.0
515.0
765.0
515.0
765.0
535.0
735.0
535.0
735.0
515.0
715.0
515.0
715.0
535.0
715.0
565.0
735.0
565.0
735.0
585.0
715.0
585.0
685.0
585.0
685.0
565.0
665.0
565.0
665.0
585.0
635.0
585.0
615.0
585.0
615.0
565.0
635.0
565.0
635.0
535.0
615.0
535.0
615.0
515.0
635.0
515.0
665.0
515.0
665.0
535.0
685.0
535.0
685.0
515.0
685.0
485.0
685.0
465.0
665.0
465.0
665.0
485.0
635.0
485.0
615.0
485.0
615.0
465.0
635.0
465.0
635.0
435.0
615.0
435.0
615.0
415.0
635.0
415.0
665.0
415.0
665.0
435.0
685.0
435.0
685.0
415.0
715.0
415.0
735.0
415.0
735.0
435.0
715.0
435.0
715.0
465.0
715.0
485.0
735.0
485.0
735.0
465.0
765.0
465.0
765.0
485.0
785.0
485.0
785.0
465.0
785.0
435.0
765.0
435.0
765.0
415.0
785.0
415.0
785.0
385.0
785.0
365.0
765.0
365.0
765.0
385.0
735.0
385.0
715.0
385.0
715.0
365.0
735.0
365.0
735.0
335.0
715.0
335.0
715.0
315.0
735.0
315.0
765.0
315.0
765.0
335.0
785.0
335.0
785.0
315.0
785.0
285.0
765.0
285.0
765.0
265.0
785.0
265.0
785.0
235.0
785.0
215.00002
765.0
215.0
765.0
235.0
735.0
235.0
735.0
215.0
715.0
215.0
715.0
235.0
715.0
265.0
735.0
265.0
735.0
285.0
715.0
285.0
685.0
285.0
665.0
285.0
665.0
265.0
685.0
265.0
685.0
235.0
685.0
215.0
665.0
215.0
665.0
235.0
635.0
235.0
635.0
215.0
615.0
215.0
615.0
235.0
615.0
265.0
635.0
265.0
635.0
285.0
615.0
285.0
615.0
315.0
615.0
335.0
635.0
335.0
635.0
315.0
665.0
315.0
685.0
315.0
685.0
335.0
665.0
335.0
665.0
365.0
685.0
365.0
685.0
385.0
665.0
385.0
635.0
385.0
635.0
365.0
615.0
365.0
615.0
385.0
585.0
385.0
565.0
385.0
565.0
365.0
585.0
365.0
585.0
335.0
585.0
315.0
565.0
315.0
565.0
335.0
535.0
335.0
535.0
315.0
515.0
315.0
515.0
335.0
515.0
365.0
535.0
365.0
535.0
385.0
515.0
385.0
485.0
385.0
485.0
365.0
465.0
365.0
465.0
385.0
435.0
385.0
415.0
385.0
415.0
365.0
435.0
365.0
435.0
335.0
415.0
335.0
415.0
315.0
435.0
315.0
465.0
315.0
465.0
335.0
485.0
335.0
485.0
315.0
485.0
285.0
485.0
265.0
465.0
265.0
465.0
285.0
435.0
285.0
415.0
285.0
415.0
265.0
435.0
265.0
435.0
235.0
415.0
235.0
415.0
214.99998
435.0
215.0
465.0
215.0
465.0
235.0
485.0
235.0
485.0
215.0
515.0
215.0
535.0
215.0
535.0
235.0
515.0
235.0
515.0
265.0
515.0
285.0
535.0
285.0
535.0
265.0
565.0
265.0
565.0
285.0
585.0
285.0
585.0
265.0
585.0
235.0
565.0
235.0
565.0
215.0
585.0
215.0
585.0
185.0
565.0
185.0
565.0
165.0
585.0
165.0
585.0
135.0
585.0
115.0
565.0
115.0
565.0
135.0
535.0
135.0
535.0
115.0
515.0
114.99999
515.0
135.0
515.0
165.0
535.0
165.0
535.0
185.0
515.0
185.0
485.0
185.0
485.0
165.0
465.0
165.0
465.0
185.0
435.0
185.0
415.0
184.99998
415.0
165.0
435.0
165.0
435.0
135.0
415.0
135.0
415.0
114.99999
435.0
114.99999
465.0
114.99999
465.0
135.0
485.0
135.0
485.0
114.99999
485.0
84.99999
485.0
65.0
465.0
65.0
465.0
84.99999
435.0
84.99999
415.0
84.99999
415.0
64.999985
435.0
65.0
435.0
34.999996
415.0
34.999985
415.0
14.999985
435.0
14.999998
465.0
15.0
465.0
35.0
485.0
35.0
485.0
15.0
515.0
15.0
535.0
15.0
535.0
35.0
515.0
35.0
515.0
65.0
515.0
84.99999
535.0
85.0
535.0
65.0
565.0
65.0
565.0
85.0
585.0
85.0
585.0
65.0
585.0
35.0
565.0
35.0
565.0
15.0
585.0
15.0
615.0
15.0
615.0
35.0
635.0
35.0
635.0
15.0
665.0
15.0
685.0
15.0
685.0
35.0
665.0
35.0
665.0
65.0
685.0
65.0
685.0
85.00001
665.0
85.0
635.0
85.0
635.0
65.0
615.0
65.0
615.0
85.0
615.0
115.0
635.0
115.0
635.0
135.0
615.0
135.0
615.0
165.0
615.0
185.0
635.0
185.0
635.0
165.0
665.0
165.0
665.0
185.0
685.0
185.0
685.0
165.0
685.0
135.0
665.0
135.0
665.0
115.0
685.0
115.00001
715.0
115.00001
735.0
115.00001
735.0
135.0
715.0
135.0
715.0
165.0
715.0
185.0
735.0
185.0
735.0
165.0
765.0
165.0
765.0
185.0
785.0
185.00002
785.0
165.0
785.0
135.0
765.0
135.0
765.0
115.00001
785.0
115.00001
785.0
85.00001
785.0
65.000015
765.0
65.0
765.0
85.00001
735.0
85.00001
715.0
85.00001
715.0
65.0
735.0
65.0
735.0
35.0
715.0
35.0
715.0
15.0
735.0
15.0
765.0
15.000004
765.0
35.000004
785.0
35.000015
785.0
15.000015
785.0
25.000015
785.0
15.000015
785.0
25.000015
785.0
15.000015
785.0
25.000015
