12.49999
22.500015
12.499985
12.500015
12.49999
22.500015
12.499985
12.500015
12.49999
22.500015
12.499985
12.500015
12.5
37.500015
37.5
37.5
37.499985
12.5
62.499985
12.5
87.49999
12.5
87.49999
37.5
62.5
37.5
62.5
62.5
87.49999
62.5
87.49999
87.50001
62.5
87.50001
37.5
87.50001
37.5
62.5
12.5
62.500015
12.5
87.50001
12.5
112.50001
37.5
112.50001
37.5
137.5
12.5
137.5
12.5
162.5
12.5
187.50002
37.5
187.5
37.5
162.5
62.5
162.5
62.5
187.5
87.5
187.5
87.5
162.5
87.5
137.5
62.5
137.5
62.5
112.50001
87.49999
112.50001
112.49999
112.50001
137.5
112.5
137.5
137.5
112.5
137.5
112.5
162.5
112.5
187.5
137.5
187.5
137.5
162.5
162.5
162.5
162.5
187.5
187.5
187.5
187.5
162.5
187.5
137.5
162.5
137.5
162.5
112.5
187.5
112.5
187.5
87.5
187.5
62.5
162.5
62.5
162.5
87.5
137.5
87.5
112.49999
87.50001
112.49999
62.5
137.5
62.5
137.5
37.5
112.49999
37.5
112.49999
12.5
137.5
12.5
162.5
12.5
162.5
37.5
187.5
37.5
187.49998
12.5
212.49998
12.5
237.5
12.5
237.5
37.5
212.5
37.5
212.5
62.5
212.5
87.5
237.5
87.5
237.5
62.5
262.5
62.5
262.5
87.5
287.5
87.49999
287.5
62.5
287.5
37.5
262.5
37.5
262.5
12.5
287.5
12.5
312.5
12.5
312.5
37.5
337.5
37.5
337.5
12.5
362.5
12.5
387.5
12.499985
387.5
37.499985
362.5
37.5
362.5
62.5
387.5
62.499985
387.5
87.49999
362.5
87.49999
337.5
87.49999
337.5
62.5
312.5
62.5
312.5
87.49999
312.5
112.49999
312.5
137.5
337.5
137.5
337.5
112.49999
362.5
112.49999
387.5
112.49999
387.5
137.5
362.5
137.5
362.5
162.5
387.5
162.5
387.5
187.49998
362.5
187.5
337.5
187.5
337.5
162.5
312.5
162.5
312.5
187.5
287.5
187.5
262.5
187.5
262.5
162.5
287.5
162.5
287.5
137.5
287.5
112.49999
262.5
112.5
262.5
137.5
237.5
137.5
237.5
112.5
212.5
112.5
212.5
137.5
212.5
162.5
237.5
162.5
237.5
187.5
212.5
187.5
212.5
212.5
237.5
212.5
237.5
237.5
212.5
237.5
212.5
262.5
212.5
287.5
237.5
287.5
237.5
262.5
262.5
262.5
262.5
287.5
287.5
287.5
287.5
262.5
287.5
237.5
262.5
237.5
262.5
212.5
287.5
212.5
312.5
212.5
312.5
237.5
337.5
237.5
337.5
212.5
362.5
212.5
387.5
212.49998
387.5
237.5
362.5
237.5
362.5
262.5
387.5
262.5
387.5
287.5
362.5
287.5
337.5
287.5
337.5
262.5
312.5
262.5
312.5
287.5
312.5
312.5
312.5
337.5
337.5
337.5
337.5
312.5
362.5
312.5
387.5
312.5
387.5
337.5
362.5
337.5
362.5
362.5
387.5
362.5
387.5
387.5
362.5
387.5
337.5
387.5
337.5
362.5
312.5
362.5
312.5
387.5
287.5
387.5
262.5
387.5
262.5
362.5
287.5
362.5
287.5
337.5
287.5
312.5
262.5
312.5
262.5
337.5
237.5
337.5
237.5
312.5
212.5
312.5
212.5
337.5
212.5
362.5
237.5
362.5
237.5
387.5
212.50002
387.5
187.50002
387.5
187.5
362.5
162.5
362.5
162.5
387.5
137.5
387.5
112.50001
387.5
112.50001
362.5
137.5
362.5
137.5
337.5
112.50001
337.5
112.50001
312.5
137.5
312.5
162.5
312.5
162.5
337.5
187.5
337.5
187.5
312.5
187.5
287.5
162.5
287.5
162.5
262.5
187.5
262.5
187.5
237.5
187.5
212.5
162.5
212.5
162.5
237.5
137.5
237.5
137.5
212.5
112.5
212.5
112.5
237.5
112.5
262.5
137.5
262.5
137.5
287.5
112.50001
287.5
87.50001
287.5
62.5
287.5
62.5
262.5
87.5
262.5
87.5
237.5
87.5
212.5
62.5
212.5
62.5
237.5
37.5
237.5
37.5
212.5
12.5
212.50002
12.5
237.5
12.5
262.5
37.5
262.5
37.5
287.5
12.5
287.5
12.5
312.5
12.5
337.5
37.5
337.5
37.5
312.5
62.5
312.5
87.50001
312.5
87.50001
337.5
62.5
337.5
62.5
362.5
87.50001
362.5
87.50001
387.5
62.500015
387.5
37.500015
387.5
37.5
362.5
12.5
362.5
12.500015
387.5
12.499992
412.5
37.499996
412.5
37.499996
437.5
12.5
437.5
12.5
462.5
12.5
487.5
37.5
487.5
37.5
462.5
62.5
462.5
62.5
487.5
87.5
487.5
87.5
462.5
87.5
437.5
62.499996
437.5
62.499996
412.5
87.5
412.5
112.5
412.5
112.5
437.5
137.5
437.5
137.5
412.5
162.5
412.5
187.5
412.5
187.5
437.5
162.5
437.5
162.5
462.5
187.5
462.5
187.5
487.5
162.5
487.5
137.5
487.5
137.5
462.5
112.5
462.5
112.5
487.5
112.5
512.5
112.5
537.5
137.5
537.5
137.5
512.5
162.5
512.5
187.5
512.5
187.5
537.5
162.5
537.5
162.5
562.5
187.5
562.5
187.5
587.5
162.5
587.5
137.5
587.5
137.5
562.5
112.5
562.5
112.5
587.5
87.5
587.5
62.500004
587.5
62.500004
562.5
87.5
562.5
87.5
537.5
87.5
512.5
62.5
512.5
62.5
537.5
37.5
537.5
37.5
512.5
12.5
512.5
12.5
537.5
12.5
562.5
37.500004
562.5
37.500004
587.5
12.500008
587.5
12.5
612.5
12.5
637.5
37.5
637.5
37.5
612.5
62.5
612.5
87.5
612.5
87.5
637.5
62.5
637.5
62.5
662.5
87.5
662.5
87.5
687.5
62.5
687.5
37.5
687.5
37.5
662.5
12.5
662.5
12.5
687.5
12.499999
712.5
37.5
712.5
37.5
737.5
12.500001
737.5
12.5
762.5
12.5
787.5
37.5
787.5
37.5
762.5
62.5
762.5
62.5
787.5
87.5
787.5
87.5
762.5
87.5
737.5
62.5
737.5
62.5
712.5
87.5
712.5
112.5
712.5
137.5
712.5
137.5
737.5
112.5
737.5
112.5
762.5
112.5
787.5
137.5
787.5
137.5
762.5
162.5
762.5
162.5
787.5
187.5
787.5
187.5
762.5
187.5
737.5
162.5
737.5
162.5
712.5
187.5
712.5
187.5
687.5
187.5
662.5
162.5
662.5
162.5
687.5
137.5
687.5
112.5
687.5
112.5
662.5
137.5
662.5
137.5
637.5
112.5
637.5
112.5
612.5
137.5
612.5
162.5
612.5
162.5
637.5
187.5
637.5
187.5
612.5
212.5
612.5
212.5
637.5
237.5
637.5
237.5
612.5
262.5
612.5
287.5
612.5
287.5
637.5
262.5
637.5
262.5
662.5
287.5
662.5
287.5
687.5
262.5
687.5
237.5
687.5
237.5
662.5
212.5
662.5
212.5
687.5
212.5
712.5
237.5
712.5
237.5
737.5
212.5
737.5
212.5
762.5
212.5
787.5
237.5
787.5
237.5
762.5
262.5
762.5
262.5
787.5
287.5
787.5
287.5
762.5
287.5
737.5
262.5
737.5
262.5
712.5
287.5
712.5
312.5
712.5
337.5
712.5
337.5
737.5
312.5
737.5
312.5
762.5
312.5
787.5
337.5
787.5
337.5
762.5
362.5
762.5
362.5
787.5
387.5
787.5
387.5
762.5
387.5
737.5
362.5
737.5
362.5
712.5
387.5
712.5
387.5
687.5
387.5
662.5
362.5
662.5
362.5
687.5
337.5
687.5
312.5
687.5
312.5
662.5
337.5
662.5
337.5
637.5
312.5
637.5
312.5
612.5
337.5
612.5
362.5
612.5
362.5
637.5
387.5
637.5
387.5
612.5
387.5
587.5
362.5
587.5
362.5
562.5
387.5
562.5
387.5
537.5
387.5
512.5
362.5
512.5
362.5
537.5
337.5
537.5
337.5
512.5
312.5
512.5
312.5
537.5
312.5
562.5
337.5
562.5
337.5
587.5
312.5
587.5
287.5
587.5
287.5
562.5
262.5
562.5
262.5
587.5
237.5
587.5
212.5
587.5
212.5
562.5
237.5
562.5
237.5
537.5
212.5
537.5
212.5
512.5
237.5
512.5
262.5
512.5
262.5
537.5
287.5
537.5
287.5
512.5
287.5
487.5
287.5
462.5
262.5
462.5
262.5
487.5
237.5
487.5
212.5
487.5
212.5
462.5
237.5
462.5
237.5
437.5
212.5
437.5
212.5
412.5
237.5
412.5
262.5
412.5
262.5
437.5
287.5
437.5
287.5
412.5
312.5
412.5
337.5
412.5
337.5
437.5
312.5
437.5
312.5
462.5
312.5
487.5
337.5
487.5
337.5
462.5
362.5
462.5
362.5
487.5
387.5
487.5
387.5
462.5
387.5
437.5
362.5
437.5
362.5
412.5
387.5
412.5
412.5
412.5
437.5
412.5
437.5
437.5
412.5
437.5
412.5
462.5
412.5
487.5
437.5
487.5
437.5
462.5
462.5
462.5
462.5
487.5
487.5
487.5
487.5
462.5
487.5
437.5
462.5
437.5
462.5
412.5
487.5
412.5
512.5
412.5
512.5
437.5
537.5
437.5
537.5
412.5
562.5
412.5
587.5
412.5
587.5
437.5
562.5
437.5
562.5
462.5
587.5
462.5
587.5
487.5
562.5
487.5
537.5
487.5
537.5
462.5
512.5
462.5
512.5
487.5
512.5
512.5
512.5
537.5
537.5
537.5
537.5
512.5
562.5
512.5
587.5
512.5
587.5
537.5
562.5
537.5
562.5
562.5
587.5
562.5
587.5
587.5
562.5
587.5
537.5
587.5
537.5
562.5
512.5
562.5
512.5
587.5
487.5
587.5
462.5
587.5
462.5
562.5
487.5
562.5
487.5
537.5
487.5
512.5
462.5
512.5
462.5
537.5
437.5
537.5
437.5
512.5
412.5
512.5
412.5
537.5
412.5
562.5
437.5
562.5
437.5
587.5
412.5
587.5
412.5
612.5
412.5
637.5
437.5
637.5
437.5
612.5
462.5
612.5
487.5
612.5
487.5
637.5
462.5
637.5
462.5
662.5
487.5
662.5
487.5
687.5
462.5
687.5
437.5
687.5
437.5
662.5
412.5
662.5
412.5
687.5
412.5
712.5
437.5
712.5
437.5
737.5
412.5
737.5
412.5
762.5
412.5
787.5
437.5
787.5
437.5
762.5
462.5
762.5
462.5
787.5
487.5
787.5
487.5
762.5
487.5
737.5
462.5
737.5
462.5
712.5
487.5
712.5
512.5
712.5
537.5
712.5
537.5
737.5
512.5
737.5
512.5
762.5
512.5
787.5
537.5
787.5
537.5
762.5
562.5
762.5
562.5
787.5
587.5
787.5
587.5
762.5
587.5
737.5
562.5
737.5
562.5
712.5
587.5
712.5
587.5
687.5
587.5
662.5
562.5
662.5
562.5
687.5
537.5
687.5
512.5
687.5
512.5
662.5
537.5
662.5
537.5
637.5
512.5
637.5
512.5
612.5
537.5
612.5
562.5
612.5
562.5
637.5
587.5
637.5
587.5
612.5
612.5
612.5
612.5
637.5
637.5
637.5
637.5
612.5
662.5
612.5
687.5
612.5
687.5
637.5
662.5
637.5
662.5
662.5
687.5
662.5
687.5
687.5
662.5
687.5
637.5
687.5
637.5
662.5
612.5
662.5
612.5
687.5
612.5
712.5
637.5
712.5
637.5
737.5
612.5
737.5
612.5
762.5
612.5
787.5
637.5
787.5
637.5
762.5
662.5
762.5
662.5
787.5
687.5
787.5
687.5
762.5
687.5
737.5
662.5
737.5
662.5
712.5
687.5
712.5
712.5
712.5
737.5
712.5
737.5
737.5
712.5
737.5
712.5
762.5
712.5
787.5
737.5
787.5
737.5
762.5
762.5
762.5
762.5
787.5
787.5
787.5
787.5
762.5
787.5
737.5
762.5
737.5
762.5
712.5
787.5
712.5
787.5
687.5
787.5
662.5
762.5
662.5
762.5
687.5
737.5
687.5
712.5
687.5
712.5
662.5
737.5
662.5
737.5
637.5
712.5
637.5
712.5
612.5
737.5
612.5
762.5
612.5
762.5
637.5
787.5
637.5
787.5
612.5
787.5
587.5
762.5
587.5
762.5
562.5
787.5
562.5
787.5
537.5
787.5
512.5
762.5
512.5
762.5
537.5
737.5
537.5
737.5
512.5
712.5
512.5
712.5
537.5
712.5
562.5
737.5
562.5
737.5
587.5
712.5
587.5
687.5
587.5
687.5
562.5
662.5
562.5
662.5
587.5
637.5
587.5
612.5
587.5
612.5
562.5
637.5
562.5
637.5
537.5
612.5
537.5
612.5
512.5
637.5
512.5
662.5
512.5
662.5
537.5
687.5
537.5
687.5
512.5
687.5
487.5
687.5
462.5
662.5
462.5
662.5
487.5
637.5
487.5
612.5
487.5
612.5
462.5
637.5
462.5
637.5
437.5
612.5
437.5
612.5
412.5
637.5
412.5
662.5
412.5
662.5
437.5
687.5
437.5
687.5
412.5
712.5
412.5
737.5
412.5
737.5
437.5
712.5
437.5
712.5
462.5
712.5
487.5
737.5
487.5
737.5
462.5
762.5
462.5
762.5
487.5
787.5
487.5
787.5
462.5
787.5
437.5
762.5
437.5
762.5
412.5
787.5
412.5
787.5
387.5
787.5
362.5
762.5
362.5
762.5
387.5
737.5
387.5
712.5
387.5
712.5
362.5
737.5
362.5
737.5
337.5
712.5
337.5
712.5
312.5
737.5
312.5
762.5
312.5
762.5
337.5
787.5
337.5
787.5
312.5
787.5
287.5
762.5
287.5
762.5
262.5
787.5
262.5
787.5
237.5
787.5
212.50002
762.5
212.5
762.5
237.5
737.5
237.5
737.5
212.5
712.5
212.5
712.5
237.5
712.5
262.5
737.5
262.5
737.5
287.5
712.5
287.5
687.5
287.5
662.5
287.5
662.5
262.5
687.5
262.5
687.5
237.5
687.5
212.5
662.5
212.5
662.5
237.5
637.5
237.5
637.5
212.5
612.5
212.5
612.5
237.5
612.5
262.5
637.5
262.5
637.5
287.5
612.5
287.5
612.5
312.5
612.5
337.5
637.5
337.5
637.5
312.5
662.5
312.5
687.5
312.5
687.5
337.5
662.5
337.5
662.5
362.5
687.5
362.5
687.5
387.5
662.5
387.5
637.5
387.5
637.5
362.5
612.5
362.5
612.5
387.5
587.5
387.5
562.5
387.5
562.5
362.5
587.5
362.5
587.5
337.5
587.5
312.5
562.5
312.5
562.5
337.5
537.5
337.5
537.5
312.5
512.5
312.5
512.5
337.5
512.5
362.5
537.5
362.5
537.5
387.5
512.5
387.5
487.5
387.5
487.5
362.5
462.5
362.5
462.5
387.5
437.5
387.5
412.5
387.5
412.5
362.5
437.5
362.5
437.5
337.5
412.5
337.5
412.5
312.5
437.5
312.5
462.5
312.5
462.5
337.5
487.5
337.5
487.5
312.5
487.5
287.5
487.5
262.5
462.5
262.5
462.5
287.5
437.5
287.5
412.5
287.5
412.5
262.5
437.5
262.5
437.5
237.5
412.5
237.5
412.5
212.49998
437.5
212.5
462.5
212.5
462.5
237.5
487.5
237.5
487.5
212.5
512.5
212.5
537.5
212.5
537.5
237.5
512.5
237.5
512.5
262.5
512.5
287.5
537.5
287.5
537.5
262.5
562.5
262.5
562.5
287.5
587.5
287.5
587.5
262.5
587.5
237.5
562.5
237.5
562.5
212.5
587.5
212.5
587.5
187.5
562.5
187.5
562.5
162.5
587.5
162.5
587.5
137.5
587.5
112.5
562.5
112.5
562.5
137.5
537.5
137.5
537.5
112.5
512.5
112.49999
512.5
137.5
512.5
162.5
537.5
162.5
537.5
187.5
512.5
187.5
487.5
187.5
487.5
162.5
462.5
162.5
462.5
187.5
437.5
187.5
412.5
187.49998
412.5
162.5
437.5
162.5
437.5
137.5
412.5
137.5
412.5
112.49999
437.5
112.49999
462.5
112.49999
462.5
137.5
487.5
137.5
487.5
112.49999
487.5
87.49999
487.5
62.5
462.5
62.5
462.5
87.49999
437.5
87.49999
412.5
87.49999
412.5
62.499985
437.5
62.5
437.5
37.5
412.5
37.499985
412.5
12.499985
437.5
12.5
462.5
12.5
462.5
37.5
487.5
37.5
487.5
12.5
512.5
12.5
537.5
12.5
537.5
37.5
512.5
37.5
512.5
62.5
512.5
87.49999
537.5
87.5
537.5
62.5
562.5
62.5
562.5
87.5
587.5
87.5
587.5
62.5
587.5
37.5
562.5
37.5
562.5
12.5
587.5
12.5
612.5
12.5
612.5
37.5
637.5
37.5
637.5
12.5
662.5
12.5
687.5
12.5
687.5
37.5
662.5
37.5
662.5
62.5
687.5
62.5
687.5
87.50001
662.5
87.5
637.5
87.5
637.5
62.5
612.5
62.5
612.5
87.5
612.5
112.5
637.5
112.5
637.5
137.5
612.5
137.5
612.5
162.5
612.5
187.5
637.5
187.5
637.5
162.5
662.5
162.5
662.5
187.5
687.5
187.5
687.5
162.5
687.5
137.5
662.5
137.5
662.5
112.5
687.5
112.50001
712.5
112.50001
737.5
112.50001
737.5
137.5
712.5
137.5
712.5
162.5
712.5
187.5
737.5
187.5
737.5
162.5
762.5
162.5
762.5
187.5
787.5
187.50002
787.5
162.5
787.5
137.5
762.5
137.5
762.5
112.50001
787.5
112.50001
787.5
87.50001
787.5
62.500015
762.5
62.5
762.5
87.50001
737.5
87.50001
712.5
87.50001
712.5
62.5
737.5
62.5
737.5
37.5
712.5
37.5
712.5
12.5
737.5
12.5
762.5
12.5
762.5
37.5
787.5
37.500015
787.5
12.500015
787.5
22.500015
787.5
12.500015
787.5
22.500015
787.5
12.500015
787.5
22.500015
