89.99999
100.0
89.99999
90.0
89.99999
100.0
89.99999
90.0
89.99999
100.0
89.99999
90.0
89.99999
110.00001
110.0
110.00001
110.0
90.0
290.0
89.99999
310.0
89.99999
310.0
110.0
290.0
110.0
290.0
290.0
310.0
290.0
310.0
310.0
290.0
310.0
110.00001
310.0
110.00001
290.0
90.0
290.0
90.0
310.0
90.0
490.0
110.0
490.0
110.0
510.0
90.0
510.0
90.0
690.0
90.0
710.0
110.0
710.0
110.0
690.0
290.0
690.0
290.0
710.0
310.0
710.0
310.0
690.0
310.0
510.0
290.0
510.0
290.0
490.0
310.0
490.0
490.0
490.0
510.0
490.0
510.0
510.0
490.0
510.0
490.0
690.0
490.0
710.0
510.0
710.0
510.0
690.0
690.0
690.0
690.0
710.0
710.0
710.0
710.0
690.0
710.0
510.0
690.0
510.0
690.0
490.0
710.0
490.0
710.0
310.0
710.0
290.0
690.0
290.0
690.0
310.0
510.0
310.0
490.0
310.0
490.0
290.0
510.0
290.0
510.0
110.0
490.0
110.0
490.0
89.99999
510.0
89.99999
690.0
90.0
690.0
110.00001
710.0
110.00001
710.0
90.0
710.0
100.0
710.0
90.0
710.0
100.0
710.0
90.0
710.0
100.0
