80.0
90.00001
80.0
80.00001
80.0
90.00001
80.0
80.00001
80.0
90.00001
80.0
80.00001
80.0
120.0
119.99999
120.0
119.99999
80.00001
280.0
80.0
320.0
80.0
320.0
119.99999
280.0
119.99999
280.0
280.0
320.0
280.0
320.0
320.0
280.0
320.0
120.0
320.0
120.0
280.0
80.00001
280.0
80.00001
320.0
80.0
480.0
120.0
480.0
120.0
520.0
80.0
520.0
80.0
680.0
80.0
720.0
120.0
720.0
120.0
680.0
280.0
680.0
280.0
720.0
320.0
720.0
320.0
680.0
320.0
520.0
280.0
520.0
280.0
480.0
320.0
480.0
480.0
480.0
520.0
480.0
520.0
520.0
480.0
520.0
480.0
680.0
480.0
720.0
520.0
720.0
520.0
680.0
680.0
680.0
680.0
720.0
720.0
720.0
720.0
680.0
720.0
520.0
680.0
520.0
680.0
480.0
720.0
480.0
720.0
320.0
720.0
280.0
680.0
280.0
680.0
320.0
520.0
320.0
480.0
320.0
480.0
280.0
520.0
280.0
520.0
119.99999
480.0
119.99999
480.0
80.0
520.0
80.0
680.0
80.00001
680.0
120.0
720.0
120.0
720.0
80.00001
720.0
90.00001
720.0
80.00001
720.0
90.00001
720.0
80.00001
720.0
90.00001
