70.0
80.0
70.0
70.0
70.0
80.0
70.0
70.0
70.0
80.0
70.0
70.0
70.0
130.0
130.0
130.0
130.0
70.0
270.0
70.0
330.0
70.0
330.0
130.0
270.0
130.0
270.0
270.0
330.0
270.0
330.0
330.0
270.0
330.0
130.0
330.0
130.0
270.0
70.0
270.0
70.0
330.0
70.0
470.0
130.0
470.0
130.0
530.0
70.0
530.0
70.0
670.0
70.0
730.0
130.0
730.0
130.0
670.0
270.0
670.0
270.0
730.0
330.0
730.0
330.0
670.0
330.0
530.0
270.0
530.0
270.0
470.0
330.0
470.0
470.0
470.0
530.0
470.0
530.0
530.0
470.0
530.0
470.0
670.0
470.0
730.0
530.0
730.0
530.0
670.0
670.0
670.0
670.0
730.0
730.0
730.0
730.0
670.0
730.0
530.0
670.0
530.0
670.0
470.0
730.0
470.0
730.0
330.0
730.0
270.0
670.0
270.0
670.0
330.0
530.0
330.0
470.0
330.0
470.0
270.0
530.0
270.0
530.0
130.0
470.0
130.0
470.0
70.0
530.0
70.0
670.0
70.0
670.0
130.0
730.0
130.0
730.0
70.0
730.0
80.0
730.0
70.0
730.0
80.0
730.0
70.0
730.0
80.0
