60.0
70.0
60.0
60.000004
60.0
70.0
60.0
60.000004
60.0
70.0
60.0
60.000004
60.0
140.0
140.0
140.0
140.0
60.000004
260.0
60.0
340.0
60.0
340.0
140.0
260.0
140.0
260.0
260.0
340.0
260.0
340.0
340.0
260.0
340.0
140.0
340.0
140.0
260.0
60.000004
260.0
60.000004
340.0
60.0
460.0
140.0
460.0
140.0
540.0
60.000008
540.0
60.0
660.0
60.0
740.0
140.0
740.0
140.0
660.0
260.0
660.0
260.0
740.0
340.0
740.0
340.0
660.0
340.0
540.0
260.0
540.0
260.0
460.0
340.0
460.0
460.0
460.0
540.0
460.0
540.0
540.0
460.0
540.0
460.0
660.0
460.0
740.0
540.0
740.0
540.0
660.0
660.0
660.0
660.0
740.0
740.0
740.0
740.0
660.0
740.0
540.0
660.0
540.0
660.0
460.0
740.0
460.0
740.0
340.0
740.0
260.0
660.0
260.0
660.0
340.0
540.0
340.0
460.0
340.0
460.0
260.0
540.0
260.0
540.0
140.0
460.0
140.0
460.0
60.0
540.0
60.0
660.0
60.000004
660.0
140.0
740.0
140.0
740.0
60.000004
740.0
70.0
740.0
60.000004
740.0
70.0
740.0
60.000004
740.0
70.0
